V,IGS 150,IGS 151,IGS 152
-0.6,-0.0001304383,-0.0001414167,-0.0001415583
-0.58,-7.829387000000001e-05,-9.163340000000001e-05,-8.655907e-05
-0.56,-5.464473e-05,-6.787776999999999e-05,-6.103633e-05
-0.54,-4.017193e-05,-5.280773e-05,-4.505873e-05
-0.52,-3.036857e-05,-4.202407e-05,-3.411133e-05
-0.5,-2.3304229999999998e-05,-3.389793e-05,-2.617437e-05
-0.48,-1.800417e-05,-2.7490069999999998e-05,-2.0178169999999997e-05
-0.46,-1.39161e-05,-2.2354130000000002e-05,-1.558183e-05
-0.44,-1.06446e-05,-1.81031e-05,-1.1980930000000001e-05
-0.42,-7.874963e-06,-1.465403e-05,-8.970897e-06
-0.4,-5.495943e-06,-1.164833e-05,-6.5211469999999995e-06
-0.38,-3.414553e-06,-9.132627e-06,-4.50055e-06
-0.36,-1.227456e-06,-6.881953e-06,-2.63254e-06
-0.34,3.8703280000000004e-07,-4.87566e-06,-6.763147e-07
-0.32,1.829863e-06,-3.040233e-06,5.833314999999999e-07
-0.3,3.2424930000000003e-06,-9.24668e-07,1.835427e-06
-0.28,4.462797e-06,5.169705e-07,3.1097729999999997e-06
-0.26,5.25713e-06,1.9836399999999998e-06,4.3976300000000004e-06
-0.24,6.31531e-06,3.50038e-06,5.6091930000000005e-06
-0.22,7.296403e-06,4.820027e-06,6.628833e-06
-0.2,8.119343e-06,6.020863e-06,7.622240000000001e-06
-0.18,8.851687e-06,7.1005e-06,8.645057e-06
-0.16,9.369067e-06,8.071262999999999e-06,9.392897e-06
-0.14,9.726296999999999e-06,8.93672e-06,1.0152239999999999e-05
-0.12,1.0072000000000001e-05,9.71079e-06,1.07467e-05
-0.1,1.051624e-05,1.03728e-05,1.1444900000000001e-05
-0.08,1.091283e-05,1.09621e-05,1.1951530000000001e-05
-0.06,1.114487e-05,1.1522800000000001e-05,1.239377e-05
-0.04,1.1450869999999999e-05,1.196387e-05,1.276257e-05
-0.02,1.16126e-05,1.2512600000000001e-05,1.3132470000000001e-05
0.0,1.187523e-05,1.2938169999999999e-05,1.358987e-05
0.02,1.210493e-05,1.331647e-05,1.39908e-05
0.04,1.24172e-05,1.369197e-05,1.43655e-05
0.06,1.26644e-05,1.410883e-05,1.478513e-05
0.08,1.2822570000000001e-05,1.436433e-05,1.5331899999999998e-05
0.1,1.318653e-05,1.46838e-05,1.5789669999999997e-05
0.12,1.353263e-05,1.5048200000000001e-05,1.63448e-05
0.14,1.38454e-05,1.542133e-05,1.668693e-05
0.16,1.267113e-05,1.473387e-05,1.61632e-05
0.18,1.36324e-05,1.505653e-05,1.66277e-05
0.2,1.4417170000000001e-05,1.57972e-05,1.755953e-05
0.22,1.511257e-05,1.647113e-05,1.840393e-05
0.24,1.5722899999999998e-05,1.7023069999999998e-05,1.9246769999999998e-05
0.26,1.630627e-05,1.756747e-05,1.99771e-05
0.28,1.684427e-05,1.80785e-05,2.08016e-05
0.3,1.74626e-05,1.86634e-05,2.159873e-05
0.32,1.80896e-05,1.9257870000000002e-05,2.240973e-05
0.34,1.8764769999999998e-05,1.987617e-05,2.3394030000000002e-05
0.36,1.95185e-05,2.048293e-05,2.421377e-05
0.38,2.018333e-05,2.114493e-05,2.5153969999999998e-05
0.4,2.081753e-05,2.187847e-05,2.610087e-05
0.42,2.152087e-05,2.261757e-05,2.7081170000000002e-05
0.44,2.2268270000000003e-05,2.330023e-05,2.8184670000000003e-05
0.46,2.308927e-05,2.4060030000000002e-05,2.91896e-05
0.48,2.386887e-05,2.48551e-05,3.0165130000000002e-05
0.5,2.468187e-05,2.565067e-05,3.1224870000000005e-05
0.52,2.55402e-05,2.646527e-05,3.16755e-05
0.54,2.64307e-05,2.72409e-05,3.31064e-05
0.56,2.73621e-05,2.80102e-05,3.43247e-05
0.58,2.83567e-05,2.896943e-05,3.5525169999999994e-05
0.6,2.934177e-05,2.985277e-05,3.679557e-05
-0.6,-0.0002861643,-0.00029035899999999996,-0.00029998670000000005
-0.58,-0.0001621423,-0.00016535969999999998,-0.00017178269999999998
-0.56,-0.0001041733,-0.0001102107,-0.0001145093
-0.54,-7.229883e-05,-7.929643e-05,-8.192260000000001e-05
-0.52,-5.24795e-05,-5.9464770000000005e-05,-6.069856999999999e-05
-0.5,-3.91638e-05,-4.56512e-05,-4.5932930000000004e-05
-0.48,-2.9815030000000004e-05,-3.560027e-05,-3.524343e-05
-0.46,-2.295457e-05,-2.80829e-05,-2.7217070000000002e-05
-0.44,-1.780113e-05,-2.229493e-05,-2.1111200000000002e-05
-0.42,-1.386163e-05,-1.7675169999999998e-05,-1.63746e-05
-0.4,-1.0785270000000001e-05,-1.40166e-05,-1.268703e-05
-0.38,-8.26796e-06,-1.105587e-05,-9.671056999999999e-06
-0.36,-6.253717e-06,-8.588633e-06,-7.230437000000001e-06
-0.34,-4.45406e-06,-6.54896e-06,-5.203087e-06
-0.32,-2.901553e-06,-4.770753e-06,-3.573497e-06
-0.3,-2.63055e-06,-4.23749e-06,-3.427663e-06
-0.28,-1.98285e-07,-2.210537e-06,-1.036723e-06
-0.26,1.170636e-06,-1.6252199999999998e-07,3.5842300000000003e-07
-0.24,2.60194e-06,9.56455e-07,1.547336e-06
-0.22,3.8409229999999995e-06,2.361533e-06,2.8630100000000002e-06
-0.2,4.952747e-06,3.69191e-06,4.028083e-06
-0.18,5.938213e-06,4.93129e-06,5.231697e-06
-0.16,6.7754599999999995e-06,6.1023230000000004e-06,6.37134e-06
-0.14,7.485550000000001e-06,7.108053e-06,7.371107e-06
-0.12,8.16941e-06,7.946093000000001e-06,8.322396999999999e-06
-0.1,8.67168e-06,8.74122e-06,9.129443e-06
-0.08,9.228782999999999e-06,9.47316e-06,9.901513e-06
-0.06,9.66549e-06,1.015384e-05,1.054487e-05
-0.04,1.0064439999999999e-05,1.074673e-05,1.11584e-05
-0.02,1.045108e-05,1.1304599999999998e-05,1.1777869999999999e-05
0.0,1.079997e-05,1.196183e-05,1.226703e-05
0.02,1.1108700000000001e-05,1.222453e-05,1.282177e-05
0.04,1.1373800000000001e-05,1.265963e-05,1.329383e-05
0.06,1.16686e-05,1.309477e-05,1.376113e-05
0.08,1.199087e-05,1.349687e-05,1.420417e-05
0.1,1.226783e-05,1.375237e-05,1.4685800000000001e-05
0.12,1.265087e-05,1.4139e-05,1.51368e-05
0.14,1.297037e-05,1.455383e-05,1.56347e-05
0.16,1.33427e-05,1.487173e-05,1.61922e-05
0.18,1.377263e-05,1.523177e-05,1.67052e-05
0.2,1.419863e-05,1.565933e-05,1.723923e-05
0.22,1.4681030000000001e-05,1.609643e-05,1.7815429999999998e-05
0.24,1.525997e-05,1.6534729999999998e-05,1.840193e-05
0.26,1.57654e-05,1.707633e-05,1.8993230000000002e-05
0.28,1.627487e-05,1.761393e-05,1.966913e-05
0.3,1.684347e-05,1.815997e-05,2.034387e-05
0.32,1.74145e-05,1.875003e-05,2.107737e-05
0.34,1.79891e-05,1.9337329999999997e-05,2.1696070000000002e-05
0.36,1.86332e-05,1.984433e-05,2.249637e-05
0.38,1.9247969999999997e-05,2.05338e-05,2.326847e-05
0.4,1.984833e-05,2.126217e-05,2.40274e-05
0.42,2.054217e-05,2.193613e-05,2.488453e-05
0.44,2.12439e-05,2.2586199999999997e-05,2.5684430000000003e-05
0.46,2.0470999999999998e-05,2.173427e-05,2.499423e-05
0.48,2.175887e-05,2.311227e-05,2.6414e-05
0.5,2.2867900000000002e-05,2.429127e-05,2.777933e-05
0.52,2.398057e-05,2.53129e-05,2.907593e-05
0.54,2.500297e-05,2.631983e-05,3.027677e-05
0.56,2.60254e-05,2.730723e-05,3.151693e-05
0.58,2.7047800000000002e-05,2.825937e-05,3.275237e-05
0.6,2.817233e-05,2.91761e-05,3.409863e-05
-0.6,-0.0002882317,-0.0002910287,-0.0003040627
-0.58,-0.00016314499999999998,-0.0001663713,-0.00017575970000000002
-0.56,-0.0001049497,-0.000110774,-0.0001166467
-0.54,-7.10237e-05,-7.933657e-05,-8.317867e-05
-0.52,-5.169473e-05,-5.9151269999999995e-05,-6.15263e-05
-0.5,-3.86699e-05,-4.52002e-05,-4.653417e-05
-0.48,-2.945463e-05,-3.50781e-05,-3.5667430000000006e-05
-0.46,-2.274233e-05,-2.7501599999999998e-05,-2.749843e-05
-0.44,-1.766043e-05,-2.16806e-05,-2.1317000000000003e-05
-0.42,-1.375797e-05,-1.7148630000000003e-05,-1.65387e-05
-0.4,-1.07805e-05,-1.351677e-05,-1.27403e-05
-0.38,-8.309683e-06,-1.062357e-05,-9.78947e-06
-0.36,-6.2922600000000005e-06,-8.10941e-06,-7.282893e-06
-0.34,-4.592733e-06,-6.165903e-06,-5.18799e-06
-0.32,-2.983807e-06,-4.456043e-06,-3.513097e-06
-0.3,-1.1261299999999999e-06,-2.85546e-06,-1.823108e-06
-0.28,1.6927700000000001e-07,-1.062153e-06,-3.97761e-07
-0.26,1.2934189999999999e-06,1.93914e-07,6.087631999999999e-07
-0.24,2.521277e-06,1.264414e-06,1.583098e-06
-0.22,3.684363e-06,2.4982269999999998e-06,2.744993e-06
-0.2,4.754063e-06,3.775357e-06,3.901323e-06
-0.18,5.78562e-06,4.989703e-06,4.968243e-06
-0.16,6.630817e-06,6.03477e-06,6.115832999999999e-06
-0.14,7.4346870000000004e-06,7.042883e-06,7.180373e-06
-0.12,8.08398e-06,7.964373e-06,8.06411e-06
-0.1,8.625190000000001e-06,8.721352999999999e-06,8.897783e-06
-0.08,9.133817e-06,9.416743e-06,9.637660000000002e-06
-0.06,9.578082999999999e-06,1.005609e-05,1.035055e-05
-0.04,9.985366999999999e-06,1.0668439999999999e-05,1.10046e-05
-0.02,1.038234e-05,1.122633e-05,1.15832e-05
0.0,9.22401e-06,1.01181e-05,1.0607230000000001e-05
0.02,1.0146680000000001e-05,1.118063e-05,1.1660230000000001e-05
0.04,1.079953e-05,1.194953e-05,1.24685e-05
0.06,1.13066e-05,1.255037e-05,1.3104699999999998e-05
0.08,1.1719069999999999e-05,1.29656e-05,1.3736470000000001e-05
0.1,1.2066769999999999e-05,1.34341e-05,1.432737e-05
0.12,1.24518e-05,1.38434e-05,1.48066e-05
0.14,1.2847170000000001e-05,1.428843e-05,1.5395500000000002e-05
0.16,1.32783e-05,1.46707e-05,1.586993e-05
0.18,1.3713069999999999e-05,1.50756e-05,1.63897e-05
0.2,1.422883e-05,1.55413e-05,1.6925729999999998e-05
0.22,1.467547e-05,1.5952970000000003e-05,1.745023e-05
0.24,1.5131630000000001e-05,1.6498170000000002e-05,1.7435129999999997e-05
0.26,1.5626770000000002e-05,1.70076e-05,1.83932e-05
0.28,1.61727e-05,1.7509830000000002e-05,1.916767e-05
0.3,1.6711130000000002e-05,1.796563e-05,1.988927e-05
0.32,1.729887e-05,1.8553729999999997e-05,2.05338e-05
0.34,1.7855170000000003e-05,1.911283e-05,2.127053e-05
0.36,1.8457169999999998e-05,1.97641e-05,2.197027e-05
0.38,1.91224e-05,2.038e-05,2.2687129999999997e-05
0.4,1.98217e-05,2.106147e-05,2.346557e-05
0.42,2.060097e-05,2.17549e-05,2.422613e-05
0.44,2.1258999999999998e-05,2.241297e-05,2.50582e-05
0.46,2.1958329999999998e-05,2.3131770000000002e-05,2.595663e-05
0.48,2.2677169999999998e-05,2.388517e-05,2.6869770000000003e-05
0.5,2.34755e-05,2.46366e-05,2.7868769999999998e-05
0.52,2.436677e-05,2.5406700000000002e-05,2.888917e-05
0.54,2.520247e-05,2.6227629999999998e-05,2.98647e-05
0.56,2.61267e-05,2.711533e-05,3.0958670000000004e-05
0.58,2.709827e-05,2.80722e-05,3.2059370000000005e-05
0.6,2.8119870000000003e-05,2.903143e-05,3.332777e-05
-0.6,-0.0002854853,-0.0002932403,-0.0003050517
-0.58,-0.0001618443,-0.000166798,-0.0001748237
-0.56,-0.0001041947,-0.00011060430000000001,-0.00011654729999999999
-0.54,-7.231553e-05,-7.884623e-05,-8.30523e-05
-0.52,-5.245367e-05,-5.85246e-05,-6.153303e-05
-0.5,-3.917097e-05,-4.45759e-05,-4.6559570000000005e-05
-0.48,-2.9798329999999998e-05,-3.450673e-05,-3.5615369999999996e-05
-0.46,-2.30853e-05,-2.698897e-05,-2.7350170000000002e-05
-0.44,-1.758813e-05,-2.08831e-05,-2.0774969999999998e-05
-0.42,-1.361293e-05,-1.634277e-05,-1.60364e-05
-0.4,-1.057467e-05,-1.284283e-05,-1.22539e-05
-0.38,-8.131267e-06,-1.00549e-05,-9.358327e-06
-0.36,-6.101923e-06,-7.68145e-06,-6.956257e-06
-0.34,-4.38293e-06,-5.7697299999999996e-06,-5.002023e-06
-0.32,-2.8284399999999997e-06,-4.089277e-06,-3.433623e-06
-0.3,-1.044272e-06,-2.660357e-06,-1.724164e-06
-0.28,2.133843e-07,-9.787089999999999e-07,-2.35637e-07
-0.26,1.3585890000000001e-06,3.647803e-07,6.72736e-07
-0.24,2.62936e-06,1.5318390000000001e-06,1.722973e-06
-0.22,3.7491300000000002e-06,2.84513e-06,2.8491030000000003e-06
-0.2,4.847447e-06,4.018147e-06,3.973243e-06
-0.18,5.820986999999999e-06,5.18958e-06,5.05686e-06
-0.16,6.63956e-06,6.258087e-06,6.168287e-06
-0.14,7.40687e-06,7.21653e-06,7.169643e-06
-0.12,8.08716e-06,8.111397e-06,8.15193e-06
-0.1,8.720163e-06,8.936327e-06,8.970893e-06
-0.08,9.14693e-06,9.576870000000001e-06,9.737017e-06
-0.06,9.591180000000001e-06,1.0174499999999999e-05,1.05532e-05
-0.04,9.969883e-06,1.077893e-05,1.10785e-05
-0.02,1.039624e-05,1.1218400000000001e-05,1.1586729999999999e-05
0.0,1.069902e-05,1.166503e-05,1.21705e-05
0.02,1.10197e-05,1.2215769999999999e-05,1.265687e-05
0.04,1.1341199999999999e-05,1.2725200000000001e-05,1.3177e-05
0.06,1.16066e-05,1.3128899999999999e-05,1.366297e-05
0.08,1.19388e-05,1.357953e-05,1.410803e-05
0.1,1.228173e-05,1.4013030000000002e-05,1.45479e-05
0.12,1.259603e-05,1.4345629999999999e-05,1.4982999999999999e-05
0.14,1.295727e-05,1.47835e-05,1.54368e-05
0.16,1.340747e-05,1.516143e-05,1.592517e-05
0.18,1.38084e-05,1.545987e-05,1.638097e-05
0.2,1.4210170000000001e-05,1.574717e-05,1.684863e-05
0.22,1.466633e-05,1.6162029999999997e-05,1.750073e-05
0.24,1.5148729999999998e-05,1.666587e-05,1.8070529999999998e-05
0.26,1.5687929999999998e-05,1.708747e-05,1.86626e-05
0.28,1.618703e-05,1.758537e-05,1.92404e-05
0.3,1.51503e-05,1.653433e-05,1.8205230000000002e-05
0.32,1.626293e-05,1.7605630000000002e-05,1.9512970000000002e-05
0.34,1.7192370000000003e-05,1.8545799999999998e-05,2.0581469999999997e-05
0.36,1.791117e-05,1.936633e-05,2.1466030000000003e-05
0.38,1.869597e-05,2.0095900000000002e-05,2.231557e-05
0.4,1.882397e-05,2.08139e-05,2.314967e-05
0.42,1.983083e-05,2.14839e-05,2.398967e-05
0.44,2.0739229999999998e-05,2.2199930000000003e-05,2.4751399999999998e-05
0.46,2.153593e-05,2.301613e-05,2.5584299999999998e-05
0.48,2.233467e-05,2.378423e-05,2.64406e-05
0.5,2.32089e-05,2.451497e-05,2.741017e-05
0.52,2.40016e-05,2.52835e-05,2.8353930000000002e-05
0.54,2.483803e-05,2.62177e-05,2.936123e-05
0.56,2.578137e-05,2.70768e-05,3.0391600000000002e-05
0.58,2.679347e-05,2.79971e-05,3.15118e-05
0.6,2.788623e-05,2.8999629999999998e-05,3.2664529999999994e-05
