V,IGS 150,IGS 151,IGS 152
-0.6,-0.00011670430000000001,-0.000125583,-0.000127403
-0.58,-7.445732999999999e-05,-8.42063e-05,-8.157573e-05
-0.56,-5.391077e-05,-6.375153e-05,-5.908967e-05
-0.54,-4.0520400000000006e-05,-5.026617e-05,-4.46991e-05
-0.52,-3.1184370000000004e-05,-4.046677e-05,-3.448803e-05
-0.5,-2.43064e-05,-3.297607e-05,-2.6890830000000002e-05
-0.48,-1.900793e-05,-2.698063e-05,-2.105077e-05
-0.46,-1.485267e-05,-2.212763e-05,-1.64441e-05
-0.44,-1.1423830000000001e-05,-1.800497e-05,-1.2696199999999999e-05
-0.42,-8.691947e-06,-1.45495e-05,-9.675820000000001e-06
-0.4,-6.347497e-06,-1.1614970000000001e-05,-7.152957e-06
-0.38,-4.283986999999999e-06,-9.09209e-06,-5.0028199999999995e-06
-0.36,-2.46366e-06,-6.88116e-06,-3.15825e-06
-0.34,-4.871702000000001e-07,-4.904269999999999e-06,-1.181761e-06
-0.32,7.375083000000001e-07,-3.11176e-06,2.320607e-07
-0.3,1.997153e-06,-1.151164e-06,1.417401e-06
-0.28,3.2683200000000002e-06,3.004072e-07,2.673467e-06
-0.26,4.3932600000000005e-06,1.583893e-06,3.8886069999999995e-06
-0.24,5.30521e-06,2.90513e-06,5.07871e-06
-0.22,6.22749e-06,4.208483e-06,6.14683e-06
-0.2,6.95427e-06,5.40058e-06,7.1128200000000005e-06
-0.18,7.76688e-06,6.47108e-06,8.025166999999999e-06
-0.16,8.3522e-06,7.484757000000001e-06,8.83579e-06
-0.14,8.865197e-06,8.337897e-06,9.604693e-06
-0.12,9.363097e-06,9.123479999999999e-06,1.031794e-05
-0.1,9.254613e-06,9.863779999999999e-06,1.087747e-05
-0.08,9.917032999999999e-06,1.0499950000000001e-05,1.146317e-05
-0.06,1.0370409999999999e-05,1.1057030000000001e-05,1.19829e-05
-0.04,1.0738770000000001e-05,1.156647e-05,1.242953e-05
-0.02,1.107533e-05,1.204887e-05,1.29112e-05
0.0,1.135387e-05,1.245657e-05,1.33157e-05
0.02,1.16078e-05,1.28492e-05,1.37087e-05
0.04,1.187523e-05,1.325767e-05,1.40969e-05
0.06,1.2149e-05,1.3629970000000001e-05,1.4528799999999999e-05
0.08,1.239497e-05,1.392843e-05,1.491743e-05
0.1,1.2691e-05,1.42805e-05,1.53116e-05
0.12,1.29505e-05,1.457333e-05,1.573283e-05
0.14,1.3350270000000001e-05,1.49135e-05,1.61298e-05
0.16,1.2295670000000001e-05,1.413903e-05,1.5480929999999998e-05
0.18,1.304983e-05,1.459953e-05,1.617153e-05
0.2,1.3736470000000001e-05,1.5288199999999997e-05,1.7003230000000002e-05
0.22,1.432617e-05,1.587587e-05,1.780587e-05
0.24,1.488803e-05,1.64473e-05,1.854023e-05
0.26,1.54392e-05,1.6969030000000002e-05,1.933893e-05
0.28,1.605153e-05,1.75039e-05,2.003513e-05
0.3,1.66289e-05,1.806693e-05,2.087317e-05
0.32,1.7236899999999998e-05,1.859787e-05,2.165513e-05
0.34,1.781427e-05,1.921453e-05,2.245707e-05
0.36,1.438063e-05,1.981853e-05,2.32935e-05
0.38,1.621167e-05,2.046387e-05,2.41828e-05
0.4,1.74856e-05,2.112667e-05,2.5038330000000003e-05
0.42,1.857637e-05,2.17378e-05,2.593797e-05
0.44,1.954397e-05,2.2468569999999998e-05,2.6823270000000002e-05
0.46,2.05477e-05,2.32009e-05,2.7785699999999997e-05
0.48,2.1425469999999998e-05,2.38629e-05,2.8718329999999998e-05
0.5,2.2337430000000003e-05,2.455593e-05,2.97455e-05
0.52,2.321363e-05,2.530057e-05,3.07397e-05
0.54,2.406717e-05,2.60361e-05,3.176017e-05
0.56,2.5010899999999998e-05,2.6817729999999998e-05,3.2819100000000006e-05
0.58,2.592407e-05,2.75898e-05,3.38614e-05
0.6,2.686817e-05,2.83917e-05,3.491123e-05
-0.6,-0.000244387,-0.0002522877,-0.0002623307
-0.58,-0.0001509453,-0.00015435200000000002,-0.0001614127
-0.56,-0.0001025965,-0.0001068283,-0.0001105733
-0.54,-7.400987000000001e-05,-7.875717e-05,-7.982137e-05
-0.52,-5.547043e-05,-6.010733e-05,-6.066243e-05
-0.5,-4.248063e-05,-4.682463e-05,-4.6927529999999996e-05
-0.48,-3.302413e-05,-3.6944970000000004e-05,-3.670293e-05
-0.46,-2.5869999999999998e-05,-2.94252e-05,-2.88232e-05
-0.44,-2.031087e-05,-2.351643e-05,-2.2719700000000002e-05
-0.42,-1.5980000000000003e-05,-1.8815200000000002e-05,-1.783847e-05
-0.4,-1.253767e-05,-1.4994529999999999e-05,-1.391013e-05
-0.38,-9.75411e-06,-1.182673e-05,-1.075347e-05
-0.36,-7.419983e-06,-9.211300000000001e-06,-8.153516999999999e-06
-0.34,-6.2263e-06,-7.02262e-06,-5.981923e-06
-0.32,-4.355507e-06,-5.119247e-06,-4.151263e-06
-0.3,-2.626973e-06,-4.35392e-06,-3.6883329999999998e-06
-0.28,-7.824093e-07,-2.6071100000000003e-06,-1.605351e-06
-0.26,3.7471430000000003e-07,-5.920714e-07,4.8081330000000005e-08
-0.24,1.470245e-06,5.678343e-07,1.242558e-06
-0.22,2.63413e-06,1.8437699999999998e-06,2.423923e-06
-0.2,3.637473e-06,3.066857e-06,3.54767e-06
-0.18,4.648767e-06,4.249017e-06,4.7055900000000005e-06
-0.16,5.505087e-06,5.318323e-06,5.797543e-06
-0.14,6.299416999999999e-06,6.305773e-06,6.745257e-06
-0.12,7.026197e-06,7.228853e-06,7.693763e-06
-0.1,7.65999e-06,8.048613e-06,8.552073e-06
-0.08,8.239747e-06,8.93553e-06,9.42787e-06
-0.06,8.800827e-06,9.56496e-06,1.012048e-05
-0.04,9.257792999999999e-06,1.0166969999999999e-05,1.080553e-05
-0.02,9.69411e-06,1.074713e-05,1.1464730000000001e-05
0.0,1.0097809999999999e-05,1.125657e-05,1.2076699999999999e-05
0.02,1.04304e-05,1.1696399999999999e-05,1.253647e-05
0.04,1.07801e-05,1.211527e-05,1.30435e-05
0.06,1.108567e-05,1.25281e-05,1.348337e-05
0.08,1.14397e-05,1.292267e-05,1.401107e-05
0.1,1.176197e-05,1.3205999999999999e-05,1.44283e-05
0.12,1.209497e-05,1.3566e-05,1.483677e-05
0.14,1.240373e-05,1.341143e-05,1.526873e-05
0.16,1.279633e-05,1.406233e-05,1.585563e-05
0.18,1.313923e-05,1.45018e-05,1.6256200000000002e-05
0.2,1.354057e-05,1.4944469999999999e-05,1.6764e-05
0.22,1.39622e-05,1.537083e-05,1.7338970000000002e-05
0.24,1.445493e-05,1.58425e-05,1.790287e-05
0.26,1.4945670000000001e-05,1.630387e-05,1.844407e-05
0.28,1.5428500000000003e-05,1.6732200000000002e-05,1.910367e-05
0.3,1.59248e-05,1.728057e-05,1.967193e-05
0.32,1.6462e-05,1.7759e-05,2.028743e-05
0.34,1.70541e-05,1.83459e-05,2.09669e-05
0.36,1.7687870000000002e-05,1.899203e-05,2.168577e-05
0.38,1.8275170000000002e-05,1.9636169999999998e-05,2.239347e-05
0.4,1.8869630000000002e-05,2.039077e-05,2.31608e-05
0.42,1.821557e-05,2.099633e-05,2.388917e-05
0.44,1.91633e-05,2.1618630000000002e-05,2.47041e-05
0.46,2.0083570000000003e-05,2.093157e-05,2.414783e-05
0.48,2.0942700000000002e-05,2.195633e-05,2.541343e-05
0.5,2.185187e-05,2.29891e-05,2.6572530000000002e-05
0.52,2.270897e-05,2.39126e-05,2.771417e-05
0.54,2.3576799999999998e-05,2.47721e-05,2.88077e-05
0.56,2.444427e-05,2.570233e-05,2.9914369999999997e-05
0.58,2.54027e-05,2.657293e-05,3.109613e-05
0.6,2.63691e-05,2.7463829999999998e-05,3.230293e-05
-0.6,-0.000245162,-0.000252173,-0.0002630867
-0.58,-0.0001509483,-0.0001553953,-0.000163098
-0.56,-0.0001025353,-0.000106981,-0.0001133027
-0.54,-7.383467e-05,-7.87274e-05,-8.324583e-05
-0.52,-5.530677e-05,-6.000477e-05,-6.304186999999999e-05
-0.5,-4.231413e-05,-4.666763e-05,-4.870733e-05
-0.48,-3.280757e-05,-3.678957e-05,-3.801343e-05
-0.46,-2.5640329999999998e-05,-2.919953e-05,-2.9855970000000005e-05
-0.44,-2.01555e-05,-2.32458e-05,-2.351363e-05
-0.42,-1.5828229999999997e-05,-1.855213e-05,-1.845043e-05
-0.4,-1.2439100000000001e-05,-1.47601e-05,-1.44597e-05
-0.38,-9.973447e-06,-1.167497e-05,-1.11719e-05
-0.36,-7.44859e-06,-9.07143e-06,-8.51194e-06
-0.34,-5.48283e-06,-6.9173170000000005e-06,-6.30061e-06
-0.32,-3.815097e-06,-5.090633e-06,-4.4023999999999996e-06
-0.3,-2.33253e-06,-3.39667e-06,-2.836383e-06
-0.28,-6.461127e-07,-1.840193e-06,-1.134872e-06
-0.26,3.675622e-07,-2.30471e-07,1.0132799999999999e-07
-0.24,1.4213720000000001e-06,6.858507e-07,1.07209e-06
-0.22,2.51452e-06,1.8501299999999999e-06,2.161263e-06
-0.2,3.51667e-06,2.967513e-06,3.2357399999999996e-06
-0.18,4.462007000000001e-06,4.09325e-06,4.285973e-06
-0.16,5.3250770000000005e-06,5.200703e-06,5.40614e-06
-0.14,6.166297e-06,6.184577e-06,6.347893e-06
-0.12,6.911753e-06,7.046067e-06,7.26064e-06
-0.1,7.64012e-06,7.939337e-06,8.197229999999999e-06
-0.08,8.22226e-06,8.746783000000001e-06,9.020567e-06
-0.06,8.759497e-06,9.138583e-06,9.779123e-06
-0.04,8.018417e-06,9.948003e-06,1.0395839999999999e-05
-0.02,8.860029999999999e-06,1.0530919999999999e-05,1.1024469999999999e-05
0.0,9.59795e-06,9.780337e-06,1.030086e-05
0.02,1.0105749999999999e-05,1.061597e-05,1.128037e-05
0.04,1.053333e-05,1.135507e-05,1.203257e-05
0.06,1.097283e-05,1.191057e-05,1.2708499999999999e-05
0.08,1.1353499999999999e-05,1.24085e-05,1.3332e-05
0.1,1.16984e-05,1.2878569999999999e-05,1.389543e-05
0.12,1.201987e-05,1.3360599999999999e-05,1.441953e-05
0.14,1.24101e-05,1.365183e-05,1.505377e-05
0.16,1.2754969999999999e-05,1.40806e-05,1.56176e-05
0.18,1.311503e-05,1.448437e-05,1.6128999999999998e-05
0.2,1.351477e-05,1.4908699999999998e-05,1.657447e-05
0.22,1.3987230000000001e-05,1.53315e-05,1.711803e-05
0.24,1.442593e-05,1.57265e-05,1.77292e-05
0.26,1.491507e-05,1.62224e-05,1.827717e-05
0.28,1.54209e-05,1.672663e-05,1.87818e-05
0.3,1.5877500000000002e-05,1.7197969999999998e-05,1.942193e-05
0.32,1.642667e-05,1.771727e-05,2.004623e-05
0.34,1.7000470000000002e-05,1.824937e-05,2.0763070000000002e-05
0.36,1.757583e-05,1.883227e-05,2.147e-05
0.38,1.8177830000000003e-05,1.949987e-05,2.18276e-05
0.4,1.87838e-05,2.011817e-05,2.2570670000000002e-05
0.42,1.937867e-05,2.079843e-05,2.33551e-05
0.44,2.0038270000000002e-05,2.14247e-05,2.41947e-05
0.46,2.0668899999999998e-05,2.20843e-05,2.4988269999999997e-05
0.48,2.140043e-05,2.278327e-05,2.58303e-05
0.5,2.21948e-05,2.35065e-05,2.67347e-05
0.52,2.2977199999999997e-05,2.41776e-05,2.76645e-05
0.54,2.376873e-05,2.49938e-05,2.86142e-05
0.56,2.4602e-05,2.580563e-05,2.960443e-05
0.58,2.54786e-05,2.664607e-05,3.0567630000000004e-05
0.6,2.64009e-05,2.742847e-05,3.172993e-05
-0.6,-0.0002458103,-0.0002538043,-0.000265908
-0.58,-0.0001517187,-0.000155253,-0.00016497900000000002
-0.56,-0.000103204,-0.00010669069999999999,-0.00011450969999999999
-0.54,-7.433177e-05,-7.816553e-05,-8.367932999999999e-05
-0.52,-5.546967e-05,-5.9347170000000005e-05,-6.331843e-05
-0.5,-4.08296e-05,-4.601403e-05,-4.8764969999999996e-05
-0.48,-3.123403e-05,-3.613273e-05,-3.805197e-05
-0.46,-2.442317e-05,-2.84147e-05,-2.95166e-05
-0.44,-1.9170829999999998e-05,-2.233227e-05,-2.28282e-05
-0.42,-1.5047400000000001e-05,-1.7736729999999998e-05,-1.791277e-05
-0.4,-1.17632e-05,-1.404483e-05,-1.390617e-05
-0.38,-9.122690000000001e-06,-1.103083e-05,-1.0700599999999999e-05
-0.36,-6.90778e-06,-8.564393e-06,-8.0812e-06
-0.34,-5.067587e-06,-6.4528e-06,-5.973977e-06
-0.32,-3.4523e-06,-4.6173729999999995e-06,-4.145703e-06
-0.3,-1.960993e-06,-3.067653e-06,-2.565783e-06
-0.28,-3.6040949999999997e-07,-1.376073e-06,-8.07841e-07
-0.26,6.437300000000001e-07,-2.662347e-08,3.135203e-07
-0.24,1.68403e-06,9.377803e-07,1.3021629999999998e-06
-0.22,2.760887e-06,2.113183e-06,2.4573e-06
-0.2,3.759463e-06,3.197193e-06,3.561577e-06
-0.18,4.70956e-06,4.2514e-06,4.46836e-06
-0.16,5.608002999999999e-06,5.301633e-06,5.503497e-06
-0.14,6.41227e-06,5.7454900000000004e-06,6.545382999999999e-06
-0.12,7.15534e-06,6.889107e-06,7.398527e-06
-0.1,7.778403e-06,7.80225e-06,8.284646999999999e-06
-0.08,8.316437e-06,8.602937000000001e-06,9.069443000000001e-06
-0.06,8.820293e-06,9.2721e-06,9.865363e-06
-0.04,9.295943e-06,9.928953e-06,1.047332e-05
-0.02,9.756897e-06,1.047452e-05,1.115803e-05
0.0,1.010217e-05,1.1002200000000001e-05,1.179733e-05
0.02,1.0498e-05,1.146277e-05,1.231753e-05
0.04,1.084843e-05,1.190863e-05,1.276097e-05
0.06,1.12112e-05,1.234137e-05,1.325133e-05
0.08,1.153033e-05,1.2672330000000001e-05,1.371303e-05
0.1,1.1916970000000001e-05,1.304827e-05,1.417117e-05
0.12,1.23461e-05,1.343727e-05,1.4634130000000001e-05
0.14,1.261593e-05,1.3815969999999999e-05,1.512367e-05
0.16,1.29672e-05,1.42193e-05,1.559337e-05
0.18,1.3363769999999999e-05,1.45829e-05,1.606223e-05
0.2,1.370867e-05,1.4945670000000001e-05,1.648787e-05
0.22,1.41215e-05,1.5382e-05,1.698257e-05
0.24,1.457173e-05,1.585363e-05,1.756823e-05
0.26,1.37011e-05,1.62991e-05,1.8129770000000002e-05
0.28,1.4572169999999999e-05,1.67592e-05,1.8656229999999998e-05
0.3,1.5372429999999997e-05,1.591803e-05,1.7836499999999998e-05
0.32,1.607297e-05,1.681927e-05,1.882233e-05
0.34,1.677277e-05,1.765447e-05,1.981853e-05
0.36,1.734217e-05,1.83825e-05,2.057793e-05
0.38,1.803717e-05,1.90457e-05,2.13933e-05
0.4,1.8756400000000002e-05,1.973353e-05,2.1994499999999998e-05
0.42,1.941643e-05,2.040543e-05,2.281903e-05
0.44,2.005417e-05,2.1166e-05,2.361853e-05
0.46,2.070743e-05,2.183437e-05,2.4429970000000003e-05
0.48,2.138457e-05,2.2555599999999998e-05,2.527237e-05
0.5,2.212603e-05,2.337137e-05,2.6165629999999998e-05
0.52,2.285163e-05,2.4092999999999998e-05,2.7010030000000003e-05
0.54,2.3665e-05,2.48722e-05,2.79184e-05
0.56,2.4286500000000002e-05,2.5674870000000002e-05,2.8934869999999998e-05
0.58,2.52064e-05,2.6422329999999998e-05,3.006297e-05
0.6,2.6179569999999997e-05,2.7288599999999998e-05,3.118713e-05
