V,IGS 150,IGS 151,IGS 152
-0.6,-0.000134398,-0.00019044370000000001,-0.0001543597
-0.58,-6.38596e-05,-9.682417e-05,-7.274547e-05
-0.56,-4.1365230000000004e-05,-6.49738e-05,-4.685203e-05
-0.54,-2.89921e-05,-4.695257e-05,-3.27253e-05
-0.52,-2.08203e-05,-3.5066229999999995e-05,-2.3623700000000002e-05
-0.5,-1.5107000000000001e-05,-2.6570930000000002e-05,-1.718563e-05
-0.48,-1.0923969999999999e-05,-2.021273e-05,-1.235643e-05
-0.46,-7.570186999999999e-06,-1.528143e-05,-8.662543e-06
-0.44,-4.923743e-06,-1.1241e-05,-5.652113e-06
-0.42,-2.261002e-06,-8.058946999999999e-06,-2.768042e-06
-0.4,-2.6186299999999997e-07,-5.311173e-06,-8.090333e-07
-0.38,8.76983e-07,-2.630156e-06,6.906178e-07
-0.36,2.051197e-06,-6.37372e-07,2.083777e-06
-0.34,3.1956030000000002e-06,6.985677e-07,3.310047e-06
-0.32,4.283583e-06,2.0174199999999997e-06,4.462797e-06
-0.3,5.162557e-06,3.316003e-06,5.444687e-06
-0.28,5.982716999999999e-06,4.431403e-06,6.350677e-06
-0.26,6.72857e-06,5.366407e-06,7.232823e-06
-0.24,7.3723000000000005e-06,6.28948e-06,7.834037e-06
-0.22,8.091527000000001e-06,7.082623e-06,8.563992999999999e-06
-0.2,8.566777e-06,7.852317e-06,9.17831e-06
-0.18,9.15089e-06,8.459887e-06,9.838739999999999e-06
-0.16,9.66629e-06,9.140157e-06,1.0342180000000001e-05
-0.14,9.996887e-06,9.680193e-06,1.083572e-05
-0.12,1.0432410000000001e-05,1.022021e-05,1.137293e-05
-0.1,1.091083e-05,1.0823800000000001e-05,1.1816e-05
-0.08,1.1256930000000001e-05,1.133203e-05,1.22722e-05
-0.06,1.160143e-05,1.184303e-05,1.2739129999999998e-05
-0.04,1.189313e-05,1.2344900000000001e-05,1.3184170000000001e-05
-0.02,1.22432e-05,1.283207e-05,1.28762e-05
0.0,1.25698e-05,1.34122e-05,1.3792530000000001e-05
0.02,1.289847e-05,1.4021400000000001e-05,1.437343e-05
0.04,1.328587e-05,1.4458070000000001e-05,1.490277e-05
0.06,1.3587470000000001e-05,1.493053e-05,1.53474e-05
0.08,1.398523e-05,1.53736e-05,1.581907e-05
0.1,1.42932e-05,1.5879869999999998e-05,1.637777e-05
0.12,1.4802229999999999e-05,1.6373e-05,1.67942e-05
0.14,1.523373e-05,1.69428e-05,1.750747e-05
0.16,1.40675e-05,1.57297e-05,1.625777e-05
0.18,1.549797e-05,1.71995e-05,1.8006599999999998e-05
0.2,1.6266900000000002e-05,1.814007e-05,1.90874e-05
0.22,1.70028e-05,1.8984069999999998e-05,2.0141999999999998e-05
0.24,1.7745070000000002e-05,1.973587e-05,2.1137400000000002e-05
0.26,1.842617e-05,2.04615e-05,2.21165e-05
0.28,1.8392e-05,2.12447e-05,2.326967e-05
0.3,1.96715e-05,2.2157830000000002e-05,2.4308769999999998e-05
0.32,2.05485e-05,2.292593e-05,2.554573e-05
0.34,2.13774e-05,2.384387e-05,2.6862200000000002e-05
0.36,2.23108e-05,2.47526e-05,2.824583e-05
0.38,2.330263e-05,2.5736899999999997e-05,2.9560300000000002e-05
0.4,2.422213e-05,2.6621429999999998e-05,3.104687e-05
0.42,2.5332729999999998e-05,2.7613629999999998e-05,3.250957e-05
0.44,2.64287e-05,2.882877e-05,3.408987e-05
0.46,2.74825e-05,2.9925099999999996e-05,3.573337e-05
0.48,2.86444e-05,3.10131e-05,3.721e-05
0.5,2.978123e-05,3.215113e-05,3.8963930000000004e-05
0.52,3.108147e-05,3.350217e-05,4.06575e-05
0.54,3.24114e-05,3.457863e-05,4.2495329999999995e-05
0.56,3.38419e-05,3.58216e-05,4.4406630000000005e-05
0.58,3.55144e-05,3.715473e-05,4.6320770000000003e-05
0.6,3.726243e-05,3.8522469999999994e-05,4.822133e-05
-0.6,-0.00028791829999999996,-0.00033245,-0.0003295753
-0.58,-0.0001036186,-0.00012649029999999998,-0.000117447
-0.56,-6.107052999999999e-05,-7.664640000000001e-05,-6.895703e-05
-0.54,-4.1126029999999994e-05,-5.255103e-05,-4.621903e-05
-0.52,-2.922497e-05,-3.810167e-05,-3.2855300000000004e-05
-0.5,-2.13007e-05,-2.8398429999999998e-05,-2.3908999999999998e-05
-0.48,-1.569073e-05,-2.136033e-05,-1.748283e-05
-0.46,-1.139243e-05,-1.5958569999999998e-05,-1.27562e-05
-0.44,-8.036693e-06,-1.181087e-05,-8.977257e-06
-0.42,-5.301237e-06,-8.600157e-06,-5.98669e-06
-0.4,-2.8041999999999998e-06,-6.626843e-06,-3.257193e-06
-0.38,-8.952604e-07,-3.33548e-06,-1.083612e-06
-0.36,4.784263000000001e-07,-1.996753e-06,4.339203e-07
-0.34,1.720192e-06,-1.271533e-08,1.773039e-06
-0.32,1.6820419999999998e-06,-2.2649770000000002e-07,3.02394e-06
-0.3,3.39667e-06,2.066293e-06,2.503e-06
-0.28,4.537503e-06,3.40859e-06,4.620553e-06
-0.26,5.409717e-06,4.05709e-06,5.805097e-06
-0.24,6.343127e-06,5.42005e-06,6.735323e-06
-0.22,6.9661929999999995e-06,6.24259e-06,7.538797000000001e-06
-0.2,7.682243e-06,6.905396999999999e-06,8.254847e-06
-0.18,8.161863e-06,7.674693e-06,8.94148e-06
-0.16,8.729697e-06,8.300147e-06,9.574907e-06
-0.14,9.256617e-06,8.624793e-06,1.017254e-05
-0.12,9.72749e-06,9.386137e-06,1.074671e-05
-0.1,1.019279e-05,1.024762e-05,1.126927e-05
-0.08,1.058061e-05,1.0224980000000001e-05,1.170753e-05
-0.06,1.095333e-05,1.131657e-05,1.222173e-05
-0.04,1.1312970000000001e-05,1.1959470000000001e-05,1.2679099999999999e-05
-0.02,1.176637e-05,1.242877e-05,1.322467e-05
0.0,1.213707e-05,1.295287e-05,1.3721e-05
0.02,1.24542e-05,1.3401499999999999e-05,1.417e-05
0.04,1.29183e-05,1.392247e-05,1.459993e-05
0.06,1.333393e-05,1.44903e-05,1.52214e-05
0.08,1.371383e-05,1.4882069999999999e-05,1.567283e-05
0.1,1.40643e-05,1.539863e-05,1.617353e-05
0.12,1.45169e-05,1.58747e-05,1.670557e-05
0.14,1.49512e-05,1.6423870000000002e-05,1.72313e-05
0.16,1.544993e-05,1.713513e-05,1.787663e-05
0.18,1.59665e-05,1.761277e-05,1.850763e-05
0.2,1.64958e-05,1.8195300000000002e-05,1.918833e-05
0.22,1.710773e-05,1.895427e-05,1.987933e-05
0.24,1.761597e-05,1.9463270000000002e-05,2.060333e-05
0.26,1.831213e-05,2.018053e-05,2.129513e-05
0.28,1.885413e-05,2.08354e-05,2.2224570000000002e-05
0.3,1.954473e-05,2.1595569999999998e-05,2.303877e-05
0.32,2.012293e-05,2.2317169999999998e-05,2.39313e-05
0.34,2.086917e-05,2.32196e-05,2.486987e-05
0.36,2.16913e-05,2.40274e-05,2.5959030000000002e-05
0.38,2.25389e-05,2.49545e-05,2.6898e-05
0.4,2.338167e-05,2.59884e-05,2.7992730000000003e-05
0.42,2.43294e-05,2.461193e-05,2.927503e-05
0.44,2.307217e-05,2.673707e-05,2.871077e-05
0.46,2.511937e-05,2.815167e-05,3.0506469999999998e-05
0.48,2.660353e-05,2.9523e-05,3.242293e-05
0.5,2.800623e-05,3.082313e-05,3.421663e-05
0.52,2.922933e-05,3.207367e-05,3.5912200000000005e-05
0.54,3.058947e-05,3.34688e-05,3.78418e-05
0.56,3.22676e-05,3.48099e-05,3.982263e-05
0.58,3.394683e-05,3.63652e-05,4.193543e-05
0.6,3.574293e-05,3.785727e-05,4.412053e-05
-0.6,-0.0002949833,-0.0003248503,-0.0003342463
-0.58,-0.0001044856,-0.0001230577,-0.000117805
-0.56,-6.15899e-05,-7.385093e-05,-6.89499e-05
-0.54,-4.143793e-05,-5.045453e-05,-4.6252000000000004e-05
-0.52,-2.950427e-05,-3.64367e-05,-3.28501e-05
-0.5,-2.144097e-05,-2.699813e-05,-2.3272030000000002e-05
-0.48,-1.57046e-05,-2.016187e-05,-1.744147e-05
-0.46,-1.13654e-05,-1.50764e-05,-1.262783e-05
-0.44,-7.980267e-06,-1.1053470000000001e-05,-8.90334e-06
-0.42,-5.307597e-06,-7.697343e-06,-5.841653e-06
-0.4,-2.7306870000000002e-06,-5.120833e-06,-3.095863e-06
-0.38,-7.414807999999999e-07,-2.5777009999999997e-06,-7.71284e-07
-0.36,5.475677e-07,-5.114063e-07,6.043903000000001e-07
-0.34,1.7563489999999999e-06,6.822745e-07,1.909335e-06
-0.32,2.928573e-06,2.04921e-06,3.161827e-06
-0.3,3.828207e-06,3.203947e-06,4.211263e-06
-0.28,4.806519999999999e-06,4.257757e-06,5.301237e-06
-0.26,5.631846999999999e-06,5.203087e-06,6.060203000000001e-06
-0.24,6.3355769999999995e-06,6.1015270000000005e-06,6.94513e-06
-0.22,7.04606e-06,6.91414e-06,7.703699999999999e-06
-0.2,6.9375830000000005e-06,7.64926e-06,8.387563e-06
-0.18,8.096697e-06,8.23617e-06,8.976853e-06
-0.16,8.713403e-06,8.910893e-06,9.527216999999999e-06
-0.14,9.189437e-06,9.485893000000001e-06,1.017412e-05
-0.12,9.641240000000001e-06,1.004736e-05,1.0717710000000001e-05
-0.1,1.011848e-05,1.0693069999999999e-05,1.11918e-05
-0.08,1.058498e-05,1.111707e-05,1.16408e-05
-0.06,1.0935900000000001e-05,1.04801e-05,1.22309e-05
-0.04,1.1259299999999999e-05,1.1389230000000001e-05,1.262147e-05
-0.02,1.015782e-05,1.2130370000000001e-05,1.1325270000000001e-05
0.0,1.14119e-05,1.274387e-05,1.28639e-05
0.02,1.209417e-05,1.320087e-05,1.369357e-05
0.04,1.273237e-05,1.374643e-05,1.428883e-05
0.06,1.31651e-05,1.4266199999999999e-05,1.481413e-05
0.08,1.352747e-05,1.47279e-05,1.5348599999999997e-05
0.1,1.3979700000000001e-05,1.5211099999999999e-05,1.587313e-05
0.12,1.446487e-05,1.5753130000000002e-05,1.6523199999999998e-05
0.14,1.490117e-05,1.625857e-05,1.704177e-05
0.16,1.5430069999999998e-05,1.67525e-05,1.758537e-05
0.18,1.592993e-05,1.73835e-05,1.8225899999999998e-05
0.2,1.635193e-05,1.7975169999999998e-05,1.8936000000000003e-05
0.22,1.70076e-05,1.85851e-05,1.96318e-05
0.24,1.7539269999999998e-05,1.91617e-05,2.031207e-05
0.26,1.8200870000000002e-05,1.9830869999999998e-05,2.1139799999999997e-05
0.28,1.8731729999999998e-05,2.058863e-05,2.1846700000000002e-05
0.3,1.9381470000000002e-05,2.12912e-05,2.260647e-05
0.32,2.008717e-05,2.206683e-05,2.342067e-05
0.34,2.0765870000000002e-05,2.289973e-05,2.434253e-05
0.36,2.145647e-05,2.3775899999999997e-05,2.524853e-05
0.38,2.2213469999999998e-05,2.4586930000000002e-05,2.622883e-05
0.4,2.31067e-05,2.5589830000000002e-05,2.722183e-05
0.42,2.39424e-05,2.658967e-05,2.837893e-05
0.44,2.48897e-05,2.7549270000000002e-05,2.955237e-05
0.46,2.589187e-05,2.868097e-05,3.0742470000000004e-05
0.48,2.690197e-05,2.976257e-05,3.2042269999999994e-05
0.5,2.804993e-05,3.09519e-05,3.3430669999999996e-05
0.52,2.926187e-05,3.2168230000000004e-05,3.517307e-05
0.54,3.058753e-05,3.371797e-05,3.674387e-05
0.56,3.2022e-05,3.5080900000000005e-05,3.84716e-05
0.58,3.372467e-05,3.6458569999999995e-05,4.051763e-05
0.6,3.5489770000000005e-05,3.79435e-05,4.279297e-05
-0.6,-0.00029181670000000005,-0.000319505,-0.0003309233
-0.58,-0.00010399859999999999,-0.0001204547,-0.000117408
-0.56,-6.126523e-05,-7.084807e-05,-6.87766e-05
-0.54,-4.118443e-05,-4.865207e-05,-4.61606e-05
-0.52,-2.9281e-05,-3.5198500000000005e-05,-3.2749999999999996e-05
-0.5,-2.1908669999999997e-05,-2.51325e-05,-2.453127e-05
-0.48,-1.53009e-05,-1.8597429999999998e-05,-1.707237e-05
-0.46,-1.091997e-05,-1.376233e-05,-1.23036e-05
-0.44,-7.66158e-06,-9.933693e-06,-8.51194e-06
-0.42,-4.969037e-06,-6.81003e-06,-5.60244e-06
-0.4,-2.412797e-06,-4.327693e-06,-2.804997e-06
-0.38,-5.189563e-07,-1.769464e-06,-7.808207e-07
-0.36,7.319463e-07,-9.218867e-08,6.099537e-07
-0.34,1.9454930000000003e-06,1.122953e-06,2.028547e-06
-0.32,3.130037e-06,2.47558e-06,3.199973e-06
-0.3,4.126233e-06,3.62118e-06,4.2569630000000005e-06
-0.28,5.0469229999999995e-06,4.59949e-06,5.385877e-06
-0.26,5.824963e-06,5.52217e-06,6.275973e-06
-0.24,6.564853e-06,6.382863e-06,6.957847e-06
-0.22,7.241967e-06,7.12951e-06,7.769663e-06
-0.2,7.855493e-06,7.792317e-06,8.500417e-06
-0.18,8.369286999999999e-06,8.39154e-06,9.02574e-06
-0.16,8.899373000000001e-06,9.089322999999999e-06,9.758863e-06
-0.14,9.41993e-06,9.672653e-06,1.0330290000000001e-05
-0.12,9.9492e-06,1.016776e-05,1.079439e-05
-0.1,1.030286e-05,1.065928e-05,1.12478e-05
-0.08,1.0756280000000001e-05,1.118383e-05,1.1752829999999999e-05
-0.06,1.1185e-05,1.16205e-05,1.221857e-05
-0.04,1.146833e-05,1.209097e-05,1.273597e-05
-0.02,1.1884e-05,1.253563e-05,1.321117e-05
0.0,1.225473e-05,1.303873e-05,1.359623e-05
0.02,1.26183e-05,1.34464e-05,1.4163229999999999e-05
0.04,1.300697e-05,1.394947e-05,1.465953e-05
0.06,1.3430899999999999e-05,1.443387e-05,1.515983e-05
0.08,1.375277e-05,1.485347e-05,1.55894e-05
0.1,1.4176769999999999e-05,1.535853e-05,1.60559e-05
0.12,1.465127e-05,1.58322e-05,1.65526e-05
0.14,1.511933e-05,1.639087e-05,1.7120429999999998e-05
0.16,1.561363e-05,1.6921369999999998e-05,1.77296e-05
0.18,1.611633e-05,1.747807e-05,1.8339930000000002e-05
0.2,1.657247e-05,1.8055870000000002e-05,1.9052030000000002e-05
0.22,1.71113e-05,1.7113700000000002e-05,1.9112029999999998e-05
0.24,1.770777e-05,1.836143e-05,1.82811e-05
0.26,1.6461199999999998e-05,1.9348100000000002e-05,1.990873e-05
0.28,1.79851e-05,2.0224629999999998e-05,2.10357e-05
0.3,1.8915729999999998e-05,2.1113570000000002e-05,2.195317e-05
0.32,1.964013e-05,2.18749e-05,2.289177e-05
0.34,2.0532999999999998e-05,2.263787e-05,2.3749670000000002e-05
0.36,2.136907e-05,2.36408e-05,2.461117e-05
0.38,2.207677e-05,2.46358e-05,2.5753569999999998e-05
0.4,2.286473e-05,2.5508e-05,2.677997e-05
0.42,2.3810869999999997e-05,2.6441030000000002e-05,2.7829e-05
0.44,2.466997e-05,2.7459499999999997e-05,2.890627e-05
0.46,2.5771869999999998e-05,2.8465169999999998e-05,3.0132170000000004e-05
0.48,2.672077e-05,2.951343e-05,3.152767e-05
0.5,2.77837e-05,3.06511e-05,3.280877e-05
0.52,2.901437e-05,3.19779e-05,3.439823e-05
0.54,3.0911769999999996e-05,3.33031e-05,3.600673e-05
0.56,3.178993e-05,3.4733599999999996e-05,3.77945e-05
0.58,3.33917e-05,3.630083e-05,3.984293e-05
0.6,3.5258930000000004e-05,3.7880369999999995e-05,4.196803e-05
