V,IGS 150,IGS 151,IGS 152
-0.6,-6.688993e-05,-0.00019325170000000002,-7.055242999999999e-05
-0.58,-3.160873e-05,-9.483697e-05,-3.296377e-05
-0.56,-2.08207e-05,-6.215453000000001e-05,-2.1697269999999998e-05
-0.54,-1.5015970000000001e-05,-4.430253e-05,-1.5703830000000002e-05
-0.52,-1.1353499999999999e-05,-3.29403e-05,-1.195867e-05
-0.5,-8.855263e-06,-2.50566e-05,-9.348787e-06
-0.48,-7.01944e-06,-1.941083e-05,-7.362363e-06
-0.46,-5.658867e-06,-1.518167e-05,-5.928277e-06
-0.44,-4.51525e-06,-1.199523e-05,-4.80612e-06
-0.42,-3.61681e-06,-9.549063e-06,-3.80397e-06
-0.4,-2.895593e-06,-7.501442999999999e-06,-3.039043e-06
-0.38,-2.1445769999999998e-06,-5.90523e-06,-2.259813e-06
-0.36,-1.4328940000000001e-06,-4.531543000000001e-06,-1.412232e-06
-0.34,-8.594993e-07,-3.426073e-06,-8.408230000000001e-07
-0.32,-4.1087460000000004e-07,-2.402863e-06,-2.817312e-07
-0.3,-7.6294e-08,-1.425345e-06,7.470453000000001e-08
-0.28,2.010664e-07,-6.119424e-07,3.707408e-07
-0.26,4.5498199999999996e-07,-4.609427e-08,6.918127e-07
-0.24,7.025393e-07,3.568331e-07,1.0399000000000002e-06
-0.22,9.01221e-07,8.221483e-07,1.349844e-06
-0.2,1.222691e-06,1.242558e-06,1.6888e-06
-0.18,1.480183e-06,1.615287e-06,2.036493e-06
-0.16,1.7213830000000001e-06,2.013443e-06,2.417167e-06
-0.14,1.981657e-06,2.385773e-06,2.750557e-06
-0.12,2.2292130000000003e-06,2.723133e-06,3.0922870000000003e-06
-0.1,2.515713e-06,2.853473e-06,3.475743e-06
-0.08,2.780757e-06,3.292163e-06,3.835757e-06
-0.06,3.138383e-06,3.672837e-06,4.214447e-06
-0.04,3.459853e-06,4.015763e-06,4.654723e-06
-0.02,3.772977e-06,4.3443830000000004e-06,5.088647e-06
0.0,4.109147e-06,4.739363e-06,5.5797900000000005e-06
0.02,4.425447e-06,5.0803e-06,6.009343e-06
0.04,4.8466529999999995e-06,5.467733e-06,6.5128e-06
0.06,5.2217669999999994e-06,5.884173e-06,7.030963e-06
0.08,5.65807e-06,6.212793e-06,7.536012999999999e-06
0.1,5.986293e-06,6.652277e-06,8.092323e-06
0.12,6.519553e-06,7.14064e-06,8.728503000000001e-06
0.14,7.009507e-06,6.855327e-06,9.337663000000001e-06
0.16,6.280743e-06,7.616676999999999e-06,8.582673e-06
0.18,7.418793e-06,8.31723e-06,1.00986e-05
0.2,8.14239e-06,9.106400000000001e-06,1.11282e-05
0.22,8.889437e-06,9.83556e-06,1.2044899999999999e-05
0.24,9.593187000000001e-06,1.061121e-05,1.2908769999999999e-05
0.26,1.020432e-05,1.130423e-05,1.386803e-05
0.28,1.0796399999999999e-05,1.2243170000000001e-05,1.472157e-05
0.3,1.15021e-05,1.30125e-05,1.573883e-05
0.32,1.212003e-05,1.394113e-05,1.6686530000000002e-05
0.34,1.2868630000000001e-05,1.478633e-05,1.776973e-05
0.36,1.379843e-05,1.56804e-05,1.885373e-05
0.38,1.449627e-05,1.660703e-05,2.001883e-05
0.4,1.53029e-05,1.750073e-05,2.1291570000000003e-05
0.42,1.624227e-05,1.857953e-05,2.2644999999999997e-05
0.44,1.725873e-05,1.9653230000000002e-05,2.41844e-05
0.46,1.835743e-05,2.070587e-05,2.595783e-05
0.48,1.953443e-05,2.17827e-05,2.784847e-05
0.5,2.098877e-05,2.277373e-05,2.9994629999999998e-05
0.52,2.254603e-05,2.398807e-05,3.236453e-05
0.54,2.442557e-05,2.521913e-05,3.51679e-05
0.56,2.652607e-05,2.65658e-05,3.8441429999999996e-05
0.58,2.90704e-05,2.783893e-05,4.220407e-05
0.6,3.111203e-05,2.9277800000000003e-05,4.662037e-05
-0.6,-0.0001336837,-0.00021413630000000002,-0.000156231
-0.58,-4.974087e-05,-8.86003e-05,-5.623577e-05
-0.56,-2.998073e-05,-5.5439869999999995e-05,-3.3562969999999995e-05
-0.54,-2.0815530000000003e-05,-3.88086e-05,-2.322593e-05
-0.52,-1.5440769999999998e-05,-2.8670229999999997e-05,-1.720787e-05
-0.5,-1.192727e-05,-2.1886030000000002e-05,-1.334073e-05
-0.48,-9.479127000000001e-06,-1.70414e-05,-1.051703e-05
-0.46,-7.701313e-06,-1.338323e-05,-8.473793000000001e-06
-0.44,-6.253323e-06,-1.067123e-05,-6.9657969999999996e-06
-0.42,-5.1649400000000006e-06,-8.54969e-06,-5.7137e-06
-0.4,-4.27365e-06,-6.87639e-06,-4.6797569999999995e-06
-0.38,-3.48012e-06,-5.50548e-06,-3.816287e-06
-0.36,-2.8502969999999998e-06,-4.332063e-06,-3.0934769999999997e-06
-0.34,-2.242723e-06,-3.379983e-06,-2.355577e-06
-0.32,-2.345243e-06,-3.420113e-06,-1.5795250000000001e-06
-0.3,-1.348656e-06,-1.9566199999999997e-06,-1.993973e-06
-0.28,-6.854539999999999e-07,-1.063745e-06,-7.434687e-07
-0.26,-2.626575e-07,-3.437202e-07,-1.410643e-07
-0.24,3.178915e-08,6.95387e-08,1.8994e-07
-0.22,2.884867e-07,4.5816120000000003e-07,4.93129e-07
-0.2,5.578997000000001e-07,7.88767e-07,8.825447e-07
-0.18,8.165823e-07,1.175403e-06,1.237393e-06
-0.16,1.090366e-06,1.567207e-06,1.636347e-06
-0.14,1.381241e-06,1.927217e-06,2.003907e-06
-0.12,1.68284e-06,2.31226e-06,2.410017e-06
-0.1,1.952647e-06,2.61744e-06,2.760887e-06
-0.08,2.2522599999999998e-06,2.956787e-06,3.155073e-06
-0.06,2.60989e-06,3.2770599999999997e-06,3.58065e-06
-0.04,2.934137e-06,3.6148229999999997e-06,3.970463e-06
-0.02,3.294943e-06,3.9712569999999994e-06,4.400017e-06
0.0,3.715753e-06,4.303453e-06,4.870493e-06
0.02,4.082123e-06,4.661083e-06,5.35806e-06
0.04,4.461607e-06,4.996456999999999e-06,5.8535730000000005e-06
0.06,4.8613529999999995e-06,5.42124e-06,6.424983e-06
0.08,5.268257e-06,5.80033e-06,6.88672e-06
0.1,5.70019e-06,6.23504e-06,7.448197e-06
0.12,6.191333e-06,6.66976e-06,8.006493000000001e-06
0.14,6.690027e-06,7.232427e-06,8.591813e-06
0.16,7.13269e-06,7.68542e-06,9.500583e-06
0.18,7.6146899999999994e-06,8.33233e-06,9.808943000000001e-06
0.2,8.058946999999999e-06,8.956197e-06,1.040021e-05
0.22,8.570353e-06,9.791443e-06,1.098597e-05
0.24,9.131033e-06,1.045185e-05,1.1682100000000001e-05
0.26,9.646003e-06,1.133043e-05,1.23922e-05
0.28,1.0225379999999999e-05,1.2150200000000001e-05,1.308523e-05
0.3,1.08536e-05,1.286747e-05,1.380323e-05
0.32,1.14544e-05,1.370153e-05,1.44418e-05
0.34,1.2018270000000001e-05,1.452443e-05,1.523453e-05
0.36,1.27359e-05,1.53466e-05,1.6092829999999998e-05
0.38,1.3485370000000001e-05,1.624627e-05,1.70958e-05
0.4,1.41855e-05,1.7199129999999998e-05,1.803953e-05
0.42,1.38422e-05,1.679897e-05,1.915373e-05
0.44,1.511493e-05,1.816353e-05,1.8767529999999998e-05
0.46,1.643817e-05,1.95853e-05,2.09252e-05
0.48,1.77419e-05,2.072297e-05,2.305147e-05
0.5,1.918157e-05,2.209147e-05,2.51603e-05
0.52,2.073723e-05,2.33547e-05,2.758147e-05
0.54,2.261997e-05,2.479277e-05,3.0481799999999997e-05
0.56,2.481457e-05,2.621057e-05,3.379703e-05
0.58,2.738357e-05,2.7893770000000002e-05,3.76793e-05
0.6,3.047307e-05,2.950907e-05,4.207927e-05
-0.6,-0.00013176129999999998,-0.00019869499999999998,-0.0001491303
-0.58,-4.95847e-05,-8.025287e-05,-5.524e-05
-0.56,-3.0040370000000003e-05,-4.9871600000000005e-05,-3.3243129999999996e-05
-0.54,-2.088187e-05,-3.489853e-05,-2.313697e-05
-0.52,-1.55278e-05,-2.5841e-05,-1.722733e-05
-0.5,-1.199127e-05,-1.9709270000000002e-05,-1.336493e-05
-0.48,-9.541913000000001e-06,-1.5363669999999998e-05,-1.0611200000000001e-05
-0.46,-7.724763e-06,-1.215857e-05,-8.586250000000001e-06
-0.44,-6.316503e-06,-9.753717e-06,-7.009509999999999e-06
-0.42,-5.185607e-06,-7.82887e-06,-5.7705230000000005e-06
-0.4,-4.28915e-06,-6.322463e-06,-4.7437369999999995e-06
-0.38,-3.5099199999999998e-06,-5.42601e-06,-3.9037069999999996e-06
-0.36,-2.8487030000000002e-06,-4.12345e-06,-3.15229e-06
-0.34,-2.267757e-06,-3.232557e-06,-2.4672370000000002e-06
-0.32,-1.6375380000000002e-06,-2.357963e-06,-1.68562e-06
-0.3,-1.10825e-06,-1.5342219999999998e-06,-1.0534140000000001e-06
-0.28,-6.592287e-07,-8.527437e-07,-5.229319e-07
-0.26,-2.841153e-07,-2.2808700000000002e-07,-9.417533e-08
-0.24,3.576067e-09,7.510199999999999e-08,2.264975e-07
-0.22,2.261005e-07,4.351137e-07,4.716713e-07
-0.2,4.863739999999999e-07,7.653243000000001e-07,8.281063e-07
-0.18,7.577723e-07,1.1177860000000002e-06,1.206397e-06
-0.16,1.021625e-06,1.464287e-06,1.517137e-06
-0.14,1.302955e-06,1.815557e-06,1.926023e-06
-0.12,1.62284e-06,2.14815e-06,2.330937e-06
-0.1,1.852513e-06,2.52724e-06,2.63731e-06
-0.08,2.1763629999999996e-06,2.831617e-06,3.020763e-06
-0.06,1.929603e-06,3.142753e-06,3.39826e-06
-0.04,2.476373e-06,2.586443e-06,3.112157e-06
-0.02,3.012817e-06,3.360113e-06,3.7984070000000003e-06
0.0,3.4825e-06,3.892583e-06,4.380543000000001e-06
0.02,3.863967e-06,4.318553e-06,4.990893e-06
0.04,4.281203e-06,4.711947e-06,5.53727e-06
0.06,4.734597e-06,5.118843e-06,6.075703e-06
0.08,5.213817e-06,5.558333e-06,6.6868469999999995e-06
0.1,5.631447e-06,6.01808e-06,7.23362e-06
0.12,6.122193e-06,6.539027e-06,7.808607e-06
0.14,6.564857e-06,7.05123e-06,8.365710000000001e-06
0.16,7.04408e-06,7.612306999999999e-06,8.916857e-06
0.18,7.525683000000001e-06,8.268757e-06,9.47914e-06
0.2,8.04027e-06,8.91606e-06,1.0025120000000001e-05
0.22,8.563997e-06,9.557397e-06,1.068473e-05
0.24,9.057123000000001e-06,1.028817e-05,1.126807e-05
0.26,9.581236999999999e-06,1.108007e-05,1.190187e-05
0.28,1.019239e-05,1.190383e-05,1.2568629999999999e-05
0.3,1.076658e-05,1.255037e-05,1.32068e-05
0.32,1.070817e-05,1.343133e-05,1.39987e-05
0.34,1.177507e-05,1.439533e-05,1.4758530000000001e-05
0.36,1.26183e-05,1.526553e-05,1.54841e-05
0.38,1.32863e-05,1.614293e-05,1.639167e-05
0.4,1.41402e-05,1.70068e-05,1.7395000000000002e-05
0.42,1.49417e-05,1.79402e-05,1.839477e-05
0.44,1.578293e-05,1.8967e-05,1.95054e-05
0.46,1.68117e-05,2.00371e-05,2.091567e-05
0.48,1.788613e-05,2.123313e-05,2.2431999999999998e-05
0.5,1.915773e-05,2.24173e-05,2.427143e-05
0.52,2.0564769999999998e-05,2.35613e-05,2.653757e-05
0.54,2.23414e-05,2.480467e-05,2.9135569999999997e-05
0.56,2.45007e-05,2.640447e-05,3.22223e-05
0.58,2.709627e-05,2.781513e-05,3.5961869999999997e-05
0.6,3.009477e-05,2.963423e-05,4.014493e-05
-0.6,-0.00013532800000000002,-0.00018652,-0.00014802200000000001
-0.58,-5.0246699999999994e-05,-7.435957e-05,-5.482673e-05
-0.56,-3.0286729999999998e-05,-4.614233e-05,-3.320337e-05
-0.54,-2.103847e-05,-3.227233e-05,-2.3155229999999997e-05
-0.52,-1.5818670000000003e-05,-2.419707e-05,-1.723447e-05
-0.5,-1.182557e-05,-1.8002969999999998e-05,-1.3711870000000001e-05
-0.48,-9.338853e-06,-1.403493e-05,-1.0519029999999999e-05
-0.46,-7.50184e-06,-1.11715e-05,-8.449953e-06
-0.44,-6.055433e-06,-8.942683e-06,-6.879967e-06
-0.42,-5.04573e-06,-7.204217e-06,-5.675953e-06
-0.4,-4.119873e-06,-5.82099e-06,-4.7036e-06
-0.38,-3.432437e-06,-4.6583e-06,-3.876687e-06
-0.36,-2.79864e-06,-3.7296600000000002e-06,-3.155467e-06
-0.34,-2.081e-06,-2.9150630000000003e-06,-2.423923e-06
-0.32,-1.545349e-06,-2.0400699999999998e-06,-1.657805e-06
-0.3,-9.667873e-07,-1.328784e-06,-1.033543e-06
-0.28,-5.658463e-07,-6.854543e-07,-5.555155e-07
-0.26,-2.042452e-07,-1.923243e-07,-1.323223e-07
-0.24,4.251794e-08,1.34309e-07,1.98285e-07
-0.22,3.4451469999999996e-07,4.239877e-07,4.669029e-07
-0.2,5.722047e-07,7.768467e-07,8.233377e-07
-0.18,8.436033e-07,1.133281e-06,1.131692e-06
-0.16,1.147189e-06,1.51078e-06,1.521907e-06
-0.14,1.4297169999999999e-06,1.828273e-06,1.8088e-06
-0.12,1.709463e-06,2.217293e-06,2.150933e-06
-0.1,1.964173e-06,2.5085599999999997e-06,2.52366e-06
-0.08,2.267363e-06,2.848307e-06,3.03745e-06
-0.06,2.59797e-06,3.143947e-06,3.352563e-06
-0.04,2.894403e-06,3.484883e-06,3.7391970000000003e-06
-0.02,3.271103e-06,3.87271e-06,4.208087e-06
0.0,3.6486e-06,4.192193e-06,4.608633e-06
0.02,4.049143e-06,4.543463e-06,5.052883e-06
0.04,4.46796e-06,4.9301e-06,5.52813e-06
0.06,4.915397e-06,5.3457430000000005e-06,6.073317e-06
0.08,5.284943e-06,5.73198e-06,6.7710870000000006e-06
0.1,5.783637e-06,6.198887e-06,7.3119e-06
0.12,6.264447e-06,6.664593e-06,7.719597e-06
0.14,6.686053e-06,7.174017e-06,8.30968e-06
0.16,7.149777e-06,7.755757e-06,8.848107e-06
0.18,7.5761499999999995e-06,8.391143e-06,9.443743e-06
0.2,8.103847e-06,9.07421e-06,1.003822e-05
0.22,7.676682999999999e-06,8.362927e-06,1.059295e-05
0.24,8.46704e-06,9.72828e-06,9.899527000000001e-06
0.26,9.241117e-06,1.0832529999999999e-05,1.1037599999999999e-05
0.28,9.88443e-06,1.16376e-05,1.20624e-05
0.3,1.055042e-05,1.2570229999999999e-05,1.2762970000000001e-05
0.32,1.11544e-05,1.33097e-05,1.35263e-05
0.34,1.176873e-05,1.424353e-05,1.42618e-05
0.36,1.2472470000000001e-05,1.5064070000000002e-05,1.51241e-05
0.38,1.3146000000000001e-05,1.58493e-05,1.597007e-05
0.4,1.386003e-05,1.677513e-05,1.704537e-05
0.42,1.46397e-05,1.7777699999999998e-05,1.80046e-05
0.44,1.562437e-05,1.868767e-05,1.9097330000000003e-05
0.46,1.6638430000000002e-05,1.97911e-05,2.031487e-05
0.48,1.773517e-05,2.08692e-05,2.18781e-05
0.5,1.896457e-05,2.2017570000000002e-05,2.36348e-05
0.52,2.04515e-05,2.3216770000000002e-05,2.576987e-05
0.54,2.217017e-05,2.4639369999999998e-05,2.832253e-05
0.56,2.411487e-05,2.497277e-05,3.1328230000000005e-05
0.58,2.66842e-05,2.732793e-05,3.489333e-05
0.6,2.960603e-05,2.9387869999999998e-05,3.897943e-05
