V,IGS 150,IGS 151,IGS 152
-0.6,-6.07399e-05,-0.00019893099999999998,-7.464486999999999e-05
-0.58,-2.76772e-05,-9.59766e-05,-2.94308e-05
-0.56,-1.746577e-05,-6.116667e-05,-1.778003e-05
-0.54,-1.173577e-05,-4.209917e-05,-1.197853e-05
-0.52,-8.306503e-06,-2.955357e-05,-8.424122999999999e-06
-0.5,-5.935827e-06,-2.180297e-05,-6.01252e-06
-0.48,-3.996687e-06,-1.607737e-05,-4.1238470000000005e-06
-0.46,-2.695717e-06,-1.179457e-05,-2.732673e-06
-0.44,-1.396732e-06,-8.685987e-06,-1.4499829999999998e-06
-0.42,-3.858407e-07,-6.2116e-06,-6.008157e-07
-0.4,1.1920940000000001e-07,-4.27882e-06,1.426538e-07
-0.38,7.18038e-07,-2.586047e-06,9.099637e-08
-0.36,1.2652050000000001e-06,-1.3796480000000002e-06,1.1146079999999999e-06
-0.34,1.7527770000000002e-06,-2.03848e-07,1.7432369999999998e-06
-0.32,2.202593e-06,6.143233e-07,2.1561e-06
-0.3,2.60035e-06,1.2997769999999998e-06,2.6567769999999997e-06
-0.28,3.02275e-06,1.91649e-06,3.1781200000000002e-06
-0.26,3.31998e-06,2.622203e-06,3.4964069999999997e-06
-0.24,2.948047e-06,3.13759e-06,3.846887e-06
-0.22,3.003673e-06,3.625553e-06,4.228753e-06
-0.2,3.12726e-06,4.032853e-06,4.510483e-06
-0.18,3.2389170000000003e-06,4.213253e-06,4.804927e-06
-0.16,3.47535e-06,4.764e-06,5.2328900000000005e-06
-0.14,3.717343e-06,5.199510000000001e-06,5.646547e-06
-0.12,3.8031729999999997e-06,5.578599999999999e-06,5.88258e-06
-0.1,3.908473e-06,5.902847e-06,6.268423e-06
-0.08,4.086497e-06,6.316503e-06,6.61254e-06
-0.06,4.88202e-06,6.520349999999999e-06,6.955067e-06
-0.04,5.24203e-06,6.6634e-06,7.36912e-06
-0.02,5.778473e-06,6.910563e-06,7.612306999999999e-06
0.0,6.124977e-06,7.379057e-06,8.098683e-06
0.02,6.421407e-06,7.727543e-06,8.583467e-06
0.04,6.26405e-06,8.294583e-06,8.966127e-06
0.06,7.139447e-06,8.656979999999999e-06,9.333687000000001e-06
0.08,7.568992999999999e-06,9.085733e-06,9.861793e-06
0.1,8.203983e-06,7.567007e-06,1.027904e-05
0.12,8.602937000000001e-06,7.742643e-06,1.094223e-05
0.14,8.990367e-06,7.920263e-06,1.1499700000000001e-05
0.16,9.898747000000001e-06,8.171793000000001e-06,1.22122e-05
0.18,1.00267e-05,8.54055e-06,1.293143e-05
0.2,1.0651369999999999e-05,8.852483e-06,1.3614899999999999e-05
0.22,1.124143e-05,9.495402999999999e-06,1.419543e-05
0.24,1.1809670000000001e-05,9.966693e-06,1.4938530000000001e-05
0.26,1.235287e-05,1.038511e-05,1.58767e-05
0.28,1.3046230000000001e-05,1.0722500000000001e-05,1.690587e-05
0.3,1.379807e-05,1.12474e-05,1.68868e-05
0.32,1.429437e-05,1.1926100000000001e-05,1.810907e-05
0.34,1.51535e-05,1.298667e-05,1.954157e-05
0.36,1.584887e-05,1.390617e-05,1.8599029999999998e-05
0.38,1.669327e-05,1.490633e-05,2.057433e-05
0.4,1.77014e-05,1.689713e-05,2.222897e-05
0.42,1.83789e-05,1.81834e-05,2.396983e-05
0.44,1.937827e-05,1.94955e-05,2.556403e-05
0.46,2.035257e-05,2.082823e-05,2.72155e-05
0.48,2.161107e-05,2.234457e-05,2.911647e-05
0.5,2.303957e-05,2.384027e-05,3.203987e-05
0.52,2.45901e-05,2.488137e-05,3.41646e-05
0.54,2.653837e-05,2.61263e-05,3.688373e-05
0.56,2.87509e-05,2.736013e-05,4.037937e-05
0.58,3.16926e-05,2.91896e-05,4.45334e-05
0.6,3.469747e-05,3.08172e-05,4.8587330000000004e-05
-0.6,-0.000131239,-0.00022270970000000002,-0.000148697
-0.58,-4.671377e-05,-8.889197e-05,-5.3455399999999996e-05
-0.56,-2.697707e-05,-5.2058700000000004e-05,-3.0815199999999996e-05
-0.54,-1.7737570000000002e-05,-3.454727e-05,-2.046507e-05
-0.52,-1.24244e-05,-2.45841e-05,-1.450973e-05
-0.5,-8.934337000000001e-06,-1.7870699999999998e-05,-1.059093e-05
-0.48,-6.98924e-06,-1.3353e-05,-7.712047e-06
-0.46,-4.723073e-06,-9.9496e-06,-5.7137e-06
-0.44,-3.32157e-06,-7.2495170000000005e-06,-4.15484e-06
-0.42,-2.405243e-06,-5.1581869999999994e-06,-2.87652e-06
-0.4,-1.1388469999999998e-06,-3.6426400000000003e-06,-1.641512e-06
-0.38,-3.389517e-07,-2.162853e-06,-8.110196999999999e-07
-0.36,1.63317e-07,-8.984403e-07,-1.3033529999999999e-07
-0.34,5.578997000000001e-07,-5.960367e-09,3.619989e-07
-0.32,1.041493e-06,5.761789999999999e-07,1.035134e-06
-0.3,1.472237e-06,1.256464e-06,1.4762070000000001e-06
-0.28,1.8886699999999998e-06,1.91649e-06,1.956223e-06
-0.26,2.284847e-06,2.3535869999999996e-06,2.3841870000000003e-06
-0.24,2.610683e-06,2.997717e-06,2.849897e-06
-0.22,2.89083e-06,3.249647e-06,3.241697e-06
-0.2,3.199973e-06,3.833373e-06,3.6541629999999997e-06
-0.18,3.594953e-06,4.2855729999999996e-06,4.034043000000001e-06
-0.16,3.928743e-06,4.591147e-06,4.460017e-06
-0.14,4.18703e-06,4.956723000000001e-06,4.8168470000000004e-06
-0.12,4.375777e-06,5.346140000000001e-06,4.322927e-06
-0.1,4.6511470000000005e-06,5.650123e-06,5.029837e-06
-0.08,4.868903e-06,5.556740000000001e-06,5.673567e-06
-0.06,5.287327e-06,5.238453e-06,6.190937e-06
-0.04,5.631843e-06,5.324283e-06,6.543397e-06
-0.02,5.925893e-06,5.809867e-06,6.90182e-06
0.0,6.140863e-06,5.874637e-06,7.365942999999999e-06
0.02,6.508827e-06,6.17226e-06,7.82291e-06
0.04,6.896653e-06,6.43611e-06,8.24094e-06
0.06,7.381837e-06,6.744463e-06,8.654993e-06
0.08,7.75377e-06,6.7913530000000005e-06,9.308647000000001e-06
0.1,7.956823e-06,6.6288299999999995e-06,9.785082999999999e-06
0.12,8.424516999999999e-06,7.2165330000000006e-06,1.033228e-05
0.14,8.957783000000001e-06,8.04742e-06,1.083853e-05
0.16,9.477922999999999e-06,8.335113e-06,1.13122e-05
0.18,9.797417e-06,8.695127e-06,1.19992e-05
0.2,9.456077e-06,9.000697e-06,1.272877e-05
0.22,1.01904e-05,9.39965e-06,1.319803e-05
0.24,1.072607e-05,9.981387e-06,1.41148e-05
0.26,1.163167e-05,1.0671999999999999e-05,1.4668699999999999e-05
0.28,1.230197e-05,1.082303e-05,1.55747e-05
0.3,1.304903e-05,1.176597e-05,1.6069e-05
0.32,1.3486170000000001e-05,1.221697e-05,1.679817e-05
0.34,1.3928000000000001e-05,1.2491129999999998e-05,1.76116e-05
0.36,1.466237e-05,1.35569e-05,1.8635199999999997e-05
0.38,1.531323e-05,1.4109229999999999e-05,1.940763e-05
0.4,1.619777e-05,1.491583e-05,2.046863e-05
0.42,1.7021870000000002e-05,1.557707e-05,2.187767e-05
0.44,1.788973e-05,1.614173e-05,2.3152800000000003e-05
0.46,1.88871e-05,1.68749e-05,2.43648e-05
0.48,2.029697e-05,1.7504299999999998e-05,2.618433e-05
0.5,2.166073e-05,1.83042e-05,2.838493e-05
0.52,2.3347129999999997e-05,1.9381069999999998e-05,3.091213e-05
0.54,2.513923e-05,2.035657e-05,3.32427e-05
0.56,2.723693e-05,2.205373e-05,3.676533e-05
0.58,2.9902470000000002e-05,2.375363e-05,4.095397e-05
0.6,3.3516500000000003e-05,2.3919369999999998e-05,4.5228e-05
-0.6,-0.00013087500000000002,-0.0001456543,-0.0001053444
-0.58,-4.7553000000000004e-05,-6.10089e-05,-4.384397e-05
-0.56,-2.770307e-05,-3.74675e-05,-2.7047e-05
-0.54,-1.841227e-05,-2.5692e-05,-1.8361000000000003e-05
-0.52,-1.29191e-05,-1.8558929999999998e-05,-1.313727e-05
-0.5,-9.327727e-06,-1.3689200000000001e-05,-9.72669e-06
-0.48,-6.929633e-06,-1.036803e-05,-7.284877e-06
-0.46,-5.0203e-06,-7.976293000000001e-06,-5.149047e-06
-0.44,-3.587403e-06,-6.055037e-06,-3.7837029999999997e-06
-0.42,-2.36948e-06,-4.502933e-06,-2.6051200000000004e-06
-0.4,-1.366138e-06,-3.333887e-06,-1.500448e-06
-0.38,-4.692873e-07,-2.455313e-06,-6.198869999999999e-07
-0.36,3.496807e-08,-1.618467e-06,3.29812e-08
-0.34,4.5855829999999997e-07,-7.498267e-07,5.074343e-07
-0.32,3.04381e-07,-9.655967e-08,1.1400379999999999e-06
-0.3,3.72728e-07,4.327297e-07,1.61171e-06
-0.28,6.671747000000001e-07,8.817527e-07,2.081393e-06
-0.26,1.1670580000000001e-06,1.2513e-06,2.570947e-06
-0.24,1.444417e-06,1.66257e-06,2.9468530000000003e-06
-0.22,1.69317e-06,2.081393e-06,3.222623e-06
-0.2,2.045233e-06,2.49783e-06,3.618397e-06
-0.18,2.251067e-06,2.804597e-06,3.97563e-06
-0.16,2.4338600000000003e-06,3.115337e-06,4.377763e-06
-0.14,2.783537e-06,3.54886e-06,4.6662529999999995e-06
-0.12,3.040233e-06,4.718303e-06,5.089043e-06
-0.1,3.226997e-06,5.19991e-06,5.4876e-06
-0.08,4.130603e-06,5.81821e-06,5.797147e-06
-0.06,4.572867e-06,6.169873e-06,6.09994e-06
-0.04,5.097787e-06,6.56088e-06,6.5414129999999995e-06
-0.02,5.589327e-06,6.92169e-06,7.104473e-06
0.0,6.106297e-06,7.28051e-06,7.44621e-06
0.02,6.398357e-06,7.771253e-06,7.736283e-06
0.04,6.8299000000000005e-06,8.12729e-06,8.297363e-06
0.06,7.20342e-06,8.37485e-06,8.759893e-06
0.08,7.296007e-06,8.957387e-06,9.20256e-06
0.1,7.867412999999999e-06,9.33369e-06,9.628547e-06
0.12,8.552073e-06,9.866553e-06,9.185473e-06
0.14,8.773406999999999e-06,1.035052e-05,1.027266e-05
0.16,9.20216e-06,1.083097e-05,1.109757e-05
0.18,9.754497e-06,1.13964e-05,1.164317e-05
0.2,1.007518e-05,1.21367e-05,1.229327e-05
0.22,8.96931e-06,1.294257e-05,1.289047e-05
0.24,8.891823e-06,1.357357e-05,1.374043e-05
0.26,8.560817e-06,1.430473e-05,1.4299170000000002e-05
0.28,9.255010000000001e-06,1.463333e-05,1.484077e-05
0.3,9.545477e-06,1.560923e-05,1.559573e-05
0.32,9.95754e-06,1.646597e-05,1.645367e-05
0.34,1.039585e-05,1.776853e-05,1.724363e-05
0.36,1.101133e-05,1.82887e-05,1.802923e-05
0.38,1.160307e-05,1.962067e-05,1.897493e-05
0.4,1.217523e-05,2.006013e-05,2.008717e-05
0.42,1.266837e-05,2.107663e-05,2.1358729999999998e-05
0.44,1.32211e-05,2.215903e-05,2.22234e-05
0.46,1.406633e-05,2.2659300000000002e-05,2.360143e-05
0.48,1.5069270000000001e-05,2.383787e-05,2.5433669999999998e-05
0.5,1.79446e-05,2.4915930000000002e-05,2.732433e-05
0.52,1.984833e-05,2.617913e-05,2.940617e-05
0.54,2.18741e-05,2.755167e-05,3.185747e-05
0.56,2.474507e-05,2.6635730000000002e-05,3.53563e-05
0.58,2.7472170000000002e-05,2.902667e-05,3.926077e-05
0.6,3.0863270000000004e-05,3.12094e-05,4.321973e-05
-0.6,-0.00013205269999999998,-0.000173261,-0.0001426777
-0.58,-4.7428199999999994e-05,-6.930590000000001e-05,-5.24906e-05
-0.56,-2.7406999999999997e-05,-4.165807e-05,-3.02907e-05
-0.54,-1.828433e-05,-2.81334e-05,-2.022423e-05
-0.52,-1.282093e-05,-1.998227e-05,-1.43802e-05
-0.5,-9.234747e-06,-1.452527e-05,-1.045743e-05
-0.48,-6.857712999999999e-06,-1.077097e-05,-7.752577000000001e-06
-0.46,-5.045733e-06,-7.975897e-06,-5.7752930000000004e-06
-0.44,-3.670853e-06,-5.90841e-06,-4.22994e-06
-0.42,-2.396103e-06,-4.321337e-06,-2.921023e-06
-0.4,-1.308919e-06,-2.9440700000000003e-06,-1.805223e-06
-0.38,-1.3132890000000001e-06,-1.777807e-06,-1.401504e-06
-0.36,-1.907347e-07,-6.151202000000001e-07,-1.959007e-07
-0.34,3.325941e-07,4.768233e-09,3.957747e-07
-0.32,8.3089e-07,5.789587e-07,9.163217000000001e-07
-0.3,1.3796480000000002e-06,1.0426830000000002e-06,1.405476e-06
-0.28,1.8533100000000002e-06,1.262031e-06,1.97967e-06
-0.26,2.162853e-06,2.003907e-06,2.4032599999999997e-06
-0.24,2.4767699999999998e-06,2.605517e-06,2.7064470000000003e-06
-0.22,2.893607e-06,2.91069e-06,3.16898e-06
-0.2,3.216663e-06,3.2214329999999996e-06,3.615223e-06
-0.18,3.61323e-06,3.73721e-06,4.04239e-06
-0.16,3.809133e-06,4.044772999999999e-06,4.3197470000000006e-06
-0.14,4.0948399999999996e-06,4.449686999999999e-06,4.66307e-06
-0.12,4.30584e-06,4.756447e-06,5.051693e-06
-0.1,4.70082e-06,5.20865e-06,5.307597e-06
-0.08,5.058447e-06,5.517007e-06,5.626677e-06
-0.06,5.29766e-06,5.723236999999999e-06,5.971987e-06
-0.04,5.643767e-06,6.143647e-06,6.4492230000000004e-06
-0.02,5.939407e-06,6.451207e-06,6.872413e-06
0.0,6.26127e-06,6.9371870000000005e-06,7.220107e-06
0.02,6.4436599999999996e-06,6.530282999999999e-06,7.627407e-06
0.04,6.767507e-06,7.369913e-06,8.12888e-06
0.06,7.050437e-06,7.736683e-06,8.639497e-06
0.08,7.729927e-06,8.169017e-06,9.058712999999999e-06
0.1,8.27511e-06,8.634727e-06,9.46362e-06
0.12,8.793277e-06,9.05911e-06,1.004418e-05
0.14,9.094079999999998e-06,9.75649e-06,1.065733e-05
0.16,9.53158e-06,1.025317e-05,1.109997e-05
0.18,9.921777e-06,1.079363e-05,1.158757e-05
0.2,1.050473e-05,1.1428999999999998e-05,1.232187e-05
0.22,1.0887800000000001e-05,1.2039730000000001e-05,1.3104269999999999e-05
0.24,1.16976e-05,1.27729e-05,1.356203e-05
0.26,1.23473e-05,1.344207e-05,1.4340870000000001e-05
0.28,1.266717e-05,1.434203e-05,1.47633e-05
0.3,1.3138029999999999e-05,1.4938530000000001e-05,1.5666899999999997e-05
0.32,1.2231300000000001e-05,1.598477e-05,1.638333e-05
0.34,1.3681670000000001e-05,1.677397e-05,1.69154e-05
0.36,1.433613e-05,1.758933e-05,1.5982800000000002e-05
0.38,1.51511e-05,1.8196130000000002e-05,1.772047e-05
0.4,1.60281e-05,1.8903000000000002e-05,1.915533e-05
0.42,1.65141e-05,2.0008899999999997e-05,2.02187e-05
0.44,1.743673e-05,2.0952229999999998e-05,2.14116e-05
0.46,1.83813e-05,2.1882869999999998e-05,2.2941430000000002e-05
0.48,1.97522e-05,2.278803e-05,2.4631429999999998e-05
0.5,2.124907e-05,2.421577e-05,2.65185e-05
0.52,2.2410929999999998e-05,2.55533e-05,2.86166e-05
0.54,2.41371e-05,2.70943e-05,3.0393630000000002e-05
0.56,2.629e-05,2.8915e-05,3.41149e-05
0.58,2.87704e-05,3.036657e-05,3.7688800000000004e-05
0.6,3.1896029999999996e-05,3.201563e-05,4.155717e-05
