V,IGS 150,IGS 151,IGS 152
-0.6,-0.000131794,-0.000144776,-0.0001456877
-0.58,-7.801967e-05,-9.318113e-05,-8.801660000000001e-05
-0.56,-5.3726e-05,-6.890257e-05,-6.15565e-05
-0.54,-3.867863e-05,-5.337317e-05,-4.424017e-05
-0.52,-2.8419499999999998e-05,-4.186113e-05,-3.274043e-05
-0.5,-2.0963770000000002e-05,-3.2971329999999996e-05,-2.43767e-05
-0.48,-1.540303e-05,-2.6054369999999997e-05,-1.80626e-05
-0.46,-1.10634e-05,-2.0447530000000002e-05,-1.31571e-05
-0.44,-7.63734e-06,-1.570423e-05,-9.21845e-06
-0.42,-4.872483e-06,-1.18931e-05,-6.163516999999999e-06
-0.4,-2.563793e-06,-8.57512e-06,-3.58184e-06
-0.38,-2.308683e-07,-5.8126469999999994e-06,-1.118182e-06
-0.36,1.117788e-06,-3.4046170000000002e-06,4.7922e-07
-0.34,2.51333e-06,-1.008511e-06,1.925627e-06
-0.32,3.7435699999999996e-06,5.245202e-07,3.245673e-06
-0.3,4.8331430000000005e-06,1.976887e-06,4.44174e-06
-0.28,5.805893e-06,3.377993e-06,5.57383e-06
-0.26,6.836653e-06,4.642807000000001e-06,6.64234e-06
-0.24,7.628597e-06,5.789997e-06,7.603567000000001e-06
-0.22,8.54055e-06,6.8736099999999996e-06,8.4881e-06
-0.2,9.283220000000001e-06,7.849137e-06,9.266133e-06
-0.18,9.75647e-06,8.857247e-06,1.008789e-05
-0.16,1.0262340000000001e-05,9.77674e-06,1.085597e-05
-0.14,1.0663259999999999e-05,1.0522230000000001e-05,1.154183e-05
-0.12,1.11107e-05,1.120963e-05,1.2189129999999999e-05
-0.1,1.1489e-05,1.182637e-05,1.274387e-05
-0.08,1.185337e-05,1.24637e-05,1.32199e-05
-0.06,1.215657e-05,1.295647e-05,1.3729729999999999e-05
-0.04,1.24057e-05,1.35088e-05,1.4145000000000001e-05
-0.02,1.272003e-05,1.397097e-05,1.45634e-05
0.0,1.298387e-05,1.435757e-05,1.50029e-05
0.02,1.32036e-05,1.46997e-05,1.536407e-05
0.04,1.34083e-05,1.5024370000000001e-05,1.57976e-05
0.06,1.36304e-05,1.538117e-05,1.61934e-05
0.08,1.390377e-05,1.574477e-05,1.6586e-05
0.1,1.419067e-05,1.6102369999999998e-05,1.704573e-05
0.12,1.454673e-05,1.641193e-05,1.7537700000000003e-05
0.14,1.489163e-05,1.6764e-05,1.805267e-05
0.16,1.4018230000000001e-05,1.5620369999999998e-05,1.6867330000000002e-05
0.18,1.480503e-05,1.650413e-05,1.808207e-05
0.2,1.557707e-05,1.7270670000000002e-05,1.9124369999999997e-05
0.22,1.630627e-05,1.7853199999999997e-05,2.00216e-05
0.24,1.6945999999999997e-05,1.8532700000000003e-05,2.076347e-05
0.26,1.7488e-05,1.90822e-05,2.168457e-05
0.28,1.8093600000000002e-05,1.968263e-05,2.25075e-05
0.3,1.87107e-05,2.0240530000000003e-05,2.34155e-05
0.32,1.9317869999999998e-05,2.08632e-05,2.4250370000000002e-05
0.34,1.99926e-05,2.149187e-05,2.510033e-05
0.36,2.0687570000000003e-05,2.21598e-05,2.60115e-05
0.38,2.14418e-05,2.287547e-05,2.693337e-05
0.4,2.2176069999999997e-05,2.35514e-05,2.7905300000000002e-05
0.42,2.2890570000000002e-05,2.429563e-05,2.886017e-05
0.44,2.3740130000000002e-05,2.501803e-05,2.993507e-05
0.46,2.45301e-05,2.581833e-05,3.097533e-05
0.48,2.5393999999999998e-05,2.659043e-05,3.20526e-05
0.5,2.62753e-05,2.7378400000000002e-05,3.31883e-05
0.52,2.71551e-05,2.815723e-05,3.447217e-05
0.54,2.80404e-05,2.90426e-05,3.5570070000000005e-05
0.56,2.8939229999999998e-05,2.990963e-05,3.67411e-05
0.58,2.9923500000000002e-05,3.07115e-05,3.801107e-05
0.6,3.089823e-05,3.16147e-05,3.929177e-05
-0.6,-0.0002932657,-0.00029950429999999996,-0.0003160077
-0.58,-0.0001621433,-0.0001684903,-0.000176632
-0.56,-0.0001032808,-0.0001114023,-0.000116723
-0.54,-7.09347e-05,-7.938702999999999e-05,-8.27376e-05
-0.52,-5.093697e-05,-5.88079e-05,-6.0764530000000006e-05
-0.5,-3.7452370000000005e-05,-4.450083e-05,-4.5466030000000004e-05
-0.48,-2.7834200000000002e-05,-3.40871e-05,-3.4227369999999995e-05
-0.46,-2.072133e-05,-2.62332e-05,-2.5879170000000002e-05
-0.44,-1.531007e-05,-2.0080400000000002e-05,-1.9418e-05
-0.42,-1.113573e-05,-1.5218230000000002e-05,-1.4354400000000001e-05
-0.4,-7.839203e-06,-1.1304599999999998e-05,-1.026549e-05
-0.38,-5.625883e-06,-8.089143e-06,-7.02262e-06
-0.36,-3.127257e-06,-5.424817e-06,-4.45485e-06
-0.34,-9.159233e-07,-3.23137e-06,-1.970527e-06
-0.32,4.529939e-07,-9.27052e-07,-5.324677e-08
-0.3,4.45843e-07,-9.11158e-07,3.480912e-07
-0.28,2.023377e-06,1.062154e-06,1.6979369999999998e-06
-0.26,3.4006430000000002e-06,2.551077e-06,3.27746e-06
-0.24,4.49856e-06,3.7495300000000003e-06,4.539493e-06
-0.22,5.450647e-06,4.889567e-06,5.55118e-06
-0.2,6.3013999999999995e-06,5.925893e-06,6.570023e-06
-0.18,7.074673e-06,6.852153e-06,7.3564069999999995e-06
-0.16,7.934967e-06,7.75417e-06,8.234977e-06
-0.14,8.486507e-06,8.627177e-06,8.97169e-06
-0.12,9.090503e-06,9.41753e-06,9.806936999999999e-06
-0.1,9.712393000000001e-06,1.016337e-05,1.046022e-05
-0.08,1.025517e-05,1.0778130000000001e-05,1.115797e-05
-0.06,1.066404e-05,1.146517e-05,1.1755999999999999e-05
-0.04,1.099267e-05,1.20012e-05,1.238743e-05
-0.02,1.14103e-05,1.2496729999999999e-05,1.2951299999999999e-05
0.0,1.175683e-05,1.302837e-05,1.3537000000000001e-05
0.02,1.203777e-05,1.34603e-05,1.404603e-05
0.04,1.239417e-05,1.378857e-05,1.4580499999999999e-05
0.06,1.274667e-05,1.423797e-05,1.5068029999999999e-05
0.08,1.301247e-05,1.455623e-05,1.56188e-05
0.1,1.33228e-05,1.4955999999999999e-05,1.612503e-05
0.12,1.365183e-05,1.53061e-05,1.6607469999999998e-05
0.14,1.410247e-05,1.5763830000000002e-05,1.70402e-05
0.16,1.45936e-05,1.62355e-05,1.756787e-05
0.18,1.5016e-05,1.670323e-05,1.8239029999999998e-05
0.2,1.540027e-05,1.719873e-05,1.880527e-05
0.22,1.59033e-05,1.7495569999999997e-05,1.942753e-05
0.24,1.636627e-05,1.791277e-05,2.009033e-05
0.26,1.69055e-05,1.853543e-05,2.063037e-05
0.28,1.736997e-05,1.8952299999999998e-05,2.12884e-05
0.3,1.79597e-05,1.961987e-05,2.1952770000000002e-05
0.32,1.8515999999999997e-05,2.024097e-05,2.270937e-05
0.34,1.9197430000000002e-05,2.0844530000000002e-05,2.352117e-05
0.36,1.981017e-05,2.1450899999999998e-05,2.435447e-05
0.38,2.0433269999999998e-05,2.21475e-05,2.5179e-05
0.4,2.114573e-05,2.279797e-05,2.5225069999999998e-05
0.42,2.185463e-05,2.3442900000000002e-05,2.650217e-05
0.44,2.26156e-05,2.423687e-05,2.74829e-05
0.46,2.16651e-05,2.3270069999999997e-05,2.8447700000000002e-05
0.48,2.29764e-05,2.459843e-05,2.76824e-05
0.5,2.416093e-05,2.5757170000000003e-05,2.931157e-05
0.52,2.5206770000000002e-05,2.6754970000000002e-05,3.073137e-05
0.54,2.625943e-05,2.77845e-05,3.2035899999999996e-05
0.56,2.732953e-05,2.8774770000000002e-05,3.34442e-05
0.58,2.84505e-05,2.97777e-05,3.477693e-05
0.6,2.9508269999999998e-05,3.0752830000000004e-05,3.6122e-05
-0.6,-0.00029454970000000004,-0.0003037123,-0.00031653430000000004
-0.58,-0.00016356269999999998,-0.00017039500000000002,-0.00017941369999999998
-0.56,-0.0001048907,-0.0001119303,-0.00011834330000000001
-0.54,-7.23696e-05,-7.942797e-05,-8.363327000000001e-05
-0.52,-5.19725e-05,-5.855443e-05,-6.149767e-05
-0.5,-3.81724e-05,-4.4140430000000004e-05,-4.591107e-05
-0.48,-2.836307e-05,-3.366947e-05,-3.461323e-05
-0.46,-2.114733e-05,-2.581673e-05,-2.614497e-05
-0.44,-1.568237e-05,-1.96143e-05,-1.9624270000000002e-05
-0.42,-1.14616e-05,-1.488287e-05,-1.453837e-05
-0.4,-8.093913e-06,-1.100143e-05,-1.050947e-05
-0.38,-5.43038e-06,-7.876556999999999e-06,-7.386607e-06
-0.36,-3.210307e-06,-5.16693e-06,-4.705983e-06
-0.34,-1.050232e-06,-2.942883e-06,-2.28246e-06
-0.32,3.42528e-07,-5.726006e-07,-2.0345069999999998e-07
-0.3,1.395147e-06,6.103526e-07,1.115799e-06
-0.28,2.495447e-06,1.83503e-06,2.3992830000000002e-06
-0.26,3.496013e-06,2.96831e-06,3.509123e-06
-0.24,4.40518e-06,4.096823e-06,4.5049199999999996e-06
-0.22,5.294083e-06,5.10335e-06,5.4240230000000005e-06
-0.2,6.116627e-06,5.972387e-06,6.340343e-06
-0.18,6.870427e-06,6.879567000000001e-06,7.239977e-06
-0.16,7.551113e-06,7.672707e-06,7.987023e-06
-0.14,8.303723000000001e-06,8.316039999999999e-06,8.825460000000001e-06
-0.12,8.927979999999999e-06,8.980037e-06,9.622972999999999e-06
-0.1,9.442973e-06,9.822437e-06,1.042843e-05
-0.08,9.987357e-06,1.055041e-05,1.111943e-05
-0.06,1.0450290000000002e-05,1.122237e-05,1.180013e-05
-0.04,1.08397e-05,1.18176e-05,1.2390229999999999e-05
-0.02,1.1229099999999999e-05,1.231433e-05,1.298823e-05
0.0,1.005211e-05,1.1178269999999999e-05,1.3555299999999999e-05
0.02,1.113337e-05,1.22416e-05,1.407227e-05
0.04,1.1754800000000001e-05,1.30757e-05,1.2811029999999999e-05
0.06,1.224197e-05,1.363753e-05,1.39769e-05
0.08,1.27419e-05,1.413503e-05,1.49417e-05
0.1,1.310903e-05,1.462183e-05,1.56252e-05
0.12,1.34357e-05,1.506883e-05,1.62085e-05
0.14,1.386207e-05,1.55445e-05,1.68685e-05
0.16,1.43389e-05,1.5954570000000003e-05,1.74296e-05
0.18,1.47879e-05,1.64179e-05,1.804193e-05
0.2,1.5243299999999999e-05,1.685423e-05,1.86924e-05
0.22,1.578807e-05,1.736997e-05,1.9228870000000003e-05
0.24,1.619697e-05,1.77896e-05,1.994097e-05
0.26,1.6744500000000002e-05,1.832963e-05,2.06093e-05
0.28,1.725433e-05,1.882713e-05,2.1280029999999998e-05
0.3,1.782817e-05,1.936993e-05,2.199847e-05
0.32,1.8451230000000003e-05,2.00009e-05,2.258617e-05
0.34,1.896503e-05,2.05648e-05,2.33694e-05
0.36,1.95837e-05,2.12427e-05,2.414347e-05
0.38,2.03049e-05,2.195557e-05,2.491473e-05
0.4,2.1082970000000003e-05,2.26001e-05,2.576867e-05
0.42,2.163013e-05,2.323907e-05,2.6559829999999998e-05
0.44,2.231993e-05,2.404533e-05,2.7421729999999997e-05
0.46,2.30042e-05,2.47399e-05,2.825497e-05
0.48,2.3789430000000002e-05,2.54921e-05,2.9199130000000002e-05
0.5,2.45865e-05,2.638297e-05,3.0159969999999997e-05
0.52,2.542537e-05,2.723497e-05,3.1187529999999994e-05
0.54,2.636433e-05,2.81e-05,3.2244529999999995e-05
0.56,2.66409e-05,2.897223e-05,3.3372629999999995e-05
0.58,2.78282e-05,2.990367e-05,3.460087e-05
0.6,2.90513e-05,3.088433e-05,3.5748100000000004e-05
-0.6,-0.0002958757,-0.0003023257,-0.0003221507
-0.58,-0.00016420630000000001,-0.0001692843,-0.0001836447
-0.56,-0.000105169,-0.0001108907,-0.0001202373
-0.54,-7.225077000000001e-05,-7.825453e-05,-8.450269999999999e-05
-0.52,-5.189817e-05,-5.74311e-05,-6.161053e-05
-0.5,-3.8172e-05,-4.3034130000000004e-05,-4.58193e-05
-0.48,-2.834283e-05,-3.270983e-05,-3.44328e-05
-0.46,-2.120377e-05,-2.49422e-05,-2.59467e-05
-0.44,-1.53629e-05,-1.853187e-05,-1.94784e-05
-0.42,-1.1105970000000001e-05,-1.373687e-05,-1.4388969999999999e-05
-0.4,-7.749396999999999e-06,-9.969883e-06,-1.12792e-05
-0.38,-5.08825e-06,-6.935993e-06,-7.5046230000000005e-06
-0.36,-2.9365229999999998e-06,-4.509687e-06,-4.5979029999999995e-06
-0.34,-7.653253999999999e-07,-2.235173e-06,-2.1990129999999998e-06
-0.32,4.5577780000000004e-07,-2.32458e-07,-1.013277e-07
-0.3,1.571576e-06,8.75392e-07,1.091563e-06
-0.28,2.6845929999999997e-06,2.1402000000000003e-06,2.382593e-06
-0.26,3.635487e-06,3.2877970000000002e-06,3.537337e-06
-0.24,4.53432e-06,4.3141800000000004e-06,4.567307e-06
-0.22,5.4856169999999995e-06,5.2527600000000005e-06,5.542436999999999e-06
-0.2,6.282327e-06,6.224713e-06,6.4194200000000004e-06
-0.18,7.071893e-06,7.145407e-06,7.168053e-06
-0.16,7.658403e-06,7.839597e-06,8.030337e-06
-0.14,8.35101e-06,8.546117000000001e-06,8.776582999999998e-06
-0.12,8.969703e-06,9.325337e-06,9.56813e-06
-0.1,9.548657e-06,1.0066840000000001e-05,1.030209e-05
-0.08,1.007636e-05,1.0594540000000001e-05,1.1013769999999999e-05
-0.06,1.048685e-05,1.12144e-05,1.1645170000000001e-05
-0.04,1.09752e-05,1.181087e-05,1.229443e-05
-0.02,1.142227e-05,1.228727e-05,1.287937e-05
0.0,1.172467e-05,1.276533e-05,1.34504e-05
0.02,1.206277e-05,1.2972370000000001e-05,1.387477e-05
0.04,1.24502e-05,1.3400300000000001e-05,1.4421929999999999e-05
0.06,1.2799099999999999e-05,1.393397e-05,1.4898369999999999e-05
0.08,1.31595e-05,1.412707e-05,1.5467e-05
0.1,1.3469870000000001e-05,1.466673e-05,1.5898530000000002e-05
0.12,1.382947e-05,1.502473e-05,1.565257e-05
0.14,1.418867e-05,1.5433230000000002e-05,1.6486629999999998e-05
0.16,1.455943e-05,1.5975630000000002e-05,1.7153030000000002e-05
0.18,1.502473e-05,1.6432199999999998e-05,1.7694629999999997e-05
0.2,1.540383e-05,1.691023e-05,1.8262469999999998e-05
0.22,1.591007e-05,1.73493e-05,1.89221e-05
0.24,1.6450499999999998e-05,1.783093e-05,1.9534030000000002e-05
0.26,1.686573e-05,1.835387e-05,2.014793e-05
0.28,1.73529e-05,1.895903e-05,2.0744399999999997e-05
0.3,1.634877e-05,1.7829730000000002e-05,2.139847e-05
0.32,1.747767e-05,1.901507e-05,2.2087499999999998e-05
0.34,1.847543e-05,1.9958400000000002e-05,2.2803529999999998e-05
0.36,1.93135e-05,2.075553e-05,2.173503e-05
0.38,2.0002100000000003e-05,2.1576500000000003e-05,2.31397e-05
0.4,2.06725e-05,2.23001e-05,2.425153e-05
0.42,2.1526399999999998e-05,2.2991500000000002e-05,2.5262030000000002e-05
0.44,2.22385e-05,2.3743670000000002e-05,2.620657e-05
0.46,2.29104e-05,2.45611e-05,2.711097e-05
0.48,2.374847e-05,2.53721e-05,2.811233e-05
0.5,2.4569e-05,2.617757e-05,2.904493e-05
0.52,2.5385630000000002e-05,2.6967930000000002e-05,3.01063e-05
0.54,2.632897e-05,2.7802e-05,3.11736e-05
0.56,2.72759e-05,2.8702e-05,3.2207570000000004e-05
0.58,2.8276469999999997e-05,2.97125e-05,3.34108e-05
0.6,2.934097e-05,3.065983e-05,3.46621e-05
