V,IGS 150,IGS 151,IGS 152
-0.6,-5.7406e-05,-0.0001845277,-5.71537e-05
-0.58,-2.522907e-05,-8.714513e-05,-2.488933e-05
-0.56,-1.553217e-05,-5.57049e-05,-1.5392299999999998e-05
-0.54,-1.034063e-05,-3.86226e-05,-1.03585e-05
-0.52,-7.120767e-06,-2.7895e-05,-7.370317e-06
-0.5,-4.850227e-06,-2.0444e-05,-4.965467e-06
-0.48,-3.229777e-06,-1.514753e-05,-3.38912e-06
-0.46,-1.771447e-06,-1.121917e-05,-2.0309300000000003e-06
-0.44,-7.557867000000001e-07,-8.097490000000001e-06,-8.710216999999999e-07
-0.42,-7.788333e-08,-5.762973e-06,-1.27554e-07
-0.4,4.5577669999999996e-07,-3.847677e-06,4.30743e-07
-0.38,9.067853e-07,-2.3210029999999998e-06,1.008112e-06
-0.36,1.33316e-06,-8.352592999999999e-07,1.5246869999999998e-06
-0.34,1.753967e-06,4.64916e-08,1.97013e-06
-0.32,2.10722e-06,8.090343e-07,2.32458e-06
-0.3,2.437033e-06,1.512368e-06,2.693733e-06
-0.28,2.7135999999999997e-06,2.1572929999999997e-06,3.018773e-06
-0.26,2.967913e-06,2.681813e-06,3.320773e-06
-0.24,3.265937e-06,3.231763e-06,3.6807829999999997e-06
-0.22,3.22024e-06,3.619193e-06,3.985567e-06
-0.2,3.6223729999999997e-06,4.01219e-06,4.222397e-06
-0.18,3.881453e-06,4.427833e-06,4.5228e-06
-0.16,4.110733e-06,4.7544630000000004e-06,4.806913e-06
-0.14,4.34995e-06,5.02467e-06,5.09421e-06
-0.12,4.537103e-06,5.37753e-06,5.35806e-06
-0.1,4.760423e-06,5.67476e-06,5.72721e-06
-0.08,4.960297e-06,5.96126e-06,6.022057e-06
-0.06,5.1947430000000006e-06,6.212393e-06,6.2719969999999995e-06
-0.04,5.39422e-06,6.5116099999999995e-06,6.54459e-06
-0.02,5.635817e-06,6.7710899999999996e-06,6.92129e-06
0.0,5.896093e-06,7.140637e-06,7.299187e-06
0.02,6.134907e-06,7.5077999999999995e-06,7.676682999999999e-06
0.04,6.385643e-06,7.80066e-06,8.0506e-06
0.06,6.73612e-06,8.111793e-06,8.416573e-06
0.08,7.041693e-06,8.400283e-06,8.868377e-06
0.1,7.348457e-06,8.800427e-06,9.398467000000001e-06
0.12,7.683833e-06,9.147727e-06,9.880857e-06
0.14,7.371503e-06,8.85566e-06,9.43781e-06
0.16,8.166630000000001e-06,9.39528e-06,1.062116e-05
0.18,8.744797e-06,1.00696e-05,1.1377329999999999e-05
0.2,9.33091e-06,1.064497e-05,1.220743e-05
0.22,9.85542e-06,1.12327e-05,1.304627e-05
0.24,1.0402990000000001e-05,1.186013e-05,1.386327e-05
0.26,1.104437e-05,1.248717e-05,1.469177e-05
0.28,1.158437e-05,1.3214370000000001e-05,1.55763e-05
0.3,1.2133930000000001e-05,1.381713e-05,1.639643e-05
0.32,1.28011e-05,1.448393e-05,1.73382e-05
0.34,1.35084e-05,1.52274e-05,1.826803e-05
0.36,1.42002e-05,1.6049129999999997e-05,1.93977e-05
0.38,1.5016369999999999e-05,1.679897e-05,2.057153e-05
0.4,1.568873e-05,1.77165e-05,2.16945e-05
0.42,1.643817e-05,1.8605369999999998e-05,2.316593e-05
0.44,1.7291299999999998e-05,1.95706e-05,2.45023e-05
0.46,1.8275170000000002e-05,2.0611269999999998e-05,2.593797e-05
0.48,1.9243970000000002e-05,2.163373e-05,2.7536930000000003e-05
0.5,2.037407e-05,2.2677570000000002e-05,2.9443469999999998e-05
0.52,2.171953e-05,2.372027e-05,3.160437e-05
0.54,2.320967e-05,2.4971970000000002e-05,3.41765e-05
0.56,2.49958e-05,2.603887e-05,3.70582e-05
0.58,2.72266e-05,2.7120500000000002e-05,4.054707e-05
0.6,2.972483e-05,2.83754e-05,4.446347e-05
-0.6,-0.0001158621,-0.0001928603,-0.000132986
-0.58,-4.107077e-05,-7.879257e-05,-4.6043e-05
-0.56,-2.3525169999999998e-05,-4.79571e-05,-2.634643e-05
-0.54,-1.53267e-05,-3.255963e-05,-1.7280170000000002e-05
-0.52,-1.054407e-05,-2.32375e-05,-1.2091369999999999e-05
-0.5,-7.4434269999999994e-06,-1.6890770000000002e-05,-8.669697e-06
-0.48,-5.2376600000000004e-06,-1.2426e-05,-6.231466999999999e-06
-0.46,-3.671247e-06,-9.081759999999999e-06,-4.44611e-06
-0.44,-2.3746499999999998e-06,-6.51916e-06,-3.0672569999999997e-06
-0.42,-1.252493e-06,-4.521213e-06,-1.83066e-06
-0.4,-4.4425330000000003e-07,-2.9854000000000002e-06,-8.39234e-07
-0.38,1.19212e-08,-1.520711e-06,-1.28746e-07
-0.36,4.529953e-07,-3.5882009999999997e-07,3.238518e-07
-0.34,4.959107e-07,2.539157e-07,3.3974620000000004e-07
-0.32,1.1849389999999999e-06,1.529851e-07,1.038312e-06
-0.3,1.5314400000000001e-06,1.239777e-06,1.60416e-06
-0.28,1.9017870000000002e-06,1.870393e-06,2.0742400000000002e-06
-0.26,2.22365e-06,2.4680329999999998e-06,2.4251169999999997e-06
-0.24,2.48154e-06,2.90632e-06,2.765257e-06
-0.22,2.7386329999999998e-06,3.301303e-06,3.117723e-06
-0.2,3.054937e-06,3.66926e-06,3.4678e-06
-0.18,3.29415e-06,4.084113e-06,3.7535029999999996e-06
-0.16,3.486077e-06,4.38531e-06,4.061460000000001e-06
-0.14,3.7328399999999995e-06,4.686517e-06,4.3678270000000005e-06
-0.12,3.963707e-06,4.954733e-06,4.683337e-06
-0.1,4.24743e-06,5.28296e-06,4.99447e-06
-0.08,4.456043e-06,5.5102499999999995e-06,5.2762029999999994e-06
-0.06,4.76082e-06,5.859933e-06,5.587336999999999e-06
-0.04,4.937253e-06,6.123383e-06,5.958873e-06
-0.02,5.199117e-06,6.405907e-06,6.42578e-06
0.0,5.49833e-06,6.75678e-06,6.718633e-06
0.02,5.786420000000001e-06,7.044473e-06,7.077057e-06
0.04,6.05941e-06,7.327e-06,7.4696530000000004e-06
0.06,6.338753000000001e-06,7.614693e-06,7.918677e-06
0.08,6.69201e-06,7.998147e-06,8.310477e-06
0.1,7.0103000000000005e-06,8.4126e-06,8.71221e-06
0.12,7.387000000000001e-06,8.705857e-06,9.170377e-06
0.14,7.761716999999999e-06,9.123083e-06,9.68137e-06
0.16,8.122523e-06,9.54269e-06,1.0126830000000001e-05
0.18,8.57433e-06,1.002867e-05,1.063506e-05
0.2,9.136597e-06,1.054367e-05,1.117153e-05
0.22,9.594753e-06,1.10018e-05,1.114487e-05
0.24,1.005967e-05,1.157723e-05,1.22857e-05
0.26,1.051745e-05,1.2233669999999999e-05,1.285117e-05
0.28,1.107497e-05,1.28571e-05,1.348257e-05
0.3,1.1585129999999999e-05,1.353103e-05,1.419823e-05
0.32,1.211643e-05,1.4277699999999999e-05,1.486817e-05
0.34,1.267237e-05,1.5062100000000001e-05,1.5625170000000002e-05
0.36,1.3233029999999999e-05,1.590727e-05,1.6494970000000002e-05
0.38,1.3895829999999999e-05,1.66559e-05,1.73279e-05
0.4,1.35823e-05,1.752177e-05,1.712797e-05
0.42,1.44402e-05,1.7001229999999998e-05,1.8570399999999998e-05
0.44,1.552183e-05,1.853783e-05,2.010823e-05
0.46,1.677473e-05,1.9809029999999998e-05,2.1537130000000003e-05
0.48,1.77145e-05,2.11529e-05,2.328757e-05
0.5,1.884263e-05,2.224287e-05,2.519367e-05
0.52,1.990513e-05,2.345283e-05,2.738673e-05
0.54,2.16635e-05,2.473393e-05,2.990963e-05
0.56,2.347313e-05,2.59618e-05,3.28533e-05
0.58,2.560817e-05,2.7197600000000002e-05,3.62921e-05
0.6,2.81779e-05,2.877037e-05,4.029357e-05
-0.6,-0.000116179,-0.0001826043,-0.000131896
-0.58,-4.09861e-05,-7.109723e-05,-4.6586169999999996e-05
-0.56,-2.342897e-05,-4.280607e-05,-2.67454e-05
-0.54,-1.535413e-05,-2.887053e-05,-1.76259e-05
-0.52,-1.060327e-05,-2.052627e-05,-1.229007e-05
-0.5,-7.448197e-06,-1.487097e-05,-8.809567000000001e-06
-0.48,-5.29607e-06,-1.089453e-05,-6.374917e-06
-0.46,-3.7598629999999994e-06,-7.9298e-06,-4.529953e-06
-0.44,-2.46644e-06,-5.5309100000000005e-06,-3.107787e-06
-0.42,-1.316863e-06,-3.886223e-06,-1.88152e-06
-0.4,-4.903476999999999e-07,-2.29001e-06,-9.191042999999999e-07
-0.38,-8.344533e-09,-1.0915580000000002e-06,-1.819927e-07
-0.36,4.597507e-07,-1.16825e-07,2.570946e-07
-0.34,8.491673e-07,4.792213e-07,7.454563e-07
-0.32,1.2560690000000001e-06,1.099109e-06,1.233816e-06
-0.3,1.610913e-06,1.5763430000000002e-06,1.625617e-06
-0.28,1.926023e-06,2.120733e-06,2.019003e-06
-0.26,2.183117e-06,2.5268430000000002e-06,2.340477e-06
-0.24,2.57214e-06,2.8872499999999998e-06,2.700487e-06
-0.22,2.884467e-06,3.287e-06,3.052553e-06
-0.2,3.01242e-06,3.646213e-06,3.47535e-06
-0.18,3.28978e-06,3.955363e-06,3.687143e-06
-0.16,3.494023e-06,4.234313e-06,4.032453e-06
-0.14,3.72052e-06,4.53631e-06,4.312993e-06
-0.12,3.927942999999999e-06,4.806519999999999e-06,4.5843930000000005e-06
-0.1,4.1592130000000005e-06,5.123219999999999e-06,4.907847e-06
-0.08,4.419487e-06,5.42124e-06,5.199117e-06
-0.06,4.040003e-06,5.129973e-06,4.693273000000001e-06
-0.04,4.594723e-06,5.616743e-06,5.484819999999999e-06
-0.02,4.97858e-06,6.088017e-06,5.954503e-06
0.0,5.31713e-06,6.466707e-06,6.411470000000001e-06
0.02,5.689857e-06,6.7710870000000006e-06,6.863277e-06
0.04,5.21183e-06,7.107257e-06,7.24395e-06
0.06,5.168119999999999e-06,7.4346870000000004e-06,7.691783e-06
0.08,5.246002999999999e-06,7.810197e-06,8.122123e-06
0.1,5.41528e-06,8.095103e-06,8.53022e-06
0.12,5.651316999999999e-06,8.413793e-06,8.998312999999999e-06
0.14,5.942583e-06,8.76983e-06,9.55145e-06
0.16,6.185770000000001e-06,9.40244e-06,9.941267e-06
0.18,6.50843e-06,9.828017e-06,1.048326e-05
0.2,6.83109e-06,1.0332659999999999e-05,1.100143e-05
0.22,7.14302e-06,1.081147e-05,1.152673e-05
0.24,7.483163e-06,1.1413529999999999e-05,1.204413e-05
0.26,7.864237e-06,1.21089e-05,1.26624e-05
0.28,8.259613e-06,1.2757e-05,1.3233400000000001e-05
0.3,8.633930000000001e-06,1.3423369999999999e-05,1.388313e-05
0.32,9.017387e-06,1.4184729999999999e-05,1.456937e-05
0.34,9.46681e-06,1.491543e-05,1.532437e-05
0.36,9.95359e-06,1.57102e-05,1.6020129999999998e-05
0.38,1.044037e-05,1.653073e-05,1.680253e-05
0.4,1.098433e-05,1.742883e-05,1.77447e-05
0.42,1.151323e-05,1.84246e-05,1.8693999999999998e-05
0.44,1.209853e-05,1.931907e-05,1.98388e-05
0.46,1.280267e-05,2.0264400000000002e-05,2.1081370000000002e-05
0.48,1.3490530000000001e-05,2.1214470000000003e-05,2.25262e-05
0.5,1.357397e-05,2.229733e-05,2.42444e-05
0.52,1.508713e-05,2.3487399999999998e-05,2.63274e-05
0.54,1.651487e-05,2.474427e-05,2.862137e-05
0.56,1.81385e-05,2.601107e-05,3.136753e-05
0.58,2.004783e-05,2.738477e-05,3.487187e-05
0.6,2.233067e-05,2.882123e-05,3.8584499999999996e-05
-0.6,-8.73354e-05,-0.0001715763,-0.0001316487
-0.58,-3.2575929999999996e-05,-6.633083e-05,-4.62957e-05
-0.56,-1.9032570000000003e-05,-3.969983e-05,-2.66715e-05
-0.54,-1.25269e-05,-2.65765e-05,-1.740137e-05
-0.52,-8.774997e-06,-1.824183e-05,-1.171667e-05
-0.5,-6.316103e-06,-1.3155570000000001e-05,-8.345843e-06
-0.48,-4.554193e-06,-9.581243e-06,-6.045103000000001e-06
-0.46,-3.24448e-06,-6.95427e-06,-4.33127e-06
-0.44,-2.283257e-06,-4.9090369999999995e-06,-2.9830130000000002e-06
-0.42,-1.4917030000000001e-06,-3.364483e-06,-1.757543e-06
-0.4,-6.878387e-07,-1.8525100000000001e-06,-7.462493e-07
-0.38,-1.9351640000000002e-07,-7.00553e-07,-1.072883e-07
-0.36,1.2079870000000002e-07,1.7881429999999998e-08,3.723305e-07
-0.34,4.863737e-07,6.151210000000001e-07,8.070453e-07
-0.32,8.18571e-07,1.154344e-06,1.292628e-06
-0.3,1.091956e-06,1.7054869999999999e-06,1.735293e-06
-0.28,1.371303e-06,2.28405e-06,2.06868e-06
-0.26,1.6208469999999998e-06,2.618237e-06,2.658767e-06
-0.24,1.8533100000000002e-06,3.005663e-06,2.81016e-06
-0.22,2.087753e-06,3.317197e-06,3.11295e-06
-0.2,2.3011370000000003e-06,3.608863e-06,3.406607e-06
-0.18,2.1866970000000003e-06,3.9581470000000005e-06,3.7336369999999997e-06
-0.16,2.588033e-06,4.219613e-06,3.988743e-06
-0.14,2.832413e-06,4.526377e-06,4.342397e-06
-0.12,3.040633e-06,4.863740000000001e-06,4.615387e-06
-0.1,3.239713e-06,5.064407e-06,4.890757e-06
-0.08,3.4455469999999997e-06,5.387463e-06,5.212222999999999e-06
-0.06,3.618003e-06,5.629857e-06,5.54959e-06
-0.04,3.8071499999999996e-06,5.948147e-06,5.84165e-06
-0.02,4.012187e-06,6.2791530000000006e-06,6.14921e-06
0.0,4.19736e-06,6.549757e-06,6.5457799999999995e-06
0.02,4.405577e-06,6.777047e-06,6.89109e-06
0.04,4.618567e-06,7.10527e-06,7.24991e-06
0.06,4.864533e-06,7.441043e-06,7.690193e-06
0.08,5.092623000000001e-06,7.790727e-06,8.12332e-06
0.1,5.401769999999999e-06,8.143587e-06,8.523463e-06
0.12,5.628267e-06,8.485317e-06,8.95977e-06
0.14,5.94457e-06,8.942683e-06,9.425069999999999e-06
0.16,6.2823299999999995e-06,9.37939e-06,9.899153e-06
0.18,6.586713e-06,9.846693000000001e-06,1.033861e-05
0.2,6.9177129999999996e-06,9.425869999999999e-06,9.83953e-06
0.22,7.23521e-06,1.035254e-05,1.08858e-05
0.24,7.6158829999999995e-06,1.12438e-05,1.1624499999999999e-05
0.26,7.991393e-06,1.185377e-05,1.23179e-05
0.28,8.33869e-06,1.2568629999999999e-05,1.2946499999999999e-05
0.3,8.81632e-06,1.324613e-05,1.360933e-05
0.32,9.1962e-06,1.40083e-05,1.427053e-05
0.34,9.65038e-06,1.4742629999999999e-05,1.4969500000000001e-05
0.36,9.398052999999999e-06,1.560413e-05,1.5708999999999998e-05
0.38,1.0229349999999999e-05,1.6425029999999998e-05,1.66587e-05
0.4,1.082537e-05,1.7230470000000002e-05,1.746457e-05
0.42,1.194437e-05,1.824137e-05,1.8421e-05
0.44,1.376747e-05,1.91323e-05,1.944183e-05
0.46,1.50319e-05,2.0103070000000002e-05,2.06888e-05
0.48,1.63706e-05,2.111313e-05,2.1979399999999998e-05
0.5,1.7492400000000002e-05,2.231477e-05,2.3644369999999998e-05
0.52,1.888513e-05,2.3415870000000002e-05,2.557237e-05
0.54,2.044197e-05,2.470493e-05,2.778253e-05
0.56,2.22206e-05,2.593317e-05,3.05279e-05
0.58,2.4275800000000002e-05,2.7412969999999998e-05,3.36762e-05
0.6,2.66854e-05,2.885577e-05,3.746233e-05
