V,IGS 150,IGS 151,IGS 152
-0.6,-7.73875e-05,-0.0001050418,-8.862213e-05
-0.58,-3.662543e-05,-5.265513e-05,-4.161437e-05
-0.56,-2.38931e-05,-3.513693e-05,-2.714e-05
-0.54,-1.7035369999999997e-05,-2.53999e-05,-1.93922e-05
-0.52,-1.2788e-05,-1.909217e-05,-1.451533e-05
-0.5,-9.798203e-06,-1.464723e-05,-1.1130570000000001e-05
-0.48,-7.5860799999999995e-06,-1.13316e-05,-8.60294e-06
-0.46,-5.8341030000000005e-06,-8.758703000000001e-06,-6.674923e-06
-0.44,-4.46359e-06,-6.81758e-06,-5.120037e-06
-0.42,-3.376007e-06,-5.102557e-06,-3.849667e-06
-0.4,-2.39253e-06,-3.7384e-06,-2.7322769999999997e-06
-0.38,-1.326006e-06,-2.356373e-06,-1.601379e-06
-0.36,-4.875664e-07,-1.246532e-06,-6.739302999999999e-07
-0.34,6.834637e-08,-3.715358e-07,-2.304693e-08
-0.32,4.450482e-07,2.320607e-07,4.371008e-07
-0.3,8.40822e-07,7.394960000000001e-07,9.81491e-07
-0.28,1.242162e-06,1.293024e-06,1.445215e-06
-0.26,1.6661500000000001e-06,1.8870830000000003e-06,2.034503e-06
-0.24,2.05318e-06,2.366703e-06,2.4588930000000003e-06
-0.22,2.354387e-06,2.826453e-06,2.910693e-06
-0.2,2.721153e-06,3.288983e-06,3.295343e-06
-0.18,3.039837e-06,3.794433e-06,3.6831699999999998e-06
-0.16,3.35773e-06,4.1830529999999996e-06,4.134973e-06
-0.14,3.655353e-06,4.53313e-06,4.508493e-06
-0.12,3.935893e-06,4.9535399999999995e-06,4.8963230000000005e-06
-0.1,4.2518e-06,5.39263e-06,5.2909029999999995e-06
-0.08,4.507703e-06,5.728007e-06,5.731183e-06
-0.06,4.80453e-06,6.094377e-06,6.10868e-06
-0.04,5.09143e-06,6.475843e-06,6.474253e-06
-0.02,5.375147e-06,6.855727e-06,6.877183e-06
0.0,5.7796629999999995e-06,7.238387e-06,7.3822330000000005e-06
0.02,6.084837e-06,7.740657e-06,7.835627e-06
0.04,6.42578e-06,8.161863e-06,8.27074e-06
0.06,6.828703e-06,8.577107e-06,8.780957e-06
0.08,7.220113e-06,9.088517e-06,9.336076999999999e-06
0.1,7.689793e-06,9.593557000000001e-06,9.944423e-06
0.12,7.948476999999999e-06,1.018803e-05,1.0559940000000001e-05
0.14,8.553667e-06,1.074713e-05,1.126767e-05
0.16,7.86066e-06,1.010775e-05,1.038949e-05
0.18,9.087327e-06,1.147787e-05,1.20461e-05
0.2,9.906673e-06,1.240213e-05,1.3040699999999999e-05
0.22,1.063623e-05,1.336577e-05,1.41239e-05
0.24,1.131257e-05,1.422763e-05,1.5084330000000001e-05
0.26,1.199403e-05,1.5064870000000002e-05,1.60758e-05
0.28,1.2589300000000002e-05,1.602373e-05,1.70088e-05
0.3,1.3337530000000001e-05,1.6970630000000002e-05,1.796407e-05
0.32,1.40063e-05,1.791277e-05,1.909137e-05
0.34,1.4804200000000001e-05,1.8988870000000002e-05,2.014873e-05
0.36,1.553453e-05,1.99302e-05,2.12693e-05
0.38,1.6361869999999998e-05,2.0928800000000002e-05,2.2419699999999998e-05
0.4,1.728057e-05,2.20541e-05,2.373217e-05
0.42,1.816353e-05,2.305947e-05,2.4912769999999998e-05
0.44,1.915177e-05,2.42555e-05,2.6397300000000002e-05
0.46,2.019327e-05,2.53272e-05,2.7476169999999998e-05
0.48,2.136907e-05,2.647163e-05,2.8922569999999998e-05
0.5,2.270617e-05,2.753617e-05,3.065583e-05
0.52,2.408583e-05,2.865593e-05,3.259063e-05
0.54,2.567093e-05,3.0027629999999996e-05,3.468273e-05
0.56,2.749367e-05,3.1430700000000004e-05,3.69799e-05
0.58,2.961713e-05,3.294623e-05,3.956717e-05
0.6,3.2090729999999996e-05,3.445267e-05,4.262447e-05
-0.6,-0.00016274170000000001,-0.0002153247,-0.000194471
-0.58,-6.149533e-05,-8.410413e-05,-7.30924e-05
-0.56,-3.6999e-05,-5.129573e-05,-4.3835669999999996e-05
-0.54,-2.549133e-05,-3.56003e-05,-3.014883e-05
-0.52,-1.8701970000000003e-05,-2.6221669999999998e-05,-2.215703e-05
-0.5,-1.4289600000000001e-05,-1.9957999999999998e-05,-1.682163e-05
-0.48,-1.10805e-05,-1.5492470000000002e-05,-1.308877e-05
-0.46,-8.724533000000001e-06,-1.21832e-05,-1.0322740000000001e-05
-0.44,-6.9379830000000005e-06,-9.510113e-06,-8.192063e-06
-0.42,-5.446277e-06,-7.477600000000001e-06,-6.40432e-06
-0.4,-4.2215970000000005e-06,-5.802313e-06,-4.99884e-06
-0.38,-3.213087e-06,-4.396833e-06,-3.778933e-06
-0.36,-2.188683e-06,-3.20633e-06,-2.63174e-06
-0.34,-1.3502420000000001e-06,-1.964569e-06,-1.554093e-06
-0.32,-1.4011040000000001e-06,-9.814887000000001e-07,-1.647474e-06
-0.3,-2.03053e-07,-1.35263e-06,-2.8689729999999995e-07
-0.28,2.710026e-07,6.119403e-08,3.091497e-07
-0.26,7.081039999999999e-07,6.059813e-07,8.205563e-07
-0.24,1.1316940000000002e-06,1.197657e-06,1.359385e-06
-0.22,1.573163e-06,1.772243e-06,1.89662e-06
-0.2,1.92682e-06,2.30511e-06,2.413987e-06
-0.18,2.4135929999999997e-06,2.73466e-06,2.89758e-06
-0.16,2.768037e-06,3.220237e-06,3.4272670000000004e-06
-0.14,3.184873e-06,3.61681e-06,3.955763e-06
-0.12,3.5027670000000003e-06,4.084907e-06,4.27723e-06
-0.1,3.84887e-06,4.531143000000001e-06,4.681347e-06
-0.08,4.181067e-06,4.91182e-06,5.112490000000001e-06
-0.06,4.516047e-06,4.921757e-06,5.5797900000000005e-06
-0.04,4.824797e-06,5.6048230000000005e-06,5.982713e-06
-0.02,5.095002999999999e-06,6.17226e-06,6.41028e-06
0.0,5.449057e-06,6.6936030000000005e-06,6.964207e-06
0.02,5.81503e-06,7.174013e-06,7.300777e-06
0.04,6.1512e-06,7.567807e-06,7.809002999999999e-06
0.06,6.58512e-06,7.987820000000001e-06,8.33551e-06
0.08,6.943943e-06,8.512337000000001e-06,8.884273e-06
0.1,7.40687e-06,9.022953000000001e-06,9.42271e-06
0.12,7.872980000000001e-06,9.58126e-06,1.001081e-05
0.14,8.451540000000001e-06,1.005649e-05,1.0590960000000001e-05
0.16,8.978443e-06,1.066642e-05,1.121323e-05
0.18,9.439397e-06,1.1257699999999999e-05,1.186057e-05
0.2,9.974253e-06,1.1901469999999999e-05,1.2478430000000001e-05
0.22,1.048207e-05,1.252373e-05,1.3235000000000001e-05
0.24,1.100303e-05,1.318217e-05,1.3839e-05
0.26,1.168447e-05,1.398123e-05,1.458923e-05
0.28,1.2204269999999999e-05,1.473743e-05,1.5313629999999997e-05
0.3,1.2776429999999999e-05,1.553737e-05,1.61437e-05
0.32,1.33121e-05,1.634953e-05,1.6916169999999997e-05
0.34,1.398327e-05,1.71836e-05,1.76815e-05
0.36,1.471717e-05,1.799263e-05,1.849653e-05
0.38,1.541657e-05,1.88597e-05,1.9447e-05
0.4,1.617673e-05,1.98285e-05,2.043727e-05
0.42,1.57285e-05,2.073687e-05,2.0021199999999997e-05
0.44,1.7014370000000002e-05,2.02958e-05,2.1559e-05
0.46,1.842377e-05,2.17406e-05,2.3269270000000002e-05
0.48,1.961073e-05,2.315563e-05,2.500733e-05
0.5,2.101223e-05,2.452137e-05,2.66087e-05
0.52,2.244473e-05,2.58843e-05,2.8522e-05
0.54,2.426583e-05,2.737003e-05,3.066777e-05
0.56,2.6063099999999998e-05,2.889277e-05,3.333053e-05
0.58,2.824147e-05,3.067613e-05,3.6054469999999996e-05
0.6,3.067377e-05,3.24555e-05,3.931363e-05
-0.6,-0.0001628,-0.00020858130000000002,-0.00019478600000000002
-0.58,-6.184977e-05,-8.212247e-05,-7.329983000000001e-05
-0.56,-3.731647e-05,-5.01573e-05,-4.423817e-05
-0.54,-2.5832670000000002e-05,-3.484487e-05,-3.050643e-05
-0.52,-1.90715e-05,-2.5720199999999998e-05,-2.2457429999999998e-05
-0.5,-1.4563e-05,-1.9638969999999997e-05,-1.712123e-05
-0.48,-1.13483e-05,-1.52326e-05,-1.340747e-05
-0.46,-8.949439999999999e-06,-1.199087e-05,-1.05568e-05
-0.44,-7.055600000000001e-06,-9.489453000000001e-06,-8.358957e-06
-0.42,-5.599657000000001e-06,-7.505412999999999e-06,-6.613332999999999e-06
-0.4,-4.355510000000001e-06,-5.8086699999999996e-06,-5.197527e-06
-0.38,-3.33031e-06,-4.473527e-06,-3.94066e-06
-0.36,-2.390547e-06,-3.350577e-06,-2.93533e-06
-0.34,-1.4332919999999999e-06,-2.1429830000000002e-06,-1.823505e-06
-0.32,-6.910173e-07,-1.166263e-06,-8.702259999999999e-07
-0.3,-1.23183e-07,-3.023943e-07,-1.36296e-07
-0.28,2.6424750000000004e-07,1.73251e-07,3.09944e-07
-0.26,6.445263e-07,6.651893e-07,7.843967e-07
-0.24,1.07527e-06,1.1781849999999998e-06,1.2981920000000001e-06
-0.22,1.515147e-06,1.729723e-06,1.764697e-06
-0.2,1.943907e-06,2.16246e-06,2.278883e-06
-0.18,2.298353e-06,2.6313500000000002e-06,2.70605e-06
-0.16,2.87374e-06,3.080367e-06,3.1852700000000003e-06
-0.14,3.0092399999999998e-06,3.5047499999999998e-06,3.65456e-06
-0.12,3.393097e-06,3.900927000000001e-06,4.102387e-06
-0.1,3.70423e-06,4.3817369999999994e-06,4.517633e-06
-0.08,4.062653e-06,4.81685e-06,4.869303e-06
-0.06,4.401603e-06,5.259913e-06,5.37197e-06
-0.04,3.796813e-06,5.663233e-06,4.68095e-06
-0.02,4.661877000000001e-06,5.02825e-06,5.7649600000000005e-06
0.0,5.133949999999999e-06,5.996223000000001e-06,6.418227e-06
0.02,5.6036299999999996e-06,6.606977e-06,6.992817e-06
0.04,5.993843e-06,7.294813e-06,7.524887e-06
0.06,6.469487e-06,7.737877e-06,8.079607e-06
0.08,6.847779999999999e-06,8.176963e-06,8.610887e-06
0.1,7.35879e-06,8.735656999999999e-06,9.15249e-06
0.12,7.822513e-06,9.237923e-06,9.73104e-06
0.14,8.366903000000001e-06,9.824433e-06,1.025836e-05
0.16,8.893410000000001e-06,1.0430029999999999e-05,1.088303e-05
0.18,9.365869999999999e-06,1.1051499999999999e-05,1.11453e-05
0.2,1.003743e-05,1.163603e-05,1.190423e-05
0.22,1.058144e-05,1.232387e-05,1.2705329999999999e-05
0.24,1.1105499999999999e-05,1.29533e-05,1.34643e-05
0.26,1.1614970000000001e-05,1.372733e-05,1.429837e-05
0.28,1.208227e-05,1.447317e-05,1.4954400000000002e-05
0.3,1.27097e-05,1.521427e-05,1.565857e-05
0.32,1.3212330000000001e-05,1.6044e-05,1.640517e-05
0.34,1.386523e-05,1.6867330000000002e-05,1.7198299999999998e-05
0.36,1.451373e-05,1.759727e-05,1.802647e-05
0.38,1.5217500000000001e-05,1.848223e-05,1.87814e-05
0.4,1.605073e-05,1.942277e-05,1.969853e-05
0.42,1.68709e-05,2.040423e-05,2.0668899999999998e-05
0.44,1.7721669999999998e-05,2.131777e-05,2.19222e-05
0.46,1.86074e-05,2.2402199999999997e-05,2.311627e-05
0.48,1.9601199999999998e-05,2.351363e-05,2.448717e-05
0.5,2.093513e-05,2.456547e-05,2.61152e-05
0.52,2.2324300000000002e-05,2.572693e-05,2.7787299999999997e-05
0.54,2.3876030000000002e-05,2.7142769999999998e-05,2.9892529999999998e-05
0.56,2.58863e-05,2.862293e-05,3.23041e-05
0.58,2.7923199999999997e-05,3.032723e-05,3.5026070000000005e-05
0.6,3.0301e-05,3.22493e-05,3.81577e-05
-0.6,-0.0001644443,-0.0002051953,-0.00019343300000000002
-0.58,-6.258923000000001e-05,-8.01595e-05,-7.300613e-05
-0.56,-3.77031e-05,-4.90006e-05,-4.3843999999999996e-05
-0.54,-2.607067e-05,-3.404063e-05,-3.024417e-05
-0.52,-1.927893e-05,-2.5157499999999998e-05,-2.230127e-05
-0.5,-1.4274529999999999e-05,-1.961627e-05,-1.6514830000000002e-05
-0.48,-1.102643e-05,-1.479743e-05,-1.286187e-05
-0.46,-8.70784e-06,-1.1540669999999999e-05,-1.009424e-05
-0.44,-6.850163e-06,-9.10958e-06,-8.006097e-06
-0.42,-5.3989900000000005e-06,-7.10964e-06,-6.301403e-06
-0.4,-4.253387e-06,-5.571047e-06,-4.9253300000000005e-06
-0.38,-3.22421e-06,-4.258157e-06,-3.67721e-06
-0.36,-2.29001e-06,-3.14673e-06,-2.569757e-06
-0.34,-1.370511e-06,-2.6742599999999997e-06,-1.558464e-06
-0.32,-6.21478e-07,-1.1714310000000001e-06,-6.441284e-07
-0.3,-2.344457e-08,-2.451737e-07,-4.212067e-08
-0.28,3.314017e-07,2.1815299999999998e-07,4.0014569999999996e-07
-0.26,7.041303e-07,7.534027e-07,9.89041e-07
-0.24,1.1225560000000001e-06,1.285076e-06,1.535417e-06
-0.22,1.5532970000000001e-06,1.755157e-06,2.0070869999999997e-06
-0.2,1.9554300000000004e-06,2.2701400000000003e-06,2.48313e-06
-0.18,2.332527e-06,2.714793e-06,3.0044700000000002e-06
-0.16,2.6830030000000003e-06,3.198783e-06,3.474953e-06
-0.14,3.041027e-06,3.5945569999999997e-06,3.967283e-06
-0.12,3.451507e-06,4.036823e-06,4.345177000000001e-06
-0.1,3.760257e-06,4.443327e-06,4.694463e-06
-0.08,4.053117e-06,4.874073e-06,5.19554e-06
-0.06,4.413923e-06,5.29051e-06,5.639397e-06
-0.04,4.761617e-06,5.68946e-06,5.984703e-06
-0.02,5.088647e-06,6.05146e-06,6.3661730000000004e-06
0.0,5.512237e-06,6.48419e-06,6.884337e-06
0.02,5.87503e-06,6.9018169999999996e-06,7.276137e-06
0.04,6.210803000000001e-06,7.348857e-06,7.840793e-06
0.06,6.6331999999999994e-06,7.817747e-06,8.405843000000001e-06
0.08,7.003943e-06,8.30531e-06,8.86043e-06
0.1,7.49628e-06,8.817513e-06,9.28801e-06
0.12,7.972717e-06,9.356327e-06,9.849873e-06
0.14,8.506773e-06,9.852267e-06,1.043519e-05
0.16,8.996327e-06,1.039306e-05,1.1057870000000001e-05
0.18,9.475543e-06,1.1012969999999999e-05,1.167337e-05
0.2,1.008233e-05,1.163483e-05,1.22996e-05
0.22,9.562183e-06,1.2281700000000001e-05,1.180213e-05
0.24,1.045665e-05,1.142023e-05,1.28293e-05
0.26,1.11997e-05,1.299023e-05,1.3750799999999999e-05
0.28,1.19877e-05,1.402897e-05,1.458567e-05
0.3,1.267273e-05,1.493017e-05,1.543003e-05
0.32,1.331133e-05,1.573207e-05,1.625937e-05
0.34,1.38883e-05,1.65248e-05,1.697777e-05
0.36,1.451177e-05,1.740413e-05,1.7808269999999998e-05
0.38,1.527707e-05,1.8212800000000003e-05,1.8783029999999998e-05
0.4,1.599907e-05,1.923003e-05,1.9773999999999997e-05
0.42,1.680453e-05,2.013523e-05,2.0606899999999997e-05
0.44,1.770573e-05,2.108653e-05,2.16218e-05
0.46,1.864633e-05,2.2068430000000002e-05,2.281547e-05
0.48,1.97061e-05,2.3138930000000002e-05,2.403657e-05
0.5,2.082943e-05,2.43171e-05,2.5558869999999998e-05
0.52,2.22047e-05,2.547583e-05,2.725283e-05
0.54,2.372223e-05,2.695997e-05,2.918083e-05
0.56,2.55557e-05,2.8519269999999998e-05,3.160953e-05
0.58,2.761523e-05,3.0190170000000002e-05,3.4244470000000005e-05
0.6,3.0125e-05,3.215987e-05,3.746667e-05
