V,IGS 150,IGS 151,IGS 152
-0.6,-8.716147000000001e-05,-0.000185422,-0.0001004079
-0.58,-4.110973e-05,-9.21893e-05,-4.66887e-05
-0.56,-2.69083e-05,-6.105539999999999e-05,-3.051837e-05
-0.54,-1.9262230000000002e-05,-4.39298e-05,-2.1768e-05
-0.52,-1.435597e-05,-3.297407e-05,-1.62816e-05
-0.5,-1.1026069999999999e-05,-2.53137e-05,-1.241527e-05
-0.48,-8.55446e-06,-1.969817e-05,-9.565746999999999e-06
-0.46,-6.592273e-06,-1.54833e-05,-7.402103e-06
-0.44,-5.1109029999999995e-06,-1.21383e-05,-5.733573e-06
-0.42,-3.890593e-06,-9.509737e-06,-4.291533e-06
-0.4,-2.747773e-06,-7.376273e-06,-3.128053e-06
-0.38,-1.6888009999999999e-06,-5.582173e-06,-1.862449e-06
-0.36,-7.816147e-07,-4.024903e-06,-8.877127e-07
-0.34,-9.735432999999999e-08,-2.53558e-06,-1.0132799999999999e-07
-0.32,3.182888e-07,-1.282295e-06,4.076956e-07
-0.3,7.41086e-07,-3.03984e-07,8.869173e-07
-0.28,1.217127e-06,3.604093e-07,1.465879e-06
-0.26,1.66416e-06,1.0220219999999999e-06,2.033313e-06
-0.24,1.930793e-06,1.619657e-06,2.490283e-06
-0.22,2.35756e-06,2.245503e-06,2.95758e-06
-0.2,2.82486e-06,2.8395669999999996e-06,3.441177e-06
-0.18,3.1685829999999998e-06,3.430443e-06,3.88702e-06
-0.16,3.497997e-06,3.899337e-06,4.316173e-06
-0.14,3.782113e-06,4.3873e-06,4.69923e-06
-0.12,4.12663e-06,4.904269999999999e-06,5.152223e-06
-0.1,4.400413e-06,5.327463e-06,5.511043e-06
-0.08,4.711947e-06,5.855957e-06,5.90841e-06
-0.06,5.0139430000000005e-06,6.257293e-06,6.3554469999999996e-06
-0.04,5.304019999999999e-06,6.6347900000000006e-06,6.75718e-06
-0.02,5.562703e-06,7.103287e-06,7.1799769999999994e-06
0.0,5.850393e-06,7.629396999999999e-06,7.696547e-06
0.02,6.1209999999999995e-06,8.031923000000001e-06,8.119743e-06
0.04,6.49929e-06,8.44598e-06,8.650620000000001e-06
0.06,6.830297e-06,8.905726999999999e-06,9.108383e-06
0.08,7.22329e-06,9.384553000000001e-06,9.60587e-06
0.1,7.6003869999999995e-06,9.876107e-06,1.019597e-05
0.12,8.029540000000001e-06,1.0400219999999999e-05,1.0863170000000001e-05
0.14,7.6739e-06,9.979417e-06,1.15009e-05
0.16,8.44995e-06,1.0786070000000001e-05,1.076617e-05
0.18,9.084543e-06,1.16229e-05,1.2345700000000001e-05
0.2,9.745749999999999e-06,1.23004e-05,1.34778e-05
0.22,1.039784e-05,1.302203e-05,1.448353e-05
0.24,1.099067e-05,1.389067e-05,1.553297e-05
0.26,1.1655870000000001e-05,1.4607900000000001e-05,1.65407e-05
0.28,1.221693e-05,1.5365670000000002e-05,1.76112e-05
0.3,1.299897e-05,1.618743e-05,1.863043e-05
0.32,1.35982e-05,1.7052899999999997e-05,1.977603e-05
0.34,1.428563e-05,1.797837e-05,2.091763e-05
0.36,1.5033069999999998e-05,1.882273e-05,2.2086669999999998e-05
0.38,1.5905299999999998e-05,1.970687e-05,2.351523e-05
0.4,1.672623e-05,2.069117e-05,2.4796329999999997e-05
0.42,1.7494770000000002e-05,2.1749729999999998e-05,2.606947e-05
0.44,1.843137e-05,2.274193e-05,2.7474969999999998e-05
0.46,1.944343e-05,2.382117e-05,2.881407e-05
0.48,2.05306e-05,2.49672e-05,3.032527e-05
0.5,2.175173e-05,2.60492e-05,3.176653e-05
0.52,2.28858e-05,2.71706e-05,3.3238330000000005e-05
0.54,2.431233e-05,2.8210100000000003e-05,3.48421e-05
0.56,2.6007900000000002e-05,2.935173e-05,3.70415e-05
0.58,2.788463e-05,3.065427e-05,3.948093e-05
0.6,2.995093e-05,3.2049829999999995e-05,4.20757e-05
-0.6,-0.0001740117,-0.0002535913,-0.000217219
-0.58,-6.635863e-05,-0.0001021202,-8.253733e-05
-0.56,-3.996213e-05,-6.309390000000001e-05,-4.912893e-05
-0.54,-2.75457e-05,-4.41277e-05,-3.36961e-05
-0.52,-2.030927e-05,-3.271183e-05,-2.461673e-05
-0.5,-1.547733e-05,-2.49831e-05,-1.867813e-05
-0.48,-1.21375e-05,-1.9452570000000002e-05,-1.44573e-05
-0.46,-9.49065e-06,-1.525083e-05,-1.13058e-05
-0.44,-7.53482e-06,-1.20914e-05,-8.881887e-06
-0.42,-5.999012999999999e-06,-9.613839999999999e-06,-6.98328e-06
-0.4,-4.7353930000000005e-06,-7.462897e-06,-5.470513e-06
-0.38,-3.57906e-06,-5.755427e-06,-4.137753e-06
-0.36,-2.5749200000000002e-06,-4.3582899999999996e-06,-2.989373e-06
-0.34,-1.5882659999999998e-06,-3.122887e-06,-1.799661e-06
-0.32,-1.922447e-06,-3.16739e-06,-2.109607e-06
-0.3,-4.525979e-07,-1.231035e-06,-4.565715e-07
-0.28,9.934113e-08,-1.533827e-07,2.280873e-07
-0.26,5.769717000000001e-07,4.5100789999999997e-07,7.81217e-07
-0.24,9.981803000000001e-07,1.0629479999999999e-06,1.3502420000000001e-06
-0.22,1.5060100000000001e-06,1.6911830000000002e-06,1.912913e-06
-0.2,1.932383e-06,2.228817e-06,2.4692199999999997e-06
-0.18,2.297957e-06,2.79983e-06,2.96434e-06
-0.16,2.7247269999999996e-06,3.28978e-06,3.473757e-06
-0.14,3.036257e-06,3.803573e-06,3.9235770000000004e-06
-0.12,3.45389e-06,4.28597e-06,4.395247e-06
-0.1,3.792843e-06,4.739763e-06,4.824797e-06
-0.08,4.125833e-06,5.230507e-06,5.297267e-06
-0.06,4.433393000000001e-06,5.83728e-06,5.747877e-06
-0.04,4.761613e-06,6.1603370000000005e-06,6.175043e-06
-0.02,5.0556669999999994e-06,6.56843e-06,6.647507e-06
0.0,5.447463e-06,6.573996999999999e-06,7.145803e-06
0.02,5.790793e-06,7.32819e-06,7.541973e-06
0.04,6.112253e-06,7.838407e-06,8.14597e-06
0.06,6.528693e-06,8.30849e-06,8.64307e-06
0.08,6.872417e-06,8.792079999999999e-06,9.33529e-06
0.1,7.276933e-06,9.271323e-06,9.758467000000001e-06
0.12,7.731117000000001e-06,9.811717e-06,1.033902e-05
0.14,8.183716999999999e-06,1.0335849999999999e-05,1.101017e-05
0.16,8.681617e-06,1.092517e-05,1.1589130000000001e-05
0.18,9.12547e-06,1.149417e-05,1.218637e-05
0.2,9.588803e-06,1.213273e-05,1.2852770000000001e-05
0.22,1.013955e-05,1.2759370000000001e-05,1.356087e-05
0.24,1.074234e-05,1.348733e-05,1.428803e-05
0.26,1.128037e-05,1.417797e-05,1.46659e-05
0.28,1.1850199999999999e-05,1.4877330000000001e-05,1.538517e-05
0.3,1.2368769999999999e-05,1.5761070000000002e-05,1.650173e-05
0.32,1.3056600000000001e-05,1.656257e-05,1.72297e-05
0.34,1.3659800000000001e-05,1.7339e-05,1.80137e-05
0.36,1.4302730000000002e-05,1.8202430000000003e-05,1.891413e-05
0.38,1.495917e-05,1.92038e-05,1.979233e-05
0.4,1.565497e-05,2.016863e-05,2.081077e-05
0.42,1.4968299999999999e-05,1.9059569999999997e-05,1.963773e-05
0.44,1.645647e-05,2.1088530000000002e-05,2.18888e-05
0.46,1.7726430000000002e-05,2.236763e-05,2.358953e-05
0.48,1.8864869999999997e-05,2.35458e-05,2.51424e-05
0.5,2.0058170000000002e-05,2.488253e-05,2.6625030000000002e-05
0.52,2.151847e-05,2.60842e-05,2.8362700000000002e-05
0.54,2.2916799999999997e-05,2.7284630000000002e-05,3.0431769999999997e-05
0.56,2.456347e-05,2.871153e-05,3.26363e-05
0.58,2.6495069999999998e-05,3.0032e-05,3.51119e-05
0.6,2.8752100000000002e-05,3.16338e-05,3.801943e-05
-0.6,-0.0001767817,-0.0002412887,-0.0002179827
-0.58,-6.740850000000001e-05,-9.606297e-05,-8.241297e-05
-0.56,-4.067143e-05,-5.910833e-05,-4.940393e-05
-0.54,-2.808293e-05,-4.12337e-05,-3.3903100000000004e-05
-0.52,-2.07456e-05,-3.0545799999999995e-05,-2.4842030000000002e-05
-0.5,-1.5692730000000002e-05,-2.3309e-05,-1.8839800000000002e-05
-0.48,-1.2151000000000001e-05,-1.8108299999999997e-05,-1.463097e-05
-0.46,-9.65356e-06,-1.42872e-05,-1.1508470000000001e-05
-0.44,-7.645287e-06,-1.135943e-05,-9.063877e-06
-0.42,-6.06219e-06,-8.962553000000001e-06,-7.162093e-06
-0.4,-4.774333e-06,-7.02262e-06,-5.52416e-06
-0.38,-3.6939e-06,-5.435943e-06,-4.235903e-06
-0.36,-2.667507e-06,-4.078547e-06,-3.10858e-06
-0.34,-1.6935659999999999e-06,-2.84354e-06,-1.895826e-06
-0.32,-8.300943e-07,-1.6514460000000002e-06,-9.032093000000001e-07
-0.3,-1.537803e-07,-7.041284000000001e-07,-1.5378000000000002e-07
-0.28,2.16961e-07,6.477033e-08,3.210703e-07
-0.26,6.337949999999999e-07,5.49158e-07,8.312877e-07
-0.24,1.039108e-06,1.132488e-06,1.384814e-06
-0.22,1.430909e-06,1.7217770000000002e-06,1.9594000000000002e-06
-0.2,1.9319869999999997e-06,2.239943e-06,2.448163e-06
-0.18,2.3206070000000003e-06,2.733073e-06,2.906323e-06
-0.16,2.746183e-06,3.299313e-06,3.372033e-06
-0.14,3.07838e-06,3.7837070000000003e-06,3.809137e-06
-0.12,3.392697e-06,4.1739130000000005e-06,4.2708729999999995e-06
-0.1,3.7709870000000003e-06,4.668633e-06,4.733802999999999e-06
-0.08,4.067423e-06,5.102953e-06,5.149443e-06
-0.06,3.6581369999999997e-06,4.593533e-06,4.686913e-06
-0.04,4.442137e-06,5.488793e-06,5.564687e-06
-0.02,4.930897e-06,6.157953000000001e-06,6.217557e-06
0.0,5.34177e-06,6.65466e-06,6.812413e-06
0.02,5.718073e-06,7.14342e-06,7.3766700000000005e-06
0.04,6.074903e-06,7.653237e-06,7.968347e-06
0.06,6.4539929999999996e-06,8.116167e-06,8.414983e-06
0.08,6.894667e-06,8.603333e-06,8.956193e-06
0.1,7.336933e-06,9.118317e-06,9.479123e-06
0.12,7.805823e-06,9.737003e-06,1.009422e-05
0.14,8.18928e-06,1.026947e-05,1.068713e-05
0.16,8.610887e-06,1.079003e-05,1.13718e-05
0.18,9.095273e-06,1.1440930000000001e-05,1.20175e-05
0.2,9.5717e-06,1.20008e-05,1.2652470000000001e-05
0.22,1.01022e-05,1.264173e-05,1.3260829999999999e-05
0.24,1.0690699999999999e-05,1.339953e-05,1.344247e-05
0.26,1.131057e-05,1.4154099999999999e-05,1.4346070000000001e-05
0.28,1.172463e-05,1.49127e-05,1.511493e-05
0.3,1.2385429999999999e-05,1.566727e-05,1.589497e-05
0.32,1.2906e-05,1.648347e-05,1.6657499999999998e-05
0.34,1.35672e-05,1.721027e-05,1.750073e-05
0.36,1.4234e-05,1.813213e-05,1.837293e-05
0.38,1.491423e-05,1.897133e-05,1.919987e-05
0.4,1.552183e-05,1.9891670000000003e-05,2.000053e-05
0.42,1.62796e-05,2.080957e-05,2.10289e-05
0.44,1.71085e-05,2.1785899999999998e-05,2.2061270000000003e-05
0.46,1.792947e-05,2.2680330000000002e-05,2.30972e-05
0.48,1.89654e-05,2.37175e-05,2.435207e-05
0.5,2.006967e-05,2.4858700000000003e-05,2.58394e-05
0.52,2.138933e-05,2.599713e-05,2.7438399999999998e-05
0.54,2.278843e-05,2.71674e-05,2.931437e-05
0.56,2.4398169999999998e-05,2.8603070000000002e-05,3.14482e-05
0.58,2.625783e-05,3.01043e-05,3.386777e-05
0.6,2.848823e-05,3.166003e-05,3.6613929999999994e-05
-0.6,-0.0001770097,-0.000232389,-0.0002151113
-0.58,-6.73306e-05,-9.20208e-05,-8.125663e-05
-0.56,-4.0600300000000005e-05,-5.6446e-05,-4.8719270000000004e-05
-0.54,-2.773363e-05,-3.8871e-05,-3.296613e-05
-0.52,-1.980307e-05,-2.804157e-05,-2.352317e-05
-0.5,-1.5168200000000002e-05,-2.1494629999999998e-05,-1.790723e-05
-0.48,-1.181723e-05,-1.6781500000000002e-05,-1.396737e-05
-0.46,-9.34283e-06,-1.3239e-05,-1.0983569999999999e-05
-0.44,-7.390977e-06,-1.051069e-05,-8.676847e-06
-0.42,-5.856352999999999e-06,-8.26319e-06,-6.825927e-06
-0.4,-4.622143e-06,-6.49611e-06,-5.3695829999999995e-06
-0.38,-3.5039569999999997e-06,-4.986127e-06,-4.04318e-06
-0.36,-2.444587e-06,-3.7296600000000002e-06,-2.985e-06
-0.34,-1.5258780000000001e-06,-2.48591e-06,-1.779001e-06
-0.32,-7.379050000000001e-07,-1.336734e-06,-7.494286000000001e-07
-0.3,-1.2079870000000002e-07,-4.533923e-07,-8.900967e-08
-0.28,3.0398370000000003e-07,-2.4318699999999997e-07,3.6875380000000004e-07
-0.26,6.973757e-07,5.666410000000001e-07,8.348617e-07
-0.24,1.082818e-06,1.097917e-06,1.345477e-06
-0.22,1.58429e-06,1.7034999999999999e-06,1.858477e-06
-0.2,1.97212e-06,2.27809e-06,2.396507e-06
-0.18,2.381007e-06,2.8069800000000003e-06,2.880097e-06
-0.16,2.76168e-06,3.2719e-06,3.379187e-06
-0.14,3.143943e-06,3.769e-06,3.878273e-06
-0.12,3.5051500000000002e-06,4.28716e-06,4.310607e-06
-0.1,3.824633e-06,4.684527e-06,4.803737e-06
-0.08,4.160803e-06,5.120833e-06,5.2432230000000005e-06
-0.06,4.53671e-06,5.5789969999999996e-06,5.65648e-06
-0.04,4.84943e-06,6.04113e-06,6.134907e-06
-0.02,5.199907e-06,6.44644e-06,6.59426e-06
0.0,5.57184e-06,6.906587e-06,7.022617e-06
0.02,5.877417e-06,7.371507e-06,7.554689999999999e-06
0.04,6.324053e-06,7.807413e-06,8.000137e-06
0.06,6.64433e-06,8.281867e-06,8.495253000000001e-06
0.08,7.040897e-06,8.709827e-06,9.007853e-06
0.1,7.406473e-06,9.222023e-06,9.555833e-06
0.12,7.88768e-06,9.816093e-06,1.011489e-05
0.14,8.360547000000001e-06,1.033031e-05,1.0731619999999999e-05
0.16,8.769037e-06,1.086473e-05,1.1293469999999999e-05
0.18,9.301897e-06,1.14699e-05,1.1986469999999999e-05
0.2,8.685987e-06,1.086234e-05,1.12295e-05
0.22,9.647603e-06,1.202743e-05,1.244307e-05
0.24,1.0370819999999999e-05,1.296877e-05,1.344683e-05
0.26,1.1055469999999999e-05,1.3860070000000001e-05,1.427093e-05
0.28,1.1668629999999999e-05,1.457457e-05,1.4977869999999999e-05
0.3,1.226303e-05,1.5405000000000002e-05,1.5745970000000003e-05
0.32,1.2878569999999999e-05,1.619933e-05,1.64163e-05
0.34,1.351597e-05,1.712283e-05,1.714903e-05
0.36,1.4145370000000001e-05,1.794177e-05,1.785277e-05
0.38,1.47927e-05,1.880807e-05,1.8789e-05
0.4,1.550237e-05,1.96747e-05,1.96568e-05
0.42,1.547537e-05,2.070903e-05,2.06097e-05
0.44,1.681527e-05,2.15451e-05,2.1526800000000002e-05
0.46,1.778007e-05,2.262353e-05,2.2646599999999998e-05
0.48,1.88462e-05,2.362607e-05,2.382397e-05
0.5,1.99159e-05,2.4755799999999998e-05,2.5243770000000002e-05
0.52,2.113383e-05,2.595823e-05,2.683957e-05
0.54,2.264897e-05,2.717333e-05,2.857843e-05
0.56,2.4320299999999998e-05,2.852873e-05,3.07159e-05
0.58,2.6276099999999997e-05,3.0037170000000002e-05,3.317397e-05
0.6,2.8349530000000002e-05,3.163777e-05,3.6228470000000005e-05
