V,IGS 150,IGS 151,IGS 152
-0.6,-0.0001543133,-0.00024841500000000004,-0.00018024770000000002
-0.58,-7.718363e-05,-0.000134249,-8.864880000000001e-05
-0.56,-5.148927e-05,-9.33365e-05,-5.8492e-05
-0.54,-3.6676729999999996e-05,-6.97148e-05,-4.166523e-05
-0.52,-2.6889230000000002e-05,-5.38842e-05,-3.065983e-05
-0.5,-1.9766099999999997e-05,-4.239637e-05,-2.267957e-05
-0.48,-1.4387770000000001e-05,-3.3674630000000007e-05,-1.660903e-05
-0.46,-1.015942e-05,-2.678153e-05,-1.195233e-05
-0.44,-6.739696999999999e-06,-2.11068e-05,-8.299349999999999e-06
-0.42,-3.92874e-06,-1.645367e-05,-5.189973e-06
-0.4,-1.2528870000000002e-06,-1.25567e-05,-2.365908e-06
-0.38,4.267693e-07,-9.126266999999999e-06,-3.2186669999999996e-08
-0.36,1.8386040000000002e-06,-6.286303e-06,1.479386e-06
-0.34,3.2770599999999997e-06,-3.54131e-06,2.9293700000000003e-06
-0.32,4.463989999999999e-06,-1.045864e-06,4.247823e-06
-0.3,5.551573e-06,6.763127e-07,5.45303e-06
-0.28,6.48538e-06,2.108017e-06,6.490946999999999e-06
-0.26,7.311107e-06,3.652177e-06,7.452967e-06
-0.24,8.059343e-06,5.0556669999999994e-06,8.25445e-06
-0.22,8.59221e-06,6.219147e-06,8.940303e-06
-0.2,9.187873e-06,7.379453e-06,9.61224e-06
-0.18,9.72667e-06,8.436442999999999e-06,1.026193e-05
-0.16,1.023929e-05,9.36668e-06,1.0833349999999999e-05
-0.14,1.065495e-05,1.019321e-05,1.137137e-05
-0.12,1.1095600000000001e-05,1.104833e-05,1.190943e-05
-0.1,1.143773e-05,1.17882e-05,1.2355229999999999e-05
-0.08,1.175043e-05,1.248477e-05,1.294457e-05
-0.06,1.2108500000000001e-05,1.325327e-05,1.3337530000000001e-05
-0.04,1.2567829999999999e-05,1.38402e-05,1.383463e-05
-0.02,1.211447e-05,1.4547500000000001e-05,1.43226e-05
0.0,1.283683e-05,1.5072429999999999e-05,1.482803e-05
0.02,1.337327e-05,1.561997e-05,1.5384729999999997e-05
0.04,1.390893e-05,1.633803e-05,1.600583e-05
0.06,1.433257e-05,1.698493e-05,1.658637e-05
0.08,1.483043e-05,1.758377e-05,1.7223769999999997e-05
0.1,1.533707e-05,1.83491e-05,1.803913e-05
0.12,1.589777e-05,1.9027799999999998e-05,1.889983e-05
0.14,1.65061e-05,1.9778e-05,1.99028e-05
0.16,1.5235730000000001e-05,1.8483000000000002e-05,1.8712670000000003e-05
0.18,1.678747e-05,2.010387e-05,2.08958e-05
0.2,1.7739929999999998e-05,2.134563e-05,2.275667e-05
0.22,1.8527500000000002e-05,2.24173e-05,2.42428e-05
0.24,1.930913e-05,2.340433e-05,2.579607e-05
0.26,2.0200799999999998e-05,2.45873e-05,2.740347e-05
0.28,2.1001099999999998e-05,2.566217e-05,2.9146269999999997e-05
0.3,2.1881670000000002e-05,2.678277e-05,3.082237e-05
0.32,2.2751899999999998e-05,2.80114e-05,3.2755930000000005e-05
0.34,2.3667e-05,2.910417e-05,3.46605e-05
0.36,2.464893e-05,3.041307e-05,3.667513e-05
0.38,2.5653030000000002e-05,3.178753e-05,3.8692969999999995e-05
0.4,2.6776000000000002e-05,3.3103629999999995e-05,4.071673e-05
0.42,2.8021730000000002e-05,3.441453e-05,4.279537e-05
0.44,2.926867e-05,3.5876830000000004e-05,4.500707e-05
0.46,3.054937e-05,3.70387e-05,4.718267e-05
0.48,3.198027e-05,3.830673e-05,4.9383269999999997e-05
0.5,3.3467200000000004e-05,3.976307e-05,5.160967e-05
0.52,3.519813e-05,4.1191170000000004e-05,5.40618e-05
0.54,3.711063e-05,4.2737699999999996e-05,5.6365730000000004e-05
0.56,3.9366499999999997e-05,4.412213e-05,5.884173e-05
0.58,4.21548e-05,4.547913e-05,6.124019999999999e-05
0.6,4.51382e-05,4.712383e-05,6.394903e-05
-0.6,-0.0003432443,-0.000406865,-0.0004109527
-0.58,-0.0001311107,-0.00016952230000000002,-0.000159183
-0.56,-7.98563e-05,-0.0001073943,-9.736657e-05
-0.54,-5.5141829999999996e-05,-7.66158e-05,-6.732223e-05
-0.52,-4.014373e-05,-5.768657e-05,-4.92136e-05
-0.5,-2.97912e-05,-4.472457e-05,-3.6848369999999996e-05
-0.48,-2.238037e-05,-3.5110730000000005e-05,-2.77718e-05
-0.46,-1.660627e-05,-2.759457e-05,-2.01881e-05
-0.44,-1.19297e-05,-2.159317e-05,-1.527467e-05
-0.42,-8.393527e-06,-1.665673e-05,-1.093468e-05
-0.4,-5.474887e-06,-1.26056e-05,-7.4652830000000005e-06
-0.38,-2.616243e-06,-9.154083000000001e-06,-4.547436999999999e-06
-0.36,-4.565707e-07,-6.293457e-06,-1.666548e-06
-0.34,9.500967e-07,-3.585817e-06,3.123297e-07
-0.32,1.292232e-06,-1.0339429999999999e-06,7.104887e-07
-0.3,3.020367e-06,-1.174211e-06,2.6988970000000002e-06
-0.28,4.3237199999999995e-06,1.477798e-06,4.280807e-06
-0.26,5.465747e-06,3.1717599999999996e-06,5.643763e-06
-0.24,6.3928e-06,4.660683e-06,6.827117e-06
-0.22,7.175603e-06,5.89609e-06,7.75814e-06
-0.2,7.855493e-06,7.00116e-06,8.627177e-06
-0.18,8.488496999999999e-06,7.95881e-06,9.416733e-06
-0.16,9.084557e-06,8.8648e-06,1.021982e-05
-0.14,9.660327e-06,9.672229999999999e-06,1.0812289999999999e-05
-0.12,1.015624e-05,1.0497979999999999e-05,1.149893e-05
-0.1,1.054285e-05,1.1220000000000001e-05,1.209777e-05
-0.08,1.100777e-05,1.18776e-05,1.271843e-05
-0.06,1.13674e-05,1.259087e-05,1.324613e-05
-0.04,1.173813e-05,1.321953e-05,1.3761900000000001e-05
-0.02,1.222173e-05,1.37599e-05,1.432973e-05
0.0,1.260917e-05,1.441757e-05,1.4923800000000001e-05
0.02,1.304903e-05,1.508713e-05,1.539907e-05
0.04,1.3384e-05,1.565777e-05,1.598477e-05
0.06,1.38549e-05,1.6440129999999997e-05,1.66142e-05
0.08,1.433293e-05,1.697577e-05,1.7230100000000003e-05
0.1,1.477913e-05,1.7592130000000003e-05,1.79195e-05
0.12,1.525003e-05,1.823863e-05,1.870277e-05
0.14,1.576143e-05,1.895943e-05,1.941877e-05
0.16,1.62979e-05,1.961943e-05,2.0245699999999998e-05
0.18,1.696347e-05,2.042137e-05,2.1243470000000002e-05
0.2,1.75782e-05,2.12292e-05,2.2043000000000002e-05
0.22,1.8123369999999998e-05,2.113777e-05,2.307337e-05
0.24,1.883307e-05,2.259137e-05,2.395587e-05
0.26,1.953523e-05,2.36261e-05,2.506057e-05
0.28,2.0255229999999997e-05,2.455513e-05,2.6163230000000003e-05
0.3,2.1034469999999998e-05,2.56451e-05,2.731443e-05
0.32,2.18157e-05,2.661587e-05,2.857923e-05
0.34,2.27205e-05,2.7917230000000003e-05,2.9960869999999998e-05
0.36,2.374213e-05,2.916657e-05,3.1165670000000003e-05
0.38,2.475657e-05,3.039003e-05,3.255207e-05
0.4,2.565743e-05,3.153723e-05,3.409423e-05
0.42,2.69556e-05,3.281633e-05,3.56154e-05
0.44,2.5502829999999998e-05,3.4130830000000004e-05,3.443837e-05
0.46,2.780957e-05,3.267523e-05,3.7462299999999995e-05
0.48,2.969383e-05,3.523233e-05,4.00408e-05
0.5,3.136913e-05,3.7171029999999996e-05,4.238607e-05
0.52,3.3235969999999996e-05,3.886303e-05,4.484653e-05
0.54,3.53229e-05,4.066467e-05,4.7353529999999995e-05
0.56,3.76316e-05,4.2533899999999996e-05,5.004327e-05
0.58,4.03424e-05,4.440903e-05,5.310617e-05
0.6,4.335087e-05,4.612843e-05,5.6251699999999995e-05
-0.6,-0.0003392013,-0.00040490700000000003,-0.0004055737
-0.58,-0.0001306483,-0.0001646677,-0.0001570067
-0.56,-7.97677e-05,-0.0001034467,-9.616773e-05
-0.54,-5.512e-05,-7.330777e-05,-6.666619999999999e-05
-0.52,-4.0180300000000006e-05,-5.494913e-05,-4.870417e-05
-0.5,-2.9893330000000003e-05,-4.233637e-05,-3.651977e-05
-0.48,-2.236563e-05,-3.300707e-05,-2.757233e-05
-0.46,-1.660187e-05,-2.580207e-05,-2.07134e-05
-0.44,-1.222093e-05,-2.0125700000000003e-05,-1.5428429999999998e-05
-0.42,-8.52386e-06,-1.540937e-05,-1.113137e-05
-0.4,-5.4959469999999996e-06,-1.143377e-05,-7.616676999999999e-06
-0.38,-2.7624770000000002e-06,-8.292597000000001e-06,-4.681747e-06
-0.36,-4.931293e-07,-5.495549999999999e-06,-1.858073e-06
-0.34,8.76586e-07,-2.891223e-06,2.113973e-07
-0.32,2.3349169999999997e-06,-7.057183e-07,1.779794e-06
-0.3,3.9951e-06,8.90095e-07,3.327927e-06
-0.28,4.772347e-06,2.3706769999999996e-06,4.62095e-06
-0.26,5.729593e-06,3.7435699999999996e-06,5.7995329999999996e-06
-0.24,6.613332999999999e-06,4.957913e-06,6.822743e-06
-0.22,7.34766e-06,6.099543e-06,7.760923e-06
-0.2,8.05219e-06,7.012683e-06,8.64625e-06
-0.18,8.71221e-06,7.965167000000001e-06,9.373023e-06
-0.16,9.200967e-06,8.844533e-06,1.005291e-05
-0.14,9.71676e-06,9.64484e-06,1.073045e-05
-0.12,1.025877e-05,1.033425e-05,1.1353499999999999e-05
-0.1,1.063385e-05,1.095613e-05,1.1908999999999999e-05
-0.08,1.104273e-05,1.157167e-05,1.256267e-05
-0.06,1.1589130000000001e-05,1.21792e-05,1.301767e-05
-0.04,1.059053e-05,1.28464e-05,1.199087e-05
-0.02,1.1585929999999999e-05,1.349213e-05,1.324297e-05
0.0,1.21856e-05,1.225867e-05,1.4137829999999999e-05
0.02,1.2589300000000002e-05,1.368403e-05,1.48475e-05
0.04,1.304787e-05,1.4608700000000001e-05,1.54857e-05
0.06,1.358987e-05,1.5354569999999998e-05,1.616677e-05
0.08,1.414933e-05,1.60865e-05,1.679897e-05
0.1,1.4652399999999999e-05,1.66134e-05,1.75198e-05
0.12,1.5094670000000001e-05,1.743197e-05,1.82621e-05
0.14,1.5618000000000002e-05,1.81882e-05,1.89801e-05
0.16,1.617353e-05,1.894673e-05,1.978397e-05
0.18,1.677673e-05,1.974743e-05,2.05505e-05
0.2,1.737713e-05,2.04591e-05,2.153393e-05
0.22,1.8061e-05,2.1319e-05,2.237997e-05
0.24,1.8649929999999998e-05,2.2177300000000002e-05,2.325373e-05
0.26,1.9406499999999998e-05,2.3132969999999998e-05,2.42436e-05
0.28,2.006847e-05,2.403377e-05,2.53439e-05
0.3,2.0861999999999998e-05,2.501527e-05,2.629793e-05
0.32,2.176957e-05,2.602497e-05,2.7494800000000003e-05
0.34,2.244157e-05,2.7164230000000002e-05,2.86877e-05
0.36,2.349217e-05,2.832453e-05,2.9992670000000003e-05
0.38,2.432227e-05,2.940657e-05,3.1131100000000004e-05
0.4,2.527557e-05,3.055933e-05,3.24269e-05
0.42,2.6303530000000002e-05,3.198667e-05,3.37255e-05
0.44,2.739347e-05,3.329713e-05,3.5383300000000004e-05
0.46,2.86627e-05,3.476817e-05,3.695287e-05
0.48,3.00336e-05,3.612877e-05,3.942567e-05
0.5,3.1473630000000005e-05,3.7686829999999995e-05,4.0899500000000004e-05
0.52,3.30913e-05,3.899097e-05,4.295667e-05
0.54,3.496883e-05,4.077393e-05,4.53353e-05
0.56,3.734153e-05,4.229703e-05,4.784503e-05
0.58,3.9985600000000006e-05,4.392427e-05,5.069853e-05
0.6,4.308223e-05,4.5774e-05,5.389097e-05
-0.6,-0.000342944,-0.000390418,-0.0004017043
-0.58,-0.0001308237,-0.00015781499999999998,-0.0001546417
-0.56,-7.980743e-05,-9.905789999999999e-05,-9.453413e-05
-0.54,-5.513393e-05,-7.000527e-05,-6.541726999999999e-05
-0.52,-4.006147e-05,-5.23583e-05,-4.76531e-05
-0.5,-2.873817e-05,-4.014493e-05,-3.433547e-05
-0.48,-2.135353e-05,-3.176293e-05,-2.5881529999999998e-05
-0.46,-1.580833e-05,-2.3946399999999998e-05,-1.9445e-05
-0.44,-1.142423e-05,-1.82744e-05,-1.429003e-05
-0.42,-7.914303e-06,-1.383343e-05,-1.0230539999999999e-05
-0.4,-5.008377000000001e-06,-1.018403e-05,-6.811220000000001e-06
-0.38,-2.280079e-06,-7.100107e-06,-3.920397e-06
-0.36,-9.3778e-08,-4.374583e-06,-1.2564669999999999e-06
-0.34,1.2183190000000002e-06,-1.762312e-06,5.777676999999999e-07
-0.32,2.595587e-06,1.927219e-07,2.10285e-06
-0.3,3.852847e-06,1.552104e-06,3.55601e-06
-0.28,4.857383e-06,2.9726829999999997e-06,4.9400329999999996e-06
-0.26,5.8086699999999996e-06,4.3046499999999995e-06,6.035170000000001e-06
-0.24,6.67016e-06,5.465743e-06,7.012683e-06
-0.22,7.4398500000000004e-06,6.484983e-06,7.920663e-06
-0.2,8.130073000000001e-06,7.43548e-06,8.748770000000001e-06
-0.18,8.674463e-06,8.268353e-06,9.506547e-06
-0.16,9.180307e-06,9.076180000000002e-06,1.0157429999999999e-05
-0.14,9.69609e-06,9.739803e-06,1.0786070000000001e-05
-0.12,1.021822e-05,1.04594e-05,1.142543e-05
-0.1,1.068514e-05,1.10952e-05,1.20123e-05
-0.08,1.106383e-05,1.170593e-05,1.25873e-05
-0.06,1.145483e-05,1.152437e-05,1.3036729999999999e-05
-0.04,1.186133e-05,1.256623e-05,1.358467e-05
-0.02,1.220027e-05,1.32386e-05,1.409887e-05
0.0,1.2589699999999999e-05,1.381317e-05,1.469253e-05
0.02,1.303273e-05,1.44724e-05,1.539747e-05
0.04,1.3395530000000001e-05,1.4987e-05,1.57873e-05
0.06,1.38883e-05,1.5691129999999998e-05,1.63472e-05
0.08,1.43222e-05,1.6219229999999998e-05,1.69933e-05
0.1,1.4803029999999999e-05,1.6884e-05,1.753213e-05
0.12,1.5207529999999998e-05,1.7498299999999998e-05,1.82227e-05
0.14,1.57253e-05,1.815517e-05,1.891653e-05
0.16,1.638213e-05,1.88013e-05,1.96429e-05
0.18,1.6867330000000002e-05,1.954753e-05,2.045073e-05
0.2,1.750113e-05,2.03093e-05,2.1240699999999998e-05
0.22,1.684507e-05,2.115763e-05,2.20585e-05
0.24,1.758973e-05,2.201397e-05,2.05811e-05
0.26,1.86181e-05,2.11024e-05,2.2575829999999997e-05
0.28,1.95217e-05,2.2602869999999998e-05,2.4039769999999998e-05
0.3,2.045553e-05,2.39865e-05,2.528587e-05
0.32,2.142153e-05,2.521833e-05,2.636513e-05
0.34,2.231043e-05,2.64176e-05,2.767763e-05
0.36,2.32915e-05,2.75453e-05,2.888563e-05
0.38,2.41693e-05,2.8830399999999998e-05,3.01365e-05
0.4,2.51524e-05,3.0006930000000004e-05,3.1505000000000004e-05
0.42,2.62574e-05,3.13147e-05,3.281117e-05
0.44,2.7278669999999998e-05,3.254133e-05,3.422497e-05
0.46,2.861817e-05,3.37271e-05,3.5804529999999994e-05
0.48,2.994657e-05,3.511943e-05,3.748893e-05
0.5,3.1475629999999996e-05,3.6583370000000004e-05,3.938277e-05
0.52,3.297727e-05,3.8076229999999995e-05,4.139463e-05
0.54,3.4880200000000005e-05,3.982863e-05,4.373553e-05
0.56,3.713253e-05,4.1492800000000004e-05,4.611773e-05
0.58,3.9902129999999994e-05,4.3596830000000005e-05,4.897833e-05
0.6,4.27584e-05,4.555027e-05,5.20905e-05
