V,IGS 150,IGS 151,IGS 152
-0.6,-0.00017016229999999998,-0.0003331377,-0.000198571
-0.58,-7.309869999999999e-05,-0.0001566153,-8.513092999999999e-05
-0.56,-4.510043e-05,-0.0001002501,-5.230467e-05
-0.54,-3.0342730000000002e-05,-6.950977e-05,-3.511387e-05
-0.52,-2.104203e-05,-5.006113e-05,-2.455117e-05
-0.5,-1.467187e-05,-3.656067e-05,-1.7068e-05
-0.48,-9.990143e-06,-2.67601e-05,-1.178503e-05
-0.46,-6.396373e-06,-1.933257e-05,-7.79152e-06
-0.44,-3.219447e-06,-1.35823e-05,-4.392863e-06
-0.42,-9.50894e-07,-9.06545e-06,-1.537401e-06
-0.4,7.307517e-07,-5.284153e-06,3.774953e-07
-0.38,2.1708e-06,-1.7638980000000001e-06,1.94033e-06
-0.36,3.457467e-06,6.13134e-07,3.395873e-06
-0.34,4.594723e-06,2.2435189999999997e-06,4.6217399999999996e-06
-0.32,5.629857e-06,3.8747e-06,5.717677e-06
-0.3,6.71029e-06,5.411703e-06,6.64552e-06
-0.28,7.44343e-06,6.65585e-06,7.569392999999999e-06
-0.26,8.221466999999999e-06,7.698537e-06,8.467832999999999e-06
-0.24,8.98956e-06,8.722930000000001e-06,9.199770000000001e-06
-0.22,9.459250000000001e-06,9.620977e-06,9.896750000000001e-06
-0.2,1.005967e-05,1.040377e-05,1.054527e-05
-0.18,1.068272e-05,1.1245000000000002e-05,1.122396e-05
-0.16,1.12228e-05,1.205923e-05,1.185497e-05
-0.14,1.1735369999999999e-05,1.279313e-05,1.238347e-05
-0.12,1.2133899999999999e-05,1.353067e-05,1.30232e-05
-0.1,1.264573e-05,1.408417e-05,1.35394e-05
-0.08,1.312177e-05,1.4846330000000001e-05,1.427057e-05
-0.06,1.348217e-05,1.55465e-05,1.485703e-05
-0.04,1.390537e-05,1.616163e-05,1.547177e-05
-0.02,1.421213e-05,1.692453e-05,1.5921999999999998e-05
0.0,1.468697e-05,1.65689e-05,1.659473e-05
0.02,1.5137570000000002e-05,1.79899e-05,1.7308400000000002e-05
0.04,1.553613e-05,1.888713e-05,1.790487e-05
0.06,1.59188e-05,1.969137e-05,1.8461569999999997e-05
0.08,1.636547e-05,2.04877e-05,1.91915e-05
0.1,1.67803e-05,2.125183e-05,2.0058170000000002e-05
0.12,1.770373e-05,2.21634e-05,2.098007e-05
0.14,1.80598e-05,2.0982e-05,2.203027e-05
0.16,1.61302e-05,2.27531e-05,2.026003e-05
0.18,1.83324e-05,2.402463e-05,2.32049e-05
0.2,1.94959e-05,2.527993e-05,2.487023e-05
0.22,2.052863e-05,2.640803e-05,2.66087e-05
0.24,2.1444170000000002e-05,2.7560399999999998e-05,2.82534e-05
0.26,2.2293730000000002e-05,2.873143e-05,2.9963270000000003e-05
0.28,2.341433e-05,2.9916400000000004e-05,3.178077e-05
0.3,2.435883e-05,3.1261470000000003e-05,3.35638e-05
0.32,2.567963e-05,3.243563e-05,3.58335e-05
0.34,2.70291e-05,3.3965529999999994e-05,3.816563e-05
0.36,2.839803e-05,3.5524e-05,4.0499370000000005e-05
0.38,2.975543e-05,3.7070099999999996e-05,4.2892700000000004e-05
0.4,3.121893e-05,3.872237e-05,4.5617e-05
0.42,3.289343e-05,4.0431429999999996e-05,4.840973e-05
0.44,3.45397e-05,4.2212e-05,5.1125669999999995e-05
0.46,3.642e-05,4.39799e-05,5.409083e-05
0.48,3.797093e-05,4.593097e-05,5.7040469999999995e-05
0.5,3.987033e-05,4.77008e-05,6.02011e-05
0.52,4.20169e-05,4.945e-05,6.337283e-05
0.54,4.408637e-05,5.1595369999999995e-05,6.643930000000001e-05
0.56,4.656e-05,5.3780500000000005e-05,6.968497e-05
0.58,4.915837e-05,5.6002500000000005e-05,7.358153000000001e-05
0.6,5.179047e-05,5.803267e-05,7.715783e-05
-0.6,-0.000373302,-0.000489503,-0.00044637370000000004
-0.58,-0.0001173117,-0.00017099970000000002,-0.00013993669999999998
-0.56,-6.593663e-05,-0.0001006039,-7.81508e-05
-0.54,-4.27258e-05,-6.748557000000001e-05,-5.055387e-05
-0.52,-2.937517e-05,-4.774967e-05,-3.477733e-05
-0.5,-2.066773e-05,-3.457227e-05,-2.4594830000000003e-05
-0.48,-1.45177e-05,-2.507687e-05,-1.7335430000000002e-05
-0.46,-1.000603e-05,-1.81532e-05,-1.2084229999999999e-05
-0.44,-6.5736e-06,-1.27061e-05,-8.147952999999999e-06
-0.42,-3.395083e-06,-8.531413e-06,-4.793803e-06
-0.4,-1.128514e-06,-4.8661229999999995e-06,-1.9057610000000002e-06
-0.38,5.980316999999999e-07,-1.8135730000000002e-06,9.020133000000001e-08
-0.36,1.861254e-06,3.8107230000000004e-07,5.602837e-07
-0.34,3.094273e-06,1.955827e-06,2.6893599999999998e-06
-0.32,2.7779730000000002e-06,1.320045e-06,2.545117e-06
-0.3,4.526373e-06,4.0698069999999995e-06,4.498163e-06
-0.28,5.6866799999999996e-06,5.689063e-06,5.86152e-06
-0.26,6.703537e-06,6.891487e-06,6.901027e-06
-0.24,7.380643e-06,7.909537e-06,7.7041e-06
-0.22,8.1567e-06,8.842937e-06,8.530602999999999e-06
-0.2,8.736053e-06,9.650377e-06,9.35715e-06
-0.18,9.42388e-06,1.032431e-05,1.002431e-05
-0.16,9.948397e-06,1.108567e-05,1.0701430000000001e-05
-0.14,1.0573060000000001e-05,1.177667e-05,1.140833e-05
-0.12,1.009385e-05,1.245023e-05,1.200077e-05
-0.1,1.137617e-05,1.31138e-05,1.25873e-05
-0.08,1.201073e-05,1.38835e-05,1.336017e-05
-0.06,1.244703e-05,1.4536000000000001e-05,1.3916899999999999e-05
-0.04,1.291197e-05,1.5137229999999998e-05,1.464923e-05
-0.02,1.35092e-05,1.591483e-05,1.531127e-05
0.0,1.398323e-05,1.66627e-05,1.5963330000000002e-05
0.02,1.443663e-05,1.729807e-05,1.6735e-05
0.04,1.487413e-05,1.791677e-05,1.744507e-05
0.06,1.539547e-05,1.8741269999999998e-05,1.819213e-05
0.08,1.59987e-05,1.93731e-05,1.88875e-05
0.1,1.651923e-05,2.02167e-05,1.972357e-05
0.12,1.7152629999999998e-05,2.116323e-05,2.046503e-05
0.14,1.772127e-05,2.205847e-05,2.133927e-05
0.16,1.824737e-05,2.280433e-05,2.2440769999999998e-05
0.18,1.902143e-05,2.36241e-05,2.35033e-05
0.2,1.97804e-05,2.4463330000000002e-05,2.461393e-05
0.22,2.049247e-05,2.5554499999999997e-05,2.5696770000000002e-05
0.24,2.138057e-05,2.649627e-05,2.6830430000000002e-05
0.26,2.2227330000000002e-05,2.752543e-05,2.7956930000000002e-05
0.28,2.302407e-05,2.868693e-05,2.9548000000000002e-05
0.3,2.388797e-05,2.985677e-05,3.12833e-05
0.32,2.499423e-05,3.1127099999999995e-05,3.237447e-05
0.34,2.5954630000000003e-05,3.2478569999999996e-05,3.386697e-05
0.36,2.699733e-05,3.37529e-05,3.563643e-05
0.38,2.82395e-05,3.52685e-05,3.734587e-05
0.4,2.948403e-05,3.67999e-05,3.9177699999999996e-05
0.42,2.83543e-05,3.5158000000000005e-05,4.12758e-05
0.44,3.094673e-05,3.838023e-05,3.904937e-05
0.46,3.302813e-05,4.081687e-05,4.3915099999999996e-05
0.48,3.5134930000000003e-05,4.29924e-05,4.699627e-05
0.5,3.698507e-05,4.502737e-05,5.00838e-05
0.52,3.9167e-05,4.728437e-05,5.30716e-05
0.54,4.1412900000000005e-05,4.947223e-05,5.6422130000000005e-05
0.56,4.37967e-05,5.1883870000000004e-05,6.021697e-05
0.58,4.633943e-05,5.4444069999999994e-05,6.415642999999999e-05
0.6,4.9459130000000004e-05,5.68998e-05,6.779073e-05
-0.6,-0.000388405,-0.0004613037,-0.000440194
-0.58,-0.0001195017,-0.000157888,-0.00013741370000000002
-0.56,-6.624423e-05,-9.230849999999999e-05,-7.696033e-05
-0.54,-4.2783429999999996e-05,-6.168207e-05,-5.0003130000000005e-05
-0.52,-2.943633e-05,-4.3475629999999996e-05,-3.45552e-05
-0.5,-2.064863e-05,-3.13306e-05,-2.447807e-05
-0.48,-1.455507e-05,-2.33877e-05,-1.743793e-05
-0.46,-9.999690000000001e-06,-1.633723e-05,-1.21351e-05
-0.44,-6.467503e-06,-1.126488e-05,-8.21233e-06
-0.42,-3.525813e-06,-7.387797e-06,-4.777113e-06
-0.4,-1.1833509999999999e-06,-3.843703e-06,-2.003908e-06
-0.38,4.3074100000000003e-07,-1.173018e-06,1.591e-09
-0.36,1.75794e-06,7.136677e-07,1.481374e-06
-0.34,2.966723e-06,2.270539e-06,2.837183e-06
-0.32,4.105567e-06,3.740787e-06,4.048347e-06
-0.3,5.140303e-06,5.084277e-06,5.156993e-06
-0.28,5.952120000000001e-06,6.232657e-06,6.079273000000001e-06
-0.26,6.664197e-06,7.202627e-06,7.076263e-06
-0.24,7.50621e-06,8.050207e-06,7.769663e-06
-0.22,8.147957000000001e-06,8.82428e-06,8.55564e-06
-0.2,8.758689999999999e-06,9.61621e-06,9.27328e-06
-0.18,9.460457e-06,1.0351720000000001e-05,1.001159e-05
-0.16,1.00132e-05,1.09931e-05,1.064856e-05
-0.14,1.050192e-05,1.15772e-05,1.1245399999999999e-05
-0.12,1.095571e-05,1.241883e-05,1.191017e-05
-0.1,1.160343e-05,1.304867e-05,1.246013e-05
-0.08,1.209103e-05,1.3721399999999999e-05,1.305343e-05
-0.06,1.2437499999999999e-05,1.2577369999999999e-05,1.384577e-05
-0.04,1.079082e-05,1.403173e-05,1.265447e-05
-0.02,1.281063e-05,1.5010430000000002e-05,1.42332e-05
0.0,1.350207e-05,1.5959729999999998e-05,1.5258369999999999e-05
0.02,1.407387e-05,1.660543e-05,1.607933e-05
0.04,1.4723929999999998e-05,1.740657e-05,1.68121e-05
0.06,1.517533e-05,1.823427e-05,1.754167e-05
0.08,1.57257e-05,1.886053e-05,1.84369e-05
0.1,1.647077e-05,1.96596e-05,1.9148599999999998e-05
0.12,1.7015530000000002e-05,2.0484129999999998e-05,2.011777e-05
0.14,1.758457e-05,2.133887e-05,2.086877e-05
0.16,1.8342730000000002e-05,2.218447e-05,2.18916e-05
0.18,1.8962999999999998e-05,2.345363e-05,2.27793e-05
0.2,1.9640930000000002e-05,2.41995e-05,2.372107e-05
0.22,2.062e-05,2.5179399999999998e-05,2.482573e-05
0.24,2.13182e-05,2.601623e-05,2.595503e-05
0.26,2.2118099999999998e-05,2.71368e-05,2.712843e-05
0.28,2.306263e-05,2.8069830000000002e-05,2.824107e-05
0.3,2.393963e-05,2.91701e-05,2.9411699999999998e-05
0.32,2.494297e-05,3.0484200000000002e-05,3.104607e-05
0.34,2.6015030000000003e-05,3.179667e-05,3.23653e-05
0.36,2.709587e-05,3.319823e-05,3.3812099999999994e-05
0.38,2.81195e-05,3.457267e-05,3.65122e-05
0.4,2.9319930000000002e-05,3.606357e-05,3.716867e-05
0.42,3.07719e-05,3.764787e-05,3.898897e-05
0.44,3.2088399999999996e-05,3.9291370000000006e-05,4.0898730000000004e-05
0.46,3.3567329999999995e-05,4.1088669999999996e-05,4.289667e-05
0.48,3.5282e-05,4.27238e-05,4.523197e-05
0.5,3.69056e-05,4.4673670000000004e-05,4.7767929999999996e-05
0.52,3.875133e-05,4.67161e-05,5.03719e-05
0.54,4.092453e-05,4.90622e-05,5.328537e-05
0.56,4.30298e-05,5.14849e-05,5.65362e-05
0.58,4.567107e-05,5.3897669999999995e-05,6.0338569999999996e-05
0.6,4.86052e-05,5.67329e-05,6.418583e-05
-0.6,-0.00043925400000000003,-0.0004392407,-0.0004389463
-0.58,-0.000123207,-0.00014908370000000002,-0.0001350903
-0.56,-6.768067000000001e-05,-8.66755e-05,-7.532477e-05
-0.54,-4.350423e-05,-5.772273e-05,-4.90133e-05
-0.52,-3.0331600000000003e-05,-4.121347e-05,-3.38479e-05
-0.5,-2.026757e-05,-2.8427429999999997e-05,-2.530177e-05
-0.48,-1.405837e-05,-2.035103e-05,-1.6884030000000002e-05
-0.46,-9.638453e-06,-1.438417e-05,-1.162567e-05
-0.44,-6.215570000000001e-06,-9.874496999999999e-06,-7.75536e-06
-0.42,-3.154277e-06,-6.227096999999999e-06,-4.30306e-06
-0.4,-9.051967e-07,-2.983807e-06,-1.6041570000000001e-06
-0.38,6.484976999999999e-07,-4.418693e-07,1.835821e-07
-0.36,1.879931e-06,1.113415e-06,1.581114e-06
-0.34,3.1594430000000003e-06,2.788303e-06,2.8769169999999998e-06
-0.32,4.256567e-06,4.09007e-06,4.20491e-06
-0.3,5.200703e-06,5.284547e-06,5.283753e-06
-0.28,6.086427e-06,6.3904129999999996e-06,6.182987e-06
-0.26,6.833473e-06,7.297597e-06,7.143417e-06
-0.24,7.631383e-06,8.099873000000001e-06,7.867417e-06
-0.22,8.283453e-06,8.898187e-06,8.70705e-06
-0.2,8.867570000000001e-06,9.655147e-06,9.415943e-06
-0.18,9.5721e-06,1.031597e-05,9.959526999999999e-06
-0.16,1.003902e-05,1.103878e-05,1.053173e-05
-0.14,1.054128e-05,1.16384e-05,1.1245410000000001e-05
-0.12,1.11254e-05,1.245577e-05,1.176277e-05
-0.1,1.15943e-05,1.296243e-05,1.246373e-05
-0.08,1.210887e-05,1.35839e-05,1.304507e-05
-0.06,1.262463e-05,1.437627e-05,1.377027e-05
-0.04,1.30423e-05,1.489203e-05,1.435797e-05
-0.02,1.38593e-05,1.54674e-05,1.499967e-05
0.0,1.422367e-05,1.621327e-05,1.567083e-05
0.02,1.4689e-05,1.6762e-05,1.629433e-05
0.04,1.508437e-05,1.75925e-05,1.699963e-05
0.06,1.55747e-05,1.814523e-05,1.782497e-05
0.08,1.606983e-05,1.8883530000000002e-05,1.854977e-05
0.1,1.66873e-05,1.973747e-05,1.921533e-05
0.12,1.730087e-05,2.034427e-05,2.007367e-05
0.14,1.78194e-05,2.1189829999999997e-05,2.08477e-05
0.16,1.849493e-05,2.199133e-05,2.165037e-05
0.18,1.912673e-05,2.276897e-05,2.2628299999999998e-05
0.2,1.98972e-05,2.3771900000000002e-05,2.34803e-05
0.22,1.86304e-05,2.20843e-05,2.4586930000000002e-05
0.24,2.035893e-05,2.412873e-05,2.2974399999999998e-05
0.26,2.1626530000000002e-05,2.5490529999999998e-05,2.5465500000000002e-05
0.28,2.266687e-05,2.687297e-05,2.715667e-05
0.3,2.3639999999999997e-05,2.82399e-05,2.834993e-05
0.32,2.462703e-05,2.959053e-05,2.9690669999999998e-05
0.34,2.577583e-05,3.101507e-05,3.122367e-05
0.36,2.687773e-05,3.234467e-05,3.275313e-05
0.38,2.7879469999999998e-05,3.3799e-05,3.4306830000000004e-05
0.4,2.9156599999999998e-05,3.534e-05,3.5825970000000004e-05
0.42,3.029747e-05,3.69211e-05,3.77166e-05
0.44,3.16469e-05,3.84768e-05,3.941577e-05
0.46,3.305993e-05,4.026013e-05,4.161437e-05
0.48,3.480237e-05,4.211067e-05,4.366437e-05
0.5,3.663817e-05,4.40518e-05,4.5975829999999997e-05
0.52,3.850183e-05,4.62989e-05,4.861553e-05
0.54,4.0599900000000004e-05,4.8395e-05,5.141177e-05
0.56,4.3004369999999996e-05,5.085427e-05,5.467453e-05
0.58,4.553637e-05,5.352893e-05,5.82548e-05
0.6,4.8501900000000004e-05,5.63379e-05,6.208856999999999e-05
