V,gm 150,gm 151,gm 152
-0.6,0.00025536999999999966,0.00028014799999999965,0.00019775499999999976
-0.58,0.00017727650000000004,0.00018311575,0.00013672899999999971
-0.56,7.715400000000028e-05,6.583350000000012e-05,5.9840749999999845e-05
-0.54,4.340174999999981e-05,3.5842500000000076e-05,3.5354999999999935e-05
-0.52,2.4521000000000005e-05,1.984750000000009e-05,2.0128249999999985e-05
-0.5,1.2698250000000091e-05,9.969999999999988e-06,9.841000000000016e-06
-0.48,4.842499999999864e-06,3.6575000000001797e-06,3.5985000000000097e-06
-0.46,7.790000000000141e-07,1.0632500000000173e-06,8.867500000001114e-07
-0.44,4.9824999999999e-06,4.610999999999851e-06,4.260999999999978e-06
-0.42,8.10174999999998e-06,7.242499999999923e-06,6.781749999999797e-06
-0.4,1.059749999999973e-05,9.505000000000147e-06,8.728250000000033e-06
-0.38,1.2682500000000142e-05,1.141425000000004e-05,1.018575000000005e-05
-0.36,1.4462500000000196e-05,1.2988249999999887e-05,1.1377499999999869e-05
-0.34,1.5932499999999922e-05,1.4384249999999967e-05,1.2398250000000138e-05
-0.32,1.721675000000006e-05,1.5509250000000007e-05,1.3481750000000122e-05
-0.3,1.8560000000000148e-05,1.669900000000001e-05,1.4292499999999904e-05
-0.28,1.949675000000018e-05,1.768150000000003e-05,1.484749999999986e-05
-0.26,2.0194999999999762e-05,1.8691749999999972e-05,1.548424999999994e-05
-0.24,2.0839999999999834e-05,1.9826749999999954e-05,1.5947499999999833e-05
-0.22,2.132075000000006e-05,2.064675000000007e-05,1.646925000000016e-05
-0.2,2.1870000000000006e-05,2.132424999999995e-05,1.6874000000000056e-05
-0.18,2.243099999999984e-05,2.2075749999999695e-05,1.6973250000000073e-05
-0.16,2.284649999999993e-05,2.2925000000000246e-05,1.7121749999999972e-05
-0.14,2.285575000000005e-05,2.3541750000000226e-05,1.7227500000000038e-05
-0.12,2.252500000000002e-05,2.4034999999999942e-05,1.724749999999992e-05
-0.1,2.2068250000000173e-05,2.4423250000000065e-05,1.7164999999999975e-05
-0.08,2.180675000000012e-05,2.464749999999999e-05,1.6846750000000087e-05
-0.06,2.1552500000000373e-05,2.482500000000002e-05,1.651325000000042e-05
-0.04,2.076675000000001e-05,2.467150000000015e-05,1.6089999999999854e-05
-0.02,1.9837499999999933e-05,2.4565000000000047e-05,1.545499999999994e-05
0.0,1.8902500000000065e-05,2.4353499999999915e-05,1.4725750000000194e-05
0.02,1.7836000000000024e-05,2.3855000000000143e-05,1.4009250000000025e-05
0.04,1.6602499999999847e-05,2.3438999999999882e-05,1.3144249999999958e-05
0.06,1.5322500000000076e-05,2.2668249999999645e-05,1.2211750000000075e-05
0.08,1.3940750000000085e-05,2.1619999999999973e-05,1.1189999999999898e-05
0.1,1.238325000000001e-05,2.062924999999996e-05,1.0074000000000107e-05
0.12,1.0953250000000046e-05,1.959675000000002e-05,8.948250000000244e-06
0.14,9.679999999999975e-06,1.9435000000000155e-05,8.294249999999488e-06
0.16,8.948499999999896e-06,1.9386749999999965e-05,7.800000000000081e-06
0.18,7.199250000000136e-06,1.6656749999999915e-05,6.2592500000002976e-06
0.2,4.9214999999999155e-06,1.3925750000000174e-05,4.722499999999926e-06
0.22,3.7900000000000433e-06,1.2939000000000006e-05,3.970749999999881e-06
0.24,2.800000000000068e-06,1.1714249999999777e-05,3.3150000000000453e-06
0.26,1.8200000000000334e-06,1.046675000000003e-05,2.6525000000000767e-06
0.28,8.935000000002448e-07,9.30899999999988e-06,1.9967499999998077e-06
0.3,1.2324999999996193e-07,8.156750000000088e-06,1.4782500000001548e-06
0.32,6.325000000001468e-07,7.019250000000121e-06,9.482500000000497e-07
0.34,1.530749999999843e-06,5.9582500000000035e-06,3.842500000000599e-07
0.36,2.194249999999936e-06,4.8832499999998825e-06,2.499999999985153e-09
0.38,2.7535000000000406e-06,3.808250000000195e-06,3.717500000001341e-07
0.4,3.325750000000025e-06,2.7749999999999997e-06,7.9825000000029e-07
0.42,3.944000000000083e-06,1.8550000000002592e-06,1.1549999999998627e-06
0.44,4.2667499999999876e-06,1.0300000000001714e-06,1.4717499999998898e-06
0.46,4.729999999999882e-06,1.3349999999977095e-07,1.782500000000256e-06
0.48,5.418249999999741e-06,6.550000000000132e-07,2.1499999999998083e-06
0.5,5.8667500000000265e-06,1.3867500000001778e-06,2.48900000000005e-06
0.52,6.348500000000158e-06,2.089999999999948e-06,2.7874999999999255e-06
0.54,6.817500000000061e-06,2.7332499999998573e-06,3.0899999999998637e-06
0.56,7.215750000000125e-06,3.399000000000067e-06,3.313250000000099e-06
0.58,7.440749999999873e-06,4.026000000000073e-06,3.585999999999867e-06
0.6,7.633474576271303e-06,4.38863220338986e-06,3.8134090395477792e-06
-0.6,3.084940677966063e-05,8.021897118644025e-05,1.0993070056497436e-05
-0.58,5.327350000000077e-05,0.0001350675000000006,6.218250000000042e-05
-0.56,0.000128581,0.00016324825000000025,0.00010223250000000023
-0.54,0.00010059749999999975,0.00011057850000000002,7.632499999999992e-05
-0.52,6.620574999999999e-05,6.980349999999996e-05,5.1314999999999694e-05
-0.5,4.213749999999999e-05,4.349325e-05,3.3872500000000066e-05
-0.48,2.6265000000000142e-05,2.65790000000001e-05,2.1589000000000027e-05
-0.46,1.5236499999999806e-05,1.5205749999999945e-05,1.2547500000000076e-05
-0.44,7.2600000000000355e-06,7.267499999999991e-06,6.1842500000000925e-06
-0.42,1.3475000000000206e-06,1.5592500000000207e-06,1.6559999999998364e-06
-0.4,2.942500000000089e-06,2.64575000000016e-06,1.8632500000000368e-06
-0.38,6.247499999999977e-06,5.999250000000107e-06,4.758499999999843e-06
-0.36,8.614249999999973e-06,8.684999999999813e-06,6.89750000000002e-06
-0.34,1.0558250000000007e-05,1.0773999999999853e-05,8.447500000000139e-06
-0.32,1.3390749999999882e-05,1.3358250000000075e-05,9.853499999999942e-06
-0.3,1.4917500000000096e-05,1.471349999999992e-05,1.1580750000000223e-05
-0.28,1.4433249999999979e-05,1.433600000000021e-05,1.1803249999999986e-05
-0.26,1.507074999999988e-05,1.5289999999999835e-05,1.1625749999999956e-05
-0.24,1.6461749999999772e-05,1.6835750000000023e-05,1.283824999999991e-05
-0.22,1.7509999999999878e-05,1.7808250000000102e-05,1.3608499999999977e-05
-0.2,1.8392500000000058e-05,1.875175000000005e-05,1.4111000000000028e-05
-0.18,1.906175000000016e-05,1.96282499999997e-05,1.4628999999999944e-05
-0.16,1.9692499999999927e-05,2.0443999999999888e-05,1.4993999999999945e-05
-0.14,2.0127499999999946e-05,2.1074999999999957e-05,1.5255000000000043e-05
-0.12,2.025825000000008e-05,2.1697500000000163e-05,1.5477499999999806e-05
-0.1,2.0260000000000243e-05,2.2239249999999938e-05,1.579350000000001e-05
-0.08,2.00717499999998e-05,2.2731749999999832e-05,1.589675000000009e-05
-0.06,1.992500000000028e-05,2.2914250000000266e-05,1.575500000000011e-05
-0.04,1.970425000000003e-05,2.2896750000000153e-05,1.554250000000007e-05
-0.02,1.9090000000000036e-05,2.293574999999979e-05,1.514250000000006e-05
0.0,1.8330750000000035e-05,2.2609999999999948e-05,1.4675750000000057e-05
0.02,1.740574999999989e-05,2.2265000000000045e-05,1.4154999999999853e-05
0.04,1.6349999999999828e-05,2.1791499999999908e-05,1.3576749999999992e-05
0.06,1.5239999999999915e-05,2.1087499999999666e-05,1.2831499999999994e-05
0.08,1.3984249999999957e-05,2.0335000000000015e-05,1.1960750000000134e-05
0.1,1.2660000000000058e-05,1.9396749999999905e-05,1.1087500000000073e-05
0.12,1.1247500000000207e-05,1.8348500000000016e-05,1.0237500000000134e-05
0.14,9.801750000000076e-06,1.713400000000003e-05,9.31674999999992e-06
0.16,8.551500000000042e-06,1.6012500000000098e-05,8.328499999999892e-06
0.18,7.305750000000024e-06,1.4875000000000131e-05,7.284250000000065e-06
0.2,5.961749999999896e-06,1.361250000000004e-05,6.228249999999701e-06
0.22,4.688500000000042e-06,1.2440999999999971e-05,5.360749999999866e-06
0.24,3.6325000000001113e-06,1.1112500000000141e-05,4.62075000000014e-06
0.26,2.5249999999999665e-06,9.798249999999967e-06,3.7175000000000402e-06
0.28,1.4082500000001368e-06,8.500000000000044e-06,2.8542499999999194e-06
0.3,4.7250000000001284e-07,7.275749999999985e-06,2.1592500000001437e-06
0.32,5.257500000001736e-07,6.093999999999891e-06,1.373249999999911e-06
0.34,1.4134999999999755e-06,4.9142499999998285e-06,6.01499999999984e-07
0.36,2.179250000000025e-06,3.932500000000281e-06,6.89999999998938e-08
0.38,2.855000000000175e-06,2.9100000000000653e-06,7.524999999998679e-07
0.4,3.5832499999997967e-06,1.879999999999894e-06,1.2375000000000233e-06
0.42,4.440749999999908e-06,9.757500000001033e-07,1.6757499999998492e-06
0.44,5.385749999999934e-06,4.824999999997366e-08,2.264249999999954e-06
0.46,6.161750000000009e-06,7.774999999999362e-07,2.958250000000256e-06
0.48,6.170999999999911e-06,1.4257500000000329e-06,3.468250000000046e-06
0.5,6.234000000000144e-06,2.2982500000000555e-06,3.551749999999897e-06
0.52,6.833250000000011e-06,3.0575000000002735e-06,3.783499999999995e-06
0.54,7.25750000000005e-06,3.713249999999892e-06,4.136750000000109e-06
0.56,7.4582500000002026e-06,4.276749999999928e-06,4.419000000000081e-06
0.58,7.891000000000105e-06,4.809250000000018e-06,4.595000000000033e-06
0.6,8.37129237288116e-06,5.10321892655386e-06,4.682566807909661e-06
-0.6,3.2174978813559116e-05,6.361491384180825e-05,5.721380367232267e-06
-0.58,5.085000000000072e-05,0.00012337675000000082,5.883425000000053e-05
-0.56,0.00012612825000000018,0.00015944425000000042,0.00010317075000000012
-0.54,0.00010028324999999971,0.00011062899999999989,7.877324999999995e-05
-0.52,6.741250000000015e-05,7.089824999999988e-05,5.305749999999997e-05
-0.5,4.3407500000000035e-05,4.493100000000001e-05,3.542325000000001e-05
-0.48,2.6823499999999775e-05,2.7679250000000157e-05,2.2674249999999957e-05
-0.46,1.5118250000000031e-05,1.6002500000000157e-05,1.3411750000000104e-05
-0.44,7.06649999999997e-06,7.928250000000013e-06,6.596499999999943e-06
-0.42,1.5885000000000205e-06,1.9957499999999004e-06,1.791749999999941e-06
-0.4,2.7200000000001095e-06,2.432500000000082e-06,1.7857500000000633e-06
-0.38,6.2367499999999975e-06,5.7625000000000384e-06,4.4585000000001065e-06
-0.36,8.89324999999992e-06,8.375749999999958e-06,6.52675000000001e-06
-0.34,1.0839249999999986e-05,1.0501750000000039e-05,8.371500000000026e-06
-0.32,1.2599999999999981e-05,1.2422499999999951e-05,9.796499999999804e-06
-0.3,1.4232500000000044e-05,1.4008249999999684e-05,1.088249999999999e-05
-0.28,1.529075000000009e-05,1.5104250000000244e-05,1.1865000000000226e-05
-0.26,1.590825000000011e-05,1.6133250000000075e-05,1.2560999999999909e-05
-0.24,1.672349999999991e-05,1.7171499999999807e-05,1.3179999999999789e-05
-0.22,1.7706749999999967e-05,1.8121750000000105e-05,1.3710749999999933e-05
-0.2,1.8265749999999987e-05,1.887925000000016e-05,1.4096000000000117e-05
-0.18,1.88574999999999e-05,1.9567499999999802e-05,1.4565749999999843e-05
-0.16,1.9523250000000108e-05,2.030825e-05,1.4902499999999968e-05
-0.14,1.9807499999999895e-05,2.1561750000000058e-05,1.520600000000003e-05
-0.12,1.996750000000003e-05,2.1863500000000174e-05,1.536000000000007e-05
-0.1,2.0132500000000133e-05,2.1519999999999916e-05,1.5566500000000014e-05
-0.08,2.0132499999999916e-05,2.194250000000001e-05,1.5695000000000032e-05
-0.06,1.9870000000000174e-05,2.2165750000000244e-05,1.5615000000000073e-05
-0.04,1.9454250000000214e-05,2.23265000000002e-05,1.553899999999996e-05
-0.02,2.023750000000016e-05,2.3626750000000155e-05,1.528749999999985e-05
0.0,2.0295749999999857e-05,2.4494249999999773e-05,1.4864999999999974e-05
0.02,1.7487500000000012e-05,2.2064999999999932e-05,1.5215000000000064e-05
0.04,1.5395999999999986e-05,2.002075000000019e-05,1.5425000000000117e-05
0.06,1.4667500000000062e-05,1.9730749999999743e-05,1.3359249999999765e-05
0.08,1.3728999999999868e-05,1.9067499999999953e-05,1.155924999999983e-05
0.1,1.2644000000000023e-05,1.8384250000000064e-05,1.1053250000000103e-05
0.12,1.1337500000000106e-05,1.7448500000000157e-05,1.0191750000000362e-05
0.14,1.0024249999999839e-05,1.6341499999999965e-05,9.304249999999995e-06
0.16,8.750999999999768e-06,1.525324999999988e-05,8.495000000000074e-06
0.18,7.441750000000214e-06,1.4055999999999921e-05,7.571750000000092e-06
0.2,6.230000000000081e-06,1.2851750000000177e-05,6.617499999999948e-06
0.22,5.023249999999918e-06,1.1704000000000185e-05,5.710750000000172e-06
0.24,3.834999999999993e-06,1.0426500000000182e-05,4.783250000000043e-06
0.26,2.6625000000000173e-06,9.101750000000113e-06,3.919999999999922e-06
0.28,1.5125000000001249e-06,8.019250000000037e-06,3.13000000000006e-06
0.3,5.325000000000902e-07,6.728249999999984e-06,2.4057500000000676e-06
0.32,4.0425000000015796e-07,5.450749999999982e-06,1.6307500000001165e-06
0.34,1.2792499999999488e-06,4.464999999999938e-06,8.310000000001823e-07
0.36,2.1182500000000402e-06,3.379250000000271e-06,9.174999999984543e-08
0.38,2.941499999999748e-06,2.3000000000000017e-06,5.635000000000362e-07
0.4,3.7010000000000515e-06,1.3917499999999312e-06,1.2217499999998566e-06
0.42,4.365000000000315e-06,4.3174999999999464e-07,1.8674999999999681e-06
0.44,4.9707499999997965e-06,5.174999999999624e-07,2.4215000000000174e-06
0.46,5.503499999999755e-06,1.299250000000047e-06,2.9157499999998577e-06
0.48,6.12675e-06,2.0167499999999058e-06,3.502500000000016e-06
0.5,6.76999999999991e-06,2.7075000000001837e-06,4.0017500000000435e-06
0.52,7.318250000000167e-06,3.4625000000002536e-06,4.307500000000006e-06
0.54,7.872500000000084e-06,4.139999999999916e-06,4.713250000000025e-06
0.56,8.3567500000002e-06,4.661750000000027e-06,5.032500000000037e-06
0.58,8.413250000000169e-06,5.168249999999708e-06,5.257499999999785e-06
0.6,8.380764548022449e-06,5.5111628531069494e-06,5.467381355932184e-06
-0.6,3.0337540536723526e-05,5.9357095056497295e-05,3.587372881361413e-07
-0.58,5.17100000000006e-05,0.00011947100000000077,5.5849250000000695e-05
-0.56,0.00012648675000000035,0.00015731925000000047,0.00010378574999999994
-0.54,0.00010090249999999989,0.00011033999999999979,8.188575000000011e-05
-0.52,6.729824999999979e-05,7.128924999999986e-05,5.593099999999995e-05
-0.5,4.3046749999999965e-05,4.5117499999999854e-05,3.651574999999981e-05
-0.48,2.7414999999999818e-05,2.8107500000000042e-05,2.328324999999968e-05
-0.46,1.8054249999999855e-05,1.8545750000000276e-05,1.3879999999999969e-05
-0.44,9.445749999999892e-06,9.580749999999957e-06,6.965749999999875e-06
-0.42,1.3640000000002261e-06,1.424249999999955e-06,1.7675000000001283e-06
-0.4,3.1865000000002447e-06,3.1399999999997836e-06,1.0107499999998954e-06
-0.38,6.473250000000198e-06,6.5750000000002005e-06,3.2657499999997307e-06
-0.36,9.114249999999822e-06,9.038250000000143e-06,6.270750000000099e-06
-0.34,1.1204249999999987e-05,1.110999999999994e-05,8.382500000000091e-06
-0.32,1.2756749999999874e-05,1.2913499999999984e-05,9.882500000000074e-06
-0.3,1.4027500000000177e-05,1.4276000000000132e-05,1.1080750000000156e-05
-0.28,1.5188999999999871e-05,1.5436500000000136e-05,1.2086000000000345e-05
-0.26,1.6141499999999852e-05,1.653000000000006e-05,1.2806000000000189e-05
-0.24,1.686099999999996e-05,1.7445999999999955e-05,1.3278249999999683e-05
-0.22,1.7544250000000282e-05,1.8155000000000168e-05,1.3862500000000073e-05
-0.2,1.8197499999999915e-05,1.8863250000000125e-05,1.4521750000000234e-05
-0.18,1.9043249999999923e-05,1.977649999999995e-05,1.496500000000003e-05
-0.16,1.967500000000003e-05,2.0704999999999986e-05,1.5269999999999954e-05
-0.14,1.9811750000000043e-05,2.109750000000004e-05,1.5537499999999883e-05
-0.12,1.9872499999999942e-05,2.1452500000000317e-05,1.577075000000006e-05
-0.1,1.9950000000000133e-05,2.2049249999999982e-05,1.5930000000000154e-05
-0.08,1.9940750000000014e-05,2.2390749999999992e-05,1.592824999999999e-05
-0.06,1.9819250000000215e-05,2.2253250000000375e-05,1.5940750000000134e-05
-0.04,1.933425000000006e-05,2.2090999999999908e-05,1.570925000000012e-05
-0.02,1.876250000000003e-05,2.2072500000000104e-05,1.5374249999999942e-05
0.0,1.8212500000000043e-05,2.2158250000000072e-05,1.5127499999999933e-05
0.02,1.728500000000013e-05,2.1604250000000023e-05,1.4621499999999989e-05
0.04,1.6320000000000006e-05,2.071249999999994e-05,1.39675000000001e-05
0.06,1.5275749999999963e-05,1.999249999999988e-05,1.3234250000000074e-05
0.08,1.4234000000000122e-05,1.9263249999999918e-05,1.2435000000000094e-05
0.1,1.3053249999999935e-05,1.8187499999999975e-05,1.2269250000000167e-05
0.12,1.1636000000000198e-05,1.7035000000000314e-05,1.118675000000009e-05
0.14,1.0313499999999812e-05,1.6109249999999697e-05,9.548249999999717e-06
0.16,8.968999999999948e-06,1.4815000000000054e-05,8.672500000000104e-06
0.18,7.729000000000156e-06,1.3585750000000025e-05,7.706750000000158e-06
0.2,6.431749999999924e-06,1.2506750000000058e-05,6.918999999999979e-06
0.22,5.158500000000069e-06,1.1468250000000024e-05,5.943999999999915e-06
0.24,4.011749999999984e-06,1.0127500000000136e-05,4.914999999999867e-06
0.26,2.8807499999998487e-06,8.768500000000097e-06,4.17249999999994e-06
0.28,1.8382499999997515e-06,7.885000000000227e-06,3.4242500000000037e-06
0.3,9.957500000002013e-07,7.183249999999884e-06,2.55250000000002e-06
0.32,9.250000000118538e-09,5.556750000000133e-06,1.6782500000000512e-06
0.34,1.1275000000002429e-06,3.908250000000035e-06,8.199999999999007e-07
0.36,2.0149999999999595e-06,2.939999999999887e-06,2.467500000000091e-07
0.38,2.8199999999999493e-06,1.8542500000000035e-06,3.9399999999991525e-07
0.4,3.60349999999998e-06,9.039999999999222e-07,1.248249999999786e-06
0.42,4.4282499999999825e-06,5.2500000000121894e-08,1.9985000000001876e-06
0.44,5.1274999999999064e-06,7.650000000000105e-07,2.6335000000001028e-06
0.46,5.6917499999999815e-06,1.6082500000000333e-06,3.129999999999843e-06
0.48,6.246499999999853e-06,2.4149999999997524e-06,3.66250000000015e-06
0.5,6.810750000000145e-06,3.0692499999999436e-06,4.1814999999999734e-06
0.52,7.370000000000033e-06,3.666499999999996e-06,4.653249999999947e-06
0.54,7.765749999999894e-06,4.3207499999999704e-06,5.090000000000129e-06
0.56,8.126750000000266e-06,4.911750000000277e-06,5.374250000000132e-06
0.58,8.430999999999933e-06,5.459999999999883e-06,5.599999999999919e-06
0.6,8.498499999999892e-06,5.771499999999877e-06,5.722999999999872e-06
