V,IDS 150,IDS 151,IDS 152
-0.6,4.187267e-05,4.628977e-05,4.255627e-05
-0.58,4.698007e-05,5.189273e-05,4.651137e-05
-0.56,4.896373e-05,5.36144e-05,4.802543e-05
-0.54,5.006623e-05,5.452607e-05,4.8905e-05
-0.52,5.06998e-05,5.50481e-05,4.943963e-05
-0.5,5.104707e-05,5.531997e-05,4.971013e-05
-0.48,5.120773e-05,5.54469e-05,4.983327e-05
-0.46,5.124077e-05,5.546627e-05,4.985407e-05
-0.44,5.117657e-05,5.540437e-05,4.97978e-05
-0.42,5.104147e-05,5.528183e-05,4.968363e-05
-0.4,5.08525e-05,5.511467e-05,4.952653e-05
-0.38,5.061757e-05,5.490163e-05,4.93345e-05
-0.36,5.03452e-05,5.46581e-05,4.91191e-05
-0.34,5.003907e-05,5.43821e-05,4.88794e-05
-0.32,4.97079e-05,5.408273e-05,4.862317e-05
-0.3,4.93504e-05,5.376173e-05,4.834013e-05
-0.28,4.89655e-05,5.341477e-05,4.805147e-05
-0.26,4.857053e-05,5.305447e-05,4.774623e-05
-0.24,4.81577e-05,5.26671e-05,4.74321e-05
-0.22,4.773693e-05,5.22614e-05,4.710833e-05
-0.2,4.730487e-05,5.184123e-05,4.677333e-05
-0.18,4.686213e-05,5.140843e-05,4.643337e-05
-0.16,4.640763e-05,5.09582e-05,4.60944e-05
-0.14,4.594827e-05,5.049143e-05,4.57485e-05
-0.12,4.54934e-05,5.001653e-05,4.54053e-05
-0.1,4.504727e-05,4.953003e-05,4.50586e-05
-0.08,4.461067e-05,4.90396e-05,4.47187e-05
-0.06,4.4175e-05,4.854413e-05,4.438473e-05
-0.04,4.374857e-05,4.80466e-05,4.405817e-05
-0.02,4.334433e-05,4.755727e-05,4.374113e-05
0.0,4.295507e-05,4.7064e-05,4.343997e-05
0.02,4.258823e-05,4.658313e-05,4.31521e-05
0.04,4.224163e-05,4.61098e-05,4.28796e-05
0.06,4.192413e-05,4.564557e-05,4.262633e-05
0.08,4.162873e-05,4.520307e-05,4.239113e-05
0.1,4.13665e-05,4.478077e-05,4.217873e-05
0.12,4.11334e-05,4.43779e-05,4.198817e-05
0.14,4.092837e-05,4.39969e-05,4.18208e-05
0.16,4.07462e-05,4.36005e-05,4.16564e-05
0.18,4.057043e-05,4.322143e-05,4.15088e-05
0.2,4.045823e-05,4.293423e-05,4.140603e-05
0.22,4.037357e-05,4.26644e-05,4.13199e-05
0.24,4.030663e-05,4.241667e-05,4.12472e-05
0.26,4.026157e-05,4.219583e-05,4.11873e-05
0.28,4.023383e-05,4.1998e-05,4.11411e-05
0.3,4.022583e-05,4.182347e-05,4.110743e-05
0.32,4.02289e-05,4.167173e-05,4.108197e-05
0.34,4.025113e-05,4.15427e-05,4.10695e-05
0.36,4.029013e-05,4.14334e-05,4.10666e-05
0.38,4.03389e-05,4.134737e-05,4.10696e-05
0.4,4.040027e-05,4.128107e-05,4.108147e-05
0.42,4.047193e-05,4.123637e-05,4.110153e-05
0.44,4.055803e-05,4.120687e-05,4.112767e-05
0.46,4.06426e-05,4.119517e-05,4.11604e-05
0.48,4.074723e-05,4.120153e-05,4.119897e-05
0.5,4.085933e-05,4.122137e-05,4.12464e-05
0.52,4.09819e-05,4.1257e-05,4.129853e-05
0.54,4.111327e-05,4.130497e-05,4.13579e-05
0.56,4.12546e-05,4.136633e-05,4.142213e-05
0.58,4.14019e-05,4.144093e-05,4.149043e-05
0.6,4.155223e-05,4.152737e-05,4.156557e-05
-0.6,4.081423e-05,4.105853e-05,4.105093e-05
-0.58,4.020773e-05,4.26363e-05,4.126727e-05
-0.56,4.294517e-05,4.646123e-05,4.353823e-05
-0.54,4.535097e-05,4.916623e-05,4.535657e-05
-0.52,4.696907e-05,5.088437e-05,4.659123e-05
-0.5,4.79992e-05,5.195837e-05,4.740917e-05
-0.48,4.865457e-05,5.26241e-05,4.794613e-05
-0.46,4.90498e-05,5.302153e-05,4.827273e-05
-0.44,4.926403e-05,5.323233e-05,4.844803e-05
-0.42,4.93402e-05,5.331223e-05,4.85201e-05
-0.4,4.931793e-05,5.32947e-05,4.851427e-05
-0.38,4.92225e-05,5.32064e-05,4.844557e-05
-0.36,4.906803e-05,5.305473e-05,4.832393e-05
-0.34,4.887793e-05,5.2859e-05,4.816967e-05
-0.32,4.86457e-05,5.262377e-05,4.798603e-05
-0.3,4.83423e-05,5.232467e-05,4.777553e-05
-0.28,4.8049e-05,5.203523e-05,4.75228e-05
-0.26,4.776497e-05,5.175123e-05,4.73034e-05
-0.24,4.744617e-05,5.142363e-05,4.705777e-05
-0.22,4.71065e-05,5.10778e-05,4.678987e-05
-0.2,4.674577e-05,5.07113e-05,4.651343e-05
-0.18,4.63708e-05,5.032773e-05,4.622543e-05
-0.16,4.59833e-05,4.992617e-05,4.592827e-05
-0.14,4.55831e-05,4.950997e-05,4.562567e-05
-0.12,4.51782e-05,4.908317e-05,4.531807e-05
-0.1,4.477277e-05,4.864207e-05,4.500657e-05
-0.08,4.43678e-05,4.81936e-05,4.468633e-05
-0.06,4.39699e-05,4.77328e-05,4.43707e-05
-0.04,4.35708e-05,4.727703e-05,4.405613e-05
-0.02,4.318173e-05,4.681693e-05,4.3749e-05
0.0,4.28072e-05,4.63596e-05,4.345043e-05
0.02,4.24485e-05,4.591253e-05,4.316197e-05
0.04,4.211097e-05,4.5469e-05,4.288423e-05
0.06,4.17945e-05,4.504087e-05,4.26189e-05
0.08,4.150137e-05,4.46255e-05,4.237097e-05
0.1,4.123513e-05,4.422747e-05,4.214047e-05
0.12,4.099497e-05,4.384963e-05,4.192747e-05
0.14,4.078523e-05,4.349353e-05,4.173097e-05
0.16,4.06029e-05,4.316427e-05,4.15548e-05
0.18,4.044317e-05,4.285303e-05,4.139783e-05
0.2,4.031067e-05,4.256927e-05,4.126343e-05
0.22,4.02047e-05,4.230853e-05,4.11487e-05
0.24,4.012313e-05,4.207163e-05,4.1049e-05
0.26,4.00594e-05,4.186403e-05,4.096387e-05
0.28,4.002213e-05,4.16797e-05,4.09003e-05
0.3,4.000307e-05,4.152403e-05,4.08497e-05
0.32,4.000323e-05,4.138867e-05,4.081393e-05
0.34,4.00241e-05,4.128027e-05,4.079477e-05
0.36,4.005977e-05,4.11921e-05,4.078987e-05
0.38,4.011127e-05,4.112297e-05,4.079753e-05
0.4,4.017397e-05,4.10757e-05,4.081997e-05
0.42,4.02546e-05,4.104777e-05,4.084703e-05
0.44,4.03516e-05,4.103667e-05,4.0887e-05
0.46,4.047003e-05,4.10497e-05,4.09376e-05
0.48,4.059807e-05,4.106777e-05,4.100533e-05
0.5,4.071687e-05,4.110673e-05,4.107633e-05
0.52,4.084743e-05,4.11597e-05,4.11474e-05
0.54,4.09902e-05,4.122903e-05,4.122767e-05
0.56,4.113773e-05,4.130823e-05,4.131287e-05
0.58,4.128853e-05,4.14001e-05,4.140443e-05
0.6,4.145337e-05,4.15006e-05,4.149667e-05
-0.6,4.071687e-05,4.10085e-05,4.09584e-05
-0.58,4.00843e-05,4.225973e-05,4.107107e-05
-0.56,4.275087e-05,4.594357e-05,4.331177e-05
-0.54,4.512943e-05,4.86375e-05,4.51979e-05
-0.52,4.67622e-05,5.036873e-05,4.64627e-05
-0.5,4.782593e-05,5.147343e-05,4.73202e-05
-0.48,4.84985e-05,5.216597e-05,4.787963e-05
-0.46,4.889887e-05,5.25806e-05,4.822717e-05
-0.44,4.910323e-05,5.280607e-05,4.84161e-05
-0.42,4.918153e-05,5.289773e-05,4.849103e-05
-0.4,4.916677e-05,5.28859e-05,4.848777e-05
-0.38,4.907273e-05,5.280043e-05,4.84196e-05
-0.36,4.89173e-05,5.26554e-05,4.830943e-05
-0.34,4.8717e-05,5.24654e-05,4.815853e-05
-0.32,4.848373e-05,5.223533e-05,4.797457e-05
-0.3,4.8213e-05,5.19685e-05,4.776667e-05
-0.28,4.791443e-05,5.1675e-05,4.753927e-05
-0.26,4.760137e-05,5.136433e-05,4.729207e-05
-0.24,4.72781e-05,5.102967e-05,4.703683e-05
-0.22,4.693243e-05,5.067747e-05,4.676487e-05
-0.2,4.656983e-05,5.03048e-05,4.64884e-05
-0.18,4.62018e-05,4.99223e-05,4.620103e-05
-0.16,4.581553e-05,4.95221e-05,4.590577e-05
-0.14,4.542087e-05,4.910997e-05,4.560493e-05
-0.12,4.502323e-05,4.865963e-05,4.529753e-05
-0.1,4.462217e-05,4.823543e-05,4.499053e-05
-0.08,4.421793e-05,4.779883e-05,4.467487e-05
-0.06,4.381687e-05,4.735773e-05,4.436273e-05
-0.04,4.342313e-05,4.69122e-05,4.405027e-05
-0.02,4.30387e-05,4.646467e-05,4.374117e-05
0.0,4.261363e-05,4.596713e-05,4.343877e-05
0.02,4.222687e-05,4.54849e-05,4.314657e-05
0.04,4.191413e-05,4.508453e-05,4.283017e-05
0.06,4.161103e-05,4.468407e-05,4.252957e-05
0.08,4.132743e-05,4.42953e-05,4.22958e-05
0.1,4.106187e-05,4.392137e-05,4.20672e-05
0.12,4.082167e-05,4.355993e-05,4.185367e-05
0.14,4.060837e-05,4.322343e-05,4.165953e-05
0.16,4.04207e-05,4.290627e-05,4.14815e-05
0.18,4.025833e-05,4.26133e-05,4.131973e-05
0.2,4.012303e-05,4.234403e-05,4.117863e-05
0.22,4.000913e-05,4.209923e-05,4.105503e-05
0.24,3.99221e-05,4.187587e-05,4.09502e-05
0.26,3.985573e-05,4.168217e-05,4.08637e-05
0.28,3.98156e-05,4.15118e-05,4.07934e-05
0.3,3.979523e-05,4.13614e-05,4.07385e-05
0.32,3.97943e-05,4.124267e-05,4.069717e-05
0.34,3.98114e-05,4.114337e-05,4.067327e-05
0.36,3.984547e-05,4.106407e-05,4.066393e-05
0.38,3.989613e-05,4.10082e-05,4.06696e-05
0.4,3.996313e-05,4.097207e-05,4.068647e-05
0.42,4.004417e-05,4.095253e-05,4.071847e-05
0.44,4.013773e-05,4.09548e-05,4.076117e-05
0.46,4.0243e-05,4.097323e-05,4.081533e-05
0.48,4.035787e-05,4.100677e-05,4.08778e-05
0.5,4.048807e-05,4.10539e-05,4.095543e-05
0.52,4.062867e-05,4.111507e-05,4.103787e-05
0.54,4.07808e-05,4.11924e-05,4.112773e-05
0.56,4.094357e-05,4.128067e-05,4.12264e-05
0.58,4.111507e-05,4.137887e-05,4.132903e-05
0.6,4.12801e-05,4.14874e-05,4.14367e-05
-0.6,4.053023e-05,4.096973e-05,4.09153e-05
-0.58,3.99338e-05,4.213723e-05,4.09225e-05
-0.56,4.259863e-05,4.574857e-05,4.314927e-05
-0.54,4.499327e-05,4.843e-05,4.507393e-05
-0.52,4.663473e-05,5.016217e-05,4.64247e-05
-0.5,4.76852e-05,5.128157e-05,4.731117e-05
-0.48,4.83566e-05,5.196687e-05,4.788533e-05
-0.46,4.87818e-05,5.240587e-05,4.82425e-05
-0.44,4.907877e-05,5.27087e-05,4.844053e-05
-0.42,4.915963e-05,5.27891e-05,4.852113e-05
-0.4,4.913333e-05,5.276567e-05,4.851123e-05
-0.38,4.903217e-05,5.26635e-05,4.84807e-05
-0.36,4.88744e-05,5.250267e-05,4.83806e-05
-0.34,4.86676e-05,5.230197e-05,4.822987e-05
-0.32,4.842623e-05,5.205827e-05,4.80453e-05
-0.3,4.815733e-05,5.178543e-05,4.783457e-05
-0.28,4.786513e-05,5.148723e-05,4.760207e-05
-0.26,4.754977e-05,5.116797e-05,4.735113e-05
-0.24,4.721947e-05,5.082603e-05,4.708983e-05
-0.22,4.687533e-05,5.047013e-05,4.682e-05
-0.2,4.65177e-05,5.009983e-05,4.653533e-05
-0.18,4.614743e-05,4.97156e-05,4.623913e-05
-0.16,4.575597e-05,4.930877e-05,4.593673e-05
-0.14,4.536043e-05,4.88874e-05,4.562833e-05
-0.12,4.49635e-05,4.846487e-05,4.531523e-05
-0.1,4.456553e-05,4.80293e-05,4.49975e-05
-0.08,4.41655e-05,4.75829e-05,4.467803e-05
-0.06,4.37679e-05,4.713367e-05,4.436037e-05
-0.04,4.337273e-05,4.669277e-05,4.40404e-05
-0.02,4.299453e-05,4.625003e-05,4.3732e-05
0.0,4.262223e-05,4.580987e-05,4.342543e-05
0.02,4.226603e-05,4.53637e-05,4.31269e-05
0.04,4.193083e-05,4.49457e-05,4.284057e-05
0.06,4.161323e-05,4.45352e-05,4.25682e-05
0.08,4.13198e-05,4.4146e-05,4.23112e-05
0.1,4.104387e-05,4.376467e-05,4.20708e-05
0.12,4.079767e-05,4.34185e-05,4.182043e-05
0.14,4.057843e-05,4.308327e-05,4.162333e-05
0.16,4.038513e-05,4.277413e-05,4.14385e-05
0.18,4.021967e-05,4.249067e-05,4.127643e-05
0.2,4.007597e-05,4.22307e-05,4.113023e-05
0.22,3.99624e-05,4.19904e-05,4.099967e-05
0.24,3.986963e-05,4.177197e-05,4.089247e-05
0.26,3.980193e-05,4.15853e-05,4.080307e-05
0.28,3.97544e-05,4.142123e-05,4.072557e-05
0.3,3.97284e-05,4.12699e-05,4.06661e-05
0.32,3.971457e-05,4.11339e-05,4.062347e-05
0.34,3.972803e-05,4.104763e-05,4.059897e-05
0.36,3.975967e-05,4.097757e-05,4.059067e-05
0.38,3.980863e-05,4.093003e-05,4.05891e-05
0.4,3.987247e-05,4.09034e-05,4.060643e-05
0.42,3.995277e-05,4.089387e-05,4.063903e-05
0.44,4.00496e-05,4.09013e-05,4.068637e-05
0.46,4.015787e-05,4.092447e-05,4.074437e-05
0.48,4.027727e-05,4.096563e-05,4.081157e-05
0.5,4.040773e-05,4.102107e-05,4.089087e-05
0.52,4.05497e-05,4.10884e-05,4.097883e-05
0.54,4.070253e-05,4.116773e-05,4.1077e-05
0.56,4.086033e-05,4.126123e-05,4.118243e-05
0.58,4.10276e-05,4.13642e-05,4.129197e-05
0.6,4.119757e-05,4.147963e-05,4.140643e-05
