V,IDS 150,IDS 151,IDS 152
-0.6,9.099437e-06,9.354367e-06,9.69111e-06
-0.58,8.10062e-06,8.411157e-06,8.554133e-06
-0.56,7.814063e-06,8.132783e-06,8.193677e-06
-0.54,7.61426e-06,7.938273e-06,7.939727e-06
-0.52,7.45313e-06,7.782527e-06,7.739227e-06
-0.5,7.315733e-06,7.64825e-06,7.571027e-06
-0.48,7.196e-06,7.531567e-06,7.426257e-06
-0.46,7.087717e-06,7.42468e-06,7.298193e-06
-0.44,6.989023e-06,7.32652e-06,7.182163e-06
-0.42,6.898463e-06,7.236833e-06,7.07728e-06
-0.4,6.814923e-06,7.15245e-06,6.981917e-06
-0.38,6.735917e-06,7.074113e-06,6.894203e-06
-0.36,6.660813e-06,7.000323e-06,6.812883e-06
-0.34,6.592667e-06,6.930073e-06,6.737347e-06
-0.32,6.527497e-06,6.866067e-06,6.668227e-06
-0.3,6.466627e-06,6.804247e-06,6.60425e-06
-0.28,6.40981e-06,6.74667e-06,6.54525e-06
-0.26,6.35802e-06,6.694363e-06,6.490023e-06
-0.24,6.3104e-06,6.645387e-06,6.440307e-06
-0.22,6.268583e-06,6.60064e-06,6.395693e-06
-0.2,6.23057e-06,6.560833e-06,6.3557e-06
-0.18,6.19927e-06,6.526423e-06,6.320577e-06
-0.16,6.17444e-06,6.496947e-06,6.291717e-06
-0.14,6.156657e-06,6.47384e-06,6.266207e-06
-0.12,6.145027e-06,6.456273e-06,6.247407e-06
-0.1,6.140953e-06,6.444797e-06,6.232583e-06
-0.08,6.144193e-06,6.43939e-06,6.22312e-06
-0.06,6.154213e-06,6.440487e-06,6.219343e-06
-0.04,6.17193e-06,6.44654e-06,6.219103e-06
-0.02,6.19664e-06,6.459697e-06,6.224527e-06
0.0,6.226073e-06,6.477987e-06,6.233707e-06
0.02,6.260347e-06,6.501283e-06,6.247267e-06
0.04,6.301007e-06,6.528687e-06,6.264267e-06
0.06,6.345423e-06,6.56051e-06,6.285937e-06
0.08,6.393883e-06,6.597257e-06,6.311897e-06
0.1,6.44363e-06,6.637417e-06,6.339707e-06
0.12,6.4967e-06,6.68143e-06,6.370403e-06
0.14,6.554147e-06,6.728517e-06,6.40685e-06
0.16,6.609997e-06,6.77674e-06,6.44666e-06
0.18,6.666767e-06,6.823567e-06,6.48754e-06
0.2,6.73557e-06,6.88312e-06,6.53952e-06
0.22,6.808113e-06,6.94635e-06,6.598317e-06
0.24,6.88556e-06,7.012413e-06,6.661363e-06
0.26,6.96672e-06,7.08236e-06,6.728513e-06
0.28,7.052043e-06,7.15424e-06,6.801703e-06
0.3,7.142443e-06,7.230377e-06,6.879767e-06
0.32,7.23917e-06,7.310807e-06,6.961273e-06
0.34,7.339317e-06,7.39305e-06,7.047467e-06
0.36,7.443467e-06,7.47924e-06,7.138917e-06
0.38,7.55428e-06,7.56822e-06,7.233533e-06
0.4,7.668183e-06,7.660257e-06,7.331263e-06
0.42,7.78467e-06,7.754693e-06,7.43328e-06
0.44,7.905743e-06,7.851897e-06,7.5392e-06
0.46,8.029607e-06,7.9526e-06,7.6466e-06
0.48,8.156377e-06,8.055403e-06,7.75865e-06
0.5,8.286793e-06,8.161273e-06,7.873403e-06
0.52,8.419823e-06,8.268217e-06,7.989777e-06
0.54,8.556237e-06,8.37931e-06,8.1108e-06
0.56,8.693887e-06,8.49326e-06,8.232763e-06
0.58,8.833763e-06,8.609897e-06,8.35771e-06
0.6,8.975993e-06,8.72947e-06,8.48526e-06
-0.6,9.78213e-06,1.025847e-05,1.044961e-05
-0.58,8.233263e-06,8.66031e-06,8.76236e-06
-0.56,7.85376e-06,8.257123e-06,8.289103e-06
-0.54,7.62104e-06,8.00815e-06,7.993437e-06
-0.52,7.447537e-06,7.825497e-06,7.774967e-06
-0.5,7.307317e-06,7.67629e-06,7.598377e-06
-0.48,7.186887e-06,7.550267e-06,7.4492e-06
-0.46,7.080803e-06,7.438597e-06,7.319773e-06
-0.44,6.985587e-06,7.33776e-06,7.204863e-06
-0.42,6.897883e-06,7.23903e-06,7.10155e-06
-0.4,6.81823e-06,7.161137e-06,7.008637e-06
-0.38,6.744487e-06,7.08346e-06,6.92295e-06
-0.36,6.675907e-06,7.012387e-06,6.845387e-06
-0.34,6.61254e-06,6.945677e-06,6.774287e-06
-0.32,6.55414e-06,6.883103e-06,6.708267e-06
-0.3,6.50024e-06,6.82615e-06,6.650217e-06
-0.28,6.44731e-06,6.771333e-06,6.59357e-06
-0.26,6.401137e-06,6.720913e-06,6.54284e-06
-0.24,6.358987e-06,6.676127e-06,6.496213e-06
-0.22,6.321513e-06,6.63477e-06,6.455227e-06
-0.2,6.29055e-06,6.59796e-06,6.416787e-06
-0.18,6.2634e-06,6.565687e-06,6.383807e-06
-0.16,6.242017e-06,6.539073e-06,6.35617e-06
-0.14,6.227387e-06,6.516593e-06,6.33202e-06
-0.12,6.21775e-06,6.50166e-06,6.313143e-06
-0.1,6.215663e-06,6.489683e-06,6.29834e-06
-0.08,6.220247e-06,6.483437e-06,6.288043e-06
-0.06,6.230387e-06,6.483833e-06,6.281707e-06
-0.04,6.24502e-06,6.48813e-06,6.28126e-06
-0.02,6.267157e-06,6.498907e-06,6.28419e-06
0.0,6.294293e-06,6.51375e-06,6.29116e-06
0.02,6.327003e-06,6.534333e-06,6.30184e-06
0.04,6.36402e-06,6.558933e-06,6.317033e-06
0.06,6.405197e-06,6.58771e-06,6.334933e-06
0.08,6.44914e-06,6.620223e-06,6.357657e-06
0.1,6.496287e-06,6.657113e-06,6.3834e-06
0.12,6.547283e-06,6.697523e-06,6.413787e-06
0.14,6.601277e-06,6.741183e-06,6.447467e-06
0.16,6.657327e-06,6.787427e-06,6.484927e-06
0.18,6.718337e-06,6.838003e-06,6.52603e-06
0.2,6.782537e-06,6.89212e-06,6.573623e-06
0.22,6.849793e-06,6.948777e-06,6.624513e-06
0.24,6.921723e-06,7.010053e-06,6.68164e-06
0.26,6.996773e-06,7.07457e-06,6.742767e-06
0.28,7.07818e-06,7.14345e-06,6.809993e-06
0.3,7.163267e-06,7.215877e-06,6.880833e-06
0.32,7.2543e-06,7.291377e-06,6.95608e-06
0.34,7.349063e-06,7.370283e-06,7.038053e-06
0.36,7.448847e-06,7.453247e-06,7.117727e-06
0.38,7.55288e-06,7.540457e-06,7.20997e-06
0.4,7.66199e-06,7.630533e-06,7.300777e-06
0.42,7.77744e-06,7.723733e-06,7.397517e-06
0.44,7.890697e-06,7.821187e-06,7.502337e-06
0.46,8.009833e-06,7.92093e-06,7.607217e-06
0.48,8.135313e-06,8.02001e-06,7.719453e-06
0.5,8.265827e-06,8.127677e-06,7.836073e-06
0.52,8.398313e-06,8.238753e-06,7.954497e-06
0.54,8.534793e-06,8.353453e-06,8.0762e-06
0.56,8.674253e-06,8.471243e-06,8.20293e-06
0.58,8.815203e-06,8.590887e-06,8.33131e-06
0.6,8.958373e-06,8.71381e-06,8.46226e-06
-0.6,9.793997e-06,1.028455e-05,1.041787e-05
-0.58,8.24448e-06,8.670037e-06,8.693847e-06
-0.56,7.862513e-06,8.257867e-06,8.254937e-06
-0.54,7.627823e-06,8.006053e-06,7.971357e-06
-0.52,7.453327e-06,7.819497e-06,7.7591e-06
-0.5,7.311867e-06,7.66997e-06,7.585793e-06
-0.48,7.19138e-06,7.541353e-06,7.43944e-06
-0.46,7.08654e-06,7.429137e-06,7.3121e-06
-0.44,6.99134e-06,7.327553e-06,7.198487e-06
-0.42,6.904917e-06,7.23607e-06,7.097117e-06
-0.4,6.82511e-06,7.151307e-06,7.00544e-06
-0.38,6.752603e-06,7.074513e-06,6.92083e-06
-0.36,6.685433e-06,7.003183e-06,6.844347e-06
-0.34,6.62397e-06,6.93721e-06,6.77469e-06
-0.32,6.565963e-06,6.877037e-06,6.71111e-06
-0.3,6.51243e-06,6.818543e-06,6.65329e-06
-0.28,6.464117e-06,6.765727e-06,6.598703e-06
-0.26,6.41986e-06,6.71734e-06,6.549927e-06
-0.24,6.379683e-06,6.67328e-06,6.505333e-06
-0.22,6.343543e-06,6.633453e-06,6.46514e-06
-0.2,6.313517e-06,6.598133e-06,6.4281e-06
-0.18,6.286937e-06,6.567363e-06,6.39594e-06
-0.16,6.267053e-06,6.5414e-06,6.368663e-06
-0.14,6.252343e-06,6.520113e-06,6.344837e-06
-0.12,6.242847e-06,6.504347e-06,6.326393e-06
-0.1,6.24044e-06,6.493883e-06,6.313173e-06
-0.08,6.24387e-06,6.487683e-06,6.303157e-06
-0.06,6.254617e-06,6.487707e-06,6.297363e-06
-0.04,6.26902e-06,6.49223e-06,6.295357e-06
-0.02,6.2881e-06,6.503263e-06,6.29396e-06
0.0,6.30952e-06,6.516123e-06,6.30195e-06
0.02,6.3414e-06,6.530727e-06,6.312777e-06
0.04,6.376737e-06,6.555597e-06,6.327977e-06
0.06,6.41688e-06,6.584897e-06,6.346703e-06
0.08,6.459677e-06,6.617163e-06,6.36916e-06
0.1,6.50593e-06,6.65263e-06,6.394217e-06
0.12,6.556093e-06,6.69278e-06,6.42372e-06
0.14,6.609807e-06,6.736063e-06,6.45683e-06
0.16,6.665223e-06,6.780297e-06,6.493123e-06
0.18,6.72472e-06,6.829993e-06,6.533727e-06
0.2,6.787573e-06,6.882987e-06,6.579497e-06
0.22,6.853177e-06,6.9403e-06,6.628913e-06
0.24,6.921437e-06,6.999687e-06,6.685587e-06
0.26,6.997443e-06,7.06231e-06,6.745013e-06
0.28,7.076813e-06,7.129433e-06,6.80994e-06
0.3,7.160107e-06,7.200327e-06,6.879047e-06
0.32,7.24844e-06,7.27464e-06,6.95266e-06
0.34,7.341007e-06,7.354073e-06,7.031957e-06
0.36,7.438947e-06,7.43608e-06,7.11596e-06
0.38,7.542237e-06,7.522303e-06,7.204143e-06
0.4,7.648367e-06,7.611437e-06,7.296777e-06
0.42,7.759823e-06,7.705257e-06,7.393733e-06
0.44,7.876023e-06,7.80243e-06,7.494363e-06
0.46,7.99576e-06,7.902753e-06,7.600123e-06
0.48,8.121783e-06,8.00641e-06,7.70973e-06
0.5,8.250053e-06,8.114803e-06,7.823923e-06
0.52,8.381583e-06,8.211527e-06,7.94192e-06
0.54,8.51668e-06,8.339693e-06,8.062697e-06
0.56,8.657157e-06,8.45762e-06,8.190367e-06
0.58,8.797767e-06,8.579913e-06,8.318033e-06
0.6,8.9415e-06,8.704077e-06,8.449193e-06
-0.6,9.813253e-06,1.027338e-05,1.043837e-05
-0.58,8.26519e-06,8.673583e-06,8.772043e-06
-0.56,7.876203e-06,8.2557e-06,8.290433e-06
-0.54,7.638747e-06,8.000663e-06,7.9934e-06
-0.52,7.462643e-06,7.813653e-06,7.768933e-06
-0.5,7.32045e-06,7.662047e-06,7.586303e-06
-0.48,7.194923e-06,7.532817e-06,7.439133e-06
-0.46,7.087767e-06,7.419917e-06,7.30974e-06
-0.44,6.99374e-06,7.315367e-06,7.196247e-06
-0.42,6.909163e-06,7.22287e-06,7.095673e-06
-0.4,6.830713e-06,7.139227e-06,7.003697e-06
-0.38,6.759627e-06,7.063423e-06,6.920683e-06
-0.36,6.692763e-06,6.992293e-06,6.84461e-06
-0.34,6.6315e-06,6.92745e-06,6.775307e-06
-0.32,6.575097e-06,6.866553e-06,6.711403e-06
-0.3,6.522453e-06,6.809897e-06,6.65353e-06
-0.28,6.474583e-06,6.75829e-06,6.599547e-06
-0.26,6.43085e-06,6.71157e-06,6.55052e-06
-0.24,6.3908e-06,6.66843e-06,6.50657e-06
-0.22,6.35745e-06,6.629193e-06,6.466153e-06
-0.2,6.326747e-06,6.593837e-06,6.431587e-06
-0.18,6.301663e-06,6.56369e-06,6.40052e-06
-0.16,6.281493e-06,6.537837e-06,6.37384e-06
-0.14,6.267007e-06,6.517313e-06,6.35082e-06
-0.12,6.258357e-06,6.50168e-06,6.33265e-06
-0.1,6.25535e-06,6.490763e-06,6.31845e-06
-0.08,6.258223e-06,6.485737e-06,6.308567e-06
-0.06,6.266843e-06,6.484947e-06,6.30313e-06
-0.04,6.28241e-06,6.489563e-06,6.302007e-06
-0.02,6.301907e-06,6.498393e-06,6.305157e-06
0.0,6.326657e-06,6.512963e-06,6.312627e-06
0.02,6.35619e-06,6.532413e-06,6.323033e-06
0.04,6.389857e-06,6.55502e-06,6.336643e-06
0.06,6.427903e-06,6.582157e-06,6.355117e-06
0.08,6.46982e-06,6.613413e-06,6.37751e-06
0.1,6.514837e-06,6.64829e-06,6.40269e-06
0.12,6.562597e-06,6.68596e-06,6.43149e-06
0.14,6.61543e-06,6.728337e-06,6.463887e-06
0.16,6.667523e-06,6.77192e-06,6.50167e-06
0.18,6.726663e-06,6.82107e-06,6.542157e-06
0.2,6.78821e-06,6.872293e-06,6.587573e-06
0.22,6.852793e-06,6.927603e-06,6.635263e-06
0.24,6.922277e-06,6.986777e-06,6.682793e-06
0.26,6.992967e-06,7.04911e-06,6.742423e-06
0.28,7.062977e-06,7.114913e-06,6.806237e-06
0.3,7.14772e-06,7.183737e-06,6.8758e-06
0.32,7.23576e-06,7.251247e-06,6.949757e-06
0.34,7.328823e-06,7.331227e-06,7.028433e-06
0.36,7.426487e-06,7.414257e-06,7.110607e-06
0.38,7.528633e-06,7.500107e-06,7.198527e-06
0.4,7.635063e-06,7.589133e-06,7.290453e-06
0.42,7.74505e-06,7.683447e-06,7.38545e-06
0.44,7.861143e-06,7.78072e-06,7.485923e-06
0.46,7.98051e-06,7.881273e-06,7.59098e-06
0.48,8.1042e-06,7.986773e-06,7.7003e-06
0.5,8.232723e-06,8.09451e-06,7.812233e-06
0.52,8.363847e-06,8.20702e-06,7.93054e-06
0.54,8.50021e-06,8.32243e-06,8.05177e-06
0.56,8.63988e-06,8.441683e-06,8.176893e-06
0.58,8.78154e-06,8.564617e-06,8.30544e-06
0.6,8.926887e-06,8.690917e-06,8.43715e-06
