V,gm 150,gm 151,gm 152
-0.6,7.447499999999993e-05,6.448699999999986e-05,8.603000000000001e-05
-0.58,4.917574999999981e-05,4.2919999999999894e-05,5.7729249999999884e-05
-0.56,2.0325000000000128e-05,1.8397500000000137e-05,2.5068250000000083e-05
-0.54,1.5089250000000008e-05,1.4019249999999966e-05,1.8546500000000043e-05
-0.52,1.2401499999999946e-05,1.1693999999999973e-05,1.5185000000000025e-05
-0.5,1.0713999999999993e-05,1.025825e-05,1.3091000000000014e-05
-0.48,9.567500000000047e-06,9.291750000000015e-06,1.1563500000000033e-05
-0.46,8.698500000000025e-06,8.52100000000005e-06,1.0446499999999955e-05
-0.44,7.979999999999988e-06,7.89250000000002e-06,9.524999999999974e-06
-0.42,7.398250000000017e-06,7.530749999999989e-06,8.725000000000009e-06
-0.4,6.870999999999982e-06,6.9424999999999695e-06,8.05150000000003e-06
-0.38,6.416750000000013e-06,6.393249999999968e-06,7.509249999999976e-06
-0.36,6.013999999999987e-06,6.170000000000004e-06,7.016749999999973e-06
-0.34,5.623999999999972e-06,5.826750000000047e-06,6.494249999999986e-06
-0.32,5.249999999999992e-06,5.475749999999996e-06,6.0342500000000075e-06
-0.3,4.8817500000000215e-06,5.118250000000005e-06,5.595749999999988e-06
-0.28,4.4835000000000664e-06,4.786000000000059e-06,5.168249999999979e-06
-0.26,4.089999999999996e-06,4.4092499999999544e-06,4.760000000000029e-06
-0.24,3.754999999999926e-06,3.991499999999963e-06,4.325749999999995e-06
-0.22,3.3357500000000197e-06,3.5757499999999496e-06,3.9250000000000005e-06
-0.2,2.8840000000000354e-06,3.1850000000000584e-06,3.5335000000000162e-06
-0.18,2.475999999999954e-06,2.7242499999999867e-06,3.144249999999986e-06
-0.16,2.029249999999994e-06,2.181749999999956e-06,2.7407499999999754e-06
-0.14,1.5732500000000243e-06,1.6900000000000465e-06,2.37824999999996e-06
-0.12,1.1167499999999923e-06,1.2082499999999693e-06,2.036750000000004e-06
-0.1,6.525000000000281e-07,6.617500000000382e-07,1.6799999999999975e-06
-0.08,2.114999999999691e-07,1.3674999999995765e-07,1.3707500000000343e-06
-0.06,1.974999999999655e-07,3.267499999999677e-07,1.0417500000000583e-06
-0.04,5.764999999999698e-07,7.967499999999412e-07,7.392500000000116e-07
-0.02,9.192499999999726e-07,1.2300000000000136e-06,4.875000000000322e-07
0.0,1.2517500000000037e-06,1.6050000000000092e-06,2.3999999999998415e-07
0.02,1.5732500000000243e-06,1.969249999999971e-06,2.499999999985153e-09
0.04,1.853250000000042e-06,2.3015000000000253e-06,2.72500000000008e-07
0.06,2.1167500000000166e-06,2.6107500000000427e-06,5.342500000000364e-07
0.08,2.366000000000011e-06,2.853499999999989e-06,7.624999999999711e-07
0.1,2.6125000000000974e-06,3.0900000000000263e-06,1.0107500000000038e-06
0.12,2.868249999999923e-06,3.3774999999999452e-06,1.3049999999999477e-06
0.14,2.9757500000000435e-06,3.188249999999974e-06,1.4575000000000178e-06
0.16,2.9267499999999767e-06,3.4132500000000473e-06,1.5117500000000317e-06
0.18,3.4149999999999394e-06,4.097500000000006e-06,2.0849999999999775e-06
0.2,4.0457500000000315e-06,4.281750000000007e-06,2.708250000000006e-06
0.22,4.329249999999996e-06,4.451750000000027e-06,3.0124999999999987e-06
0.24,4.640000000000037e-06,4.688999999999941e-06,3.3710000000000055e-06
0.26,4.820749999999983e-06,4.8807499999999515e-06,3.7134999999999772e-06
0.28,5.001749999999959e-06,5.0875000000000356e-06,4.09575000000006e-06
0.3,5.412500000000003e-06,5.299250000000036e-06,4.5107499999999805e-06
0.32,5.797499999999993e-06,5.5174999999999755e-06,4.905749999999966e-06
0.34,6.065000000000031e-06,5.702500000000015e-06,5.26575000000005e-06
0.36,6.3700000000000085e-06,5.859250000000071e-06,5.640000000000007e-06
0.38,6.672500000000001e-06,6.070749999999986e-06,6.037499999999977e-06
0.4,6.960750000000013e-06,6.270000000000006e-06,6.373500000000009e-06
0.42,7.245750000000001e-06,6.486749999999922e-06,6.680000000000011e-06
0.44,7.545750000000008e-06,6.6924999999999906e-06,7.020749999999982e-06
0.46,7.845999999999938e-06,6.880750000000054e-06,7.346750000000019e-06
0.48,8.137500000000028e-06,7.094250000000055e-06,7.643249999999971e-06
0.5,8.426500000000025e-06,7.2934999999999125e-06,7.920750000000004e-06
0.52,8.768499999999935e-06,7.494000000000034e-06,8.210000000000032e-06
0.54,9.06100000000004e-06,7.7225e-06,8.459249999999917e-06
0.56,9.315750000000067e-06,7.931000000000084e-06,8.64250000000012e-06
0.58,9.585749999999928e-06,8.156500000000002e-06,8.871750000000015e-06
0.6,9.896036723163896e-06,8.455601694915117e-06,9.221836158191969e-06
-0.6,0.00010748023446327667,0.00010425083898305064,0.00012303646892655338
-0.58,6.860249999999986e-05,6.622324999999983e-05,7.994249999999996e-05
-0.56,2.53482500000001e-05,2.403150000000005e-05,3.132900000000019e-05
-0.54,1.6695000000000002e-05,1.5818249999999994e-05,2.0633499999999998e-05
-0.52,1.286849999999998e-05,1.2309999999999969e-05,1.586249999999996e-05
-0.5,1.0762499999999997e-05,1.0399249999999997e-05,1.324999999999997e-05
-0.48,9.380750000000061e-06,9.131750000000043e-06,1.1430000000000045e-05
-0.46,8.420749999999962e-06,8.229250000000036e-06,1.0111500000000047e-05
-0.44,7.66575e-06,7.574249999999969e-06,9.121749999999994e-06
-0.42,7.011750000000003e-06,6.985749999999973e-06,8.32099999999999e-06
-0.4,6.52350000000004e-06,6.471499999999926e-06,7.645000000000026e-06
-0.38,6.071749999999947e-06,6.082499999999981e-06,7.053250000000006e-06
-0.36,5.6439999999999615e-06,5.695000000000006e-06,6.53174999999998e-06
-0.34,5.235000000000027e-06,5.254249999999978e-06,6.0150000000000025e-06
-0.32,4.836750000000018e-06,4.903500000000012e-06,5.540749999999989e-06
-0.3,4.533999999999994e-06,4.6757500000000306e-06,5.1475000000000045e-06
-0.28,4.219249999999999e-06,4.383249999999979e-06,4.808249999999948e-06
-0.26,3.834250000000008e-06,3.976749999999975e-06,4.442500000000017e-06
-0.24,3.443250000000032e-06,3.5382499999999013e-06,4.039249999999983e-06
-0.22,3.0475000000000077e-06,3.169999999999985e-06,3.6707499999999818e-06
-0.2,2.6799999999999676e-06,2.8235000000000586e-06,3.32825000000001e-06
-0.18,2.2500000000000276e-06,2.39074999999994e-06,2.9499999999999904e-06
-0.16,1.7950000000000192e-06,1.951500000000044e-06,2.61599999999999e-06
-0.14,1.4292499999999796e-06,1.5007500000000212e-06,2.2792500000000273e-06
-0.12,1.0475000000000133e-06,1.0134999999999658e-06,1.9682500000000095e-06
-0.1,6.057500000000238e-07,5.992500000000299e-07,1.6650000000000323e-06
-0.08,1.8574999999997023e-07,1.7324999999999025e-07,1.3325000000000012e-06
-0.06,1.7824999999990635e-07,2.5325000000000304e-07,1.041750000000004e-06
-0.04,5.382499999999368e-07,6.482499999999882e-07,7.900000000000246e-07
-0.02,9.060000000000079e-07,1.0342499999999944e-06,5.332499999999665e-07
0.0,1.244249999999994e-06,1.4009999999999956e-06,2.692499999999839e-07
0.02,1.513249999999947e-06,1.729250000000041e-06,6.750000000024965e-09
0.04,1.7857500000000633e-06,2.0190000000000225e-06,2.550000000000577e-07
0.06,2.062500000000057e-06,2.3240000000000543e-06,4.5900000000007133e-07
0.08,2.2692499999999783e-06,2.545999999999972e-06,7.392499999999574e-07
0.1,2.51825000000005e-06,2.757499999999995e-06,1.0460000000000439e-06
0.12,2.807499999999915e-06,3.058999999999972e-06,1.3007500000000163e-06
0.14,3.0350000000000277e-06,3.2867500000000613e-06,1.5565000000000045e-06
0.16,3.2757499999999965e-06,3.4700000000000464e-06,1.8924999999999823e-06
0.18,3.5392499999999712e-06,3.709250000000046e-06,2.242500000000018e-06
0.2,3.8032500000000622e-06,3.954999999999985e-06,2.526750000000021e-06
0.22,4.091749999999997e-06,4.158250000000014e-06,2.8235000000000044e-06
0.24,4.409250000000009e-06,4.389250000000019e-06,3.1857499999999347e-06
0.26,4.71899999999998e-06,4.6217499999999935e-06,3.494999999999952e-06
0.28,4.997499999999974e-06,4.850750000000021e-06,3.781750000000049e-06
0.3,5.34175e-06,5.0907500000000054e-06,4.225000000000008e-06
0.32,5.642500000000046e-06,5.281750000000031e-06,4.7132499999999705e-06
0.34,5.93175000000002e-06,5.536750000000035e-06,5.09750000000003e-06
0.36,6.227500000000042e-06,5.753250000000028e-06,5.4449999999999724e-06
0.38,6.526500000000033e-06,5.968999999999983e-06,5.826500000000016e-06
0.4,6.793249999999978e-06,6.064249999999992e-06,6.103500000000041e-06
0.42,6.8099999999999975e-06,6.089250000000006e-06,6.18849999999997e-06
0.44,7.274250000000016e-06,6.538250000000028e-06,6.691499999999975e-06
0.46,7.927500000000083e-06,7.005000000000032e-06,7.331500000000023e-06
0.48,8.189249999999949e-06,7.244249999999923e-06,7.633499999999953e-06
0.5,8.452499999999947e-06,7.469999999999927e-06,7.935000000000038e-06
0.52,8.747500000000038e-06,7.590749999999958e-06,8.26074999999999e-06
0.54,9.06749999999998e-06,7.825000000000041e-06,8.557499999999974e-06
0.56,9.351500000000115e-06,8.161000000000019e-06,8.800000000000105e-06
0.58,9.603499999999963e-06,8.441749999999967e-06,9.063499999999918e-06
0.6,9.928875141242794e-06,8.773779096045203e-06,9.416508474576123e-06
-0.6,0.00010749671807909597,0.00010430893276836136,0.00012350077966101687
-0.58,6.871574999999988e-05,6.667899999999994e-05,8.024749999999988e-05
-0.56,2.5515750000000136e-05,2.4700000000000058e-05,3.145675000000011e-05
-0.54,1.678999999999998e-05,1.6203499999999907e-05,2.078174999999992e-05
-0.52,1.2947499999999977e-05,1.2504249999999964e-05,1.593500000000007e-05
-0.5,1.0803250000000016e-05,1.0504000000000047e-05,1.3153250000000046e-05
-0.48,9.365000000000003e-06,9.220750000000035e-06,1.1352500000000017e-05
-0.46,8.377499999999958e-06,8.286749999999966e-06,1.0059999999999995e-05
-0.44,7.631750000000007e-06,7.551749999999994e-06,9.030749999999971e-06
-0.42,6.995000000000037e-06,6.9267499999999655e-06,8.261000000000021e-06
-0.4,6.483249999999976e-06,6.4392499999999875e-06,7.599999999999968e-06
-0.38,6.024250000000013e-06,6.020750000000012e-06,6.982500000000003e-06
-0.36,5.591749999999979e-06,5.620750000000056e-06,6.449249999999982e-06
-0.34,5.198250000000072e-06,5.243250000000021e-06,5.931500000000043e-06
-0.32,4.850750000000021e-06,4.870749999999957e-06,5.485749999999991e-06
-0.3,4.509999999999996e-06,4.509249999999957e-06,5.081749999999972e-06
-0.28,4.11925000000005e-06,4.163500000000015e-06,4.686750000000041e-06
-0.26,3.73750000000003e-06,3.834250000000008e-06,4.3267499999999565e-06
-0.24,3.37925e-06,3.488249999999927e-06,3.95574999999997e-06
-0.22,2.98675e-06,3.100000000000021e-06,3.5889999999999685e-06
-0.2,2.6490000000000216e-06,2.6975000000000805e-06,3.2567500000000226e-06
-0.18,2.2649999999999927e-06,2.2964999999998924e-06,2.935999999999987e-06
-0.16,1.8399999999999688e-06,1.896749999999968e-06,2.5924999999999993e-06
-0.14,1.4542499999999937e-06,1.4992500000000518e-06,2.2432500000000026e-06
-0.12,1.0300000000000088e-06,1.076499999999982e-06,1.9107499999999715e-06
-0.1,6.400000000000481e-07,6.53250000000067e-07,1.5850000000000196e-06
-0.08,2.550000000000035e-07,3.0174999999995353e-07,1.3317499999999623e-06
-0.06,5.000000000002832e-08,2.6000000000029905e-08,1.1475000000000157e-06
-0.04,3.589999999999605e-07,4.407499999999737e-07,7.957500000000338e-07
-0.02,8.599999999999884e-07,9.49999999999996e-07,4.182499999999989e-07
0.0,1.131000000000027e-06,1.2974999999999922e-06,1.7324999999999025e-07
0.02,1.4767499999999685e-06,1.602500000000024e-06,8.000000000001279e-08
0.04,1.8200000000000334e-06,1.910000000000041e-06,3.290000000000302e-07
0.06,2.0925000000000414e-06,2.1649999999999903e-06,5.800000000000249e-07
0.08,2.2649999999999927e-06,2.3992499999999652e-06,8.2350000000001e-07
0.1,2.486750000000042e-06,2.639999999999934e-06,1.0907500000000166e-06
0.12,2.7539999999999943e-06,2.8674999999999382e-06,1.3132499999999963e-06
0.14,2.9657500000000486e-06,3.1535000000000504e-06,1.6017499999999851e-06
0.16,3.2274999999999687e-06,3.3642500000000347e-06,1.919249999999997e-06
0.18,3.485749999999942e-06,3.5707500000000335e-06,2.1949999999999747e-06
0.2,3.750000000000064e-06,3.823249999999998e-06,2.5190000000000347e-06
0.22,4.109249999999947e-06,4.051750000000018e-06,2.8615000000000064e-06
0.24,4.381750000000009e-06,4.294250000000041e-06,3.19749999999993e-06
0.26,4.617500000000008e-06,4.553249999999999e-06,3.506000000000017e-06
0.28,4.954999999999955e-06,4.800000000000008e-06,3.857500000000022e-06
0.3,5.275749999999991e-06,5.034999999999968e-06,4.237499999999988e-06
0.32,5.575749999999998e-06,5.244000000000006e-06,4.576000000000005e-06
0.34,5.8659999999999875e-06,5.4707500000000255e-06,4.918999999999985e-06
0.36,6.218500000000008e-06,5.7392499999999705e-06,5.311500000000039e-06
0.38,6.542500000000014e-06,5.980999999999955e-06,5.706750000000001e-06
0.4,6.770750000000057e-06,6.184999999999969e-06,6.075999999999933e-06
0.42,7.104000000000019e-06,6.3857500000000125e-06,6.429999999999977e-06
0.44,7.444249999999982e-06,6.67325000000004e-06,6.773250000000042e-06
0.46,7.736750000000034e-06,6.930749999999974e-06,7.146750000000014e-06
0.48,8.040000000000065e-06,7.166750000000004e-06,7.53924999999996e-06
0.5,8.389999999999993e-06,7.448500000000076e-06,7.873250000000015e-06
0.52,8.740749999999959e-06,7.720749999999999e-06,8.198250000000036e-06
0.54,9.063250000000049e-06,7.970749999999978e-06,8.51999999999998e-06
0.56,9.363250000000056e-06,8.197499999999943e-06,8.796750000000081e-06
0.58,9.599999999999908e-06,8.464249999999996e-06,9.05074999999996e-06
0.6,9.907485451977252e-06,8.782644915254223e-06,9.385186440677832e-06
-0.6,0.00010878217556497161,0.00010775159237288122,0.00012251108474576255
-0.58,6.964174999999988e-05,6.86307499999999e-05,7.985899999999983e-05
-0.56,2.591250000000012e-05,2.518250000000012e-05,3.1518250000000104e-05
-0.54,1.7506499999999986e-05,1.689825000000003e-05,2.0899999999999966e-05
-0.52,1.3467499999999979e-05,1.2953249999999986e-05,1.6333250000000025e-05
-0.5,1.0634999999999996e-05,1.0449999999999956e-05,1.3341750000000032e-05
-0.48,9.26175000000003e-06,9.149250000000048e-06,1.123750000000005e-05
-0.46,8.339250000000034e-06,8.201750000000037e-06,9.930000000000008e-06
-0.44,7.589249999999934e-06,7.498249999999965e-06,8.984249999999998e-06
-0.42,6.95174999999998e-06,6.91824999999994e-06,8.224250000000012e-06
-0.4,6.44650000000002e-06,6.407500000000003e-06,7.544999999999969e-06
-0.38,5.9932500000000125e-06,5.953499999999956e-06,6.951500000000003e-06
-0.36,5.56100000000001e-06,5.538250000000004e-06,6.386750000000028e-06
-0.34,5.175000000000004e-06,5.181499999999998e-06,5.902499999999966e-06
-0.32,4.7957499999999684e-06,4.849999999999982e-06,5.480749999999966e-06
-0.3,4.4192500000000035e-06,4.471749999999963e-06,5.057499999999997e-06
-0.28,4.105000000000016e-06,4.115999999999972e-06,4.659249999999988e-06
-0.26,3.743249999999985e-06,3.770749999999984e-06,4.276749999999982e-06
-0.24,3.3199999999999614e-06,3.393999999999934e-06,3.91399999999999e-06
-0.22,2.9874999999999845e-06,3.075000000000007e-06,3.5932500000000083e-06
-0.2,2.6299999999999935e-06,2.7060000000000517e-06,3.2135000000000193e-06
-0.18,2.222499999999974e-06,2.2974999999999623e-06,2.8549999999999583e-06
-0.16,1.8150000000000089e-06,1.9007499999999767e-06,2.552499999999966e-06
-0.14,1.4482500000000077e-06,1.500999999999998e-06,2.2100000000000483e-06
-0.12,1.0875000000000468e-06,1.1167499999999923e-06,1.8700000000000075e-06
-0.1,6.66000000000078e-07,7.0400000000008e-07,1.5442500000000014e-06
-0.08,2.6250000000001316e-07,3.189999999999812e-07,1.2632500000000222e-06
-0.06,1.0849999999997363e-07,6.249999999995409e-08,9.900000000000295e-07
-0.04,4.4574999999999823e-07,4.5149999999995324e-07,6.675000000000474e-07
-0.02,7.807500000000145e-07,7.850000000000001e-07,3.7424999999995665e-07
0.0,1.0917499999999782e-06,1.1092500000000369e-06,1.7825000000001477e-07
0.02,1.38324999999996e-06,1.446499999999953e-06,4.5000000000003804e-08
0.04,1.6750000000000272e-06,1.7367499999999965e-06,3.6500000000005495e-07
0.06,1.938500000000056e-06,1.9967500000000245e-06,6.400000000000481e-07
0.08,2.1707499999999453e-06,2.2575000000000373e-06,8.482499999999931e-07
0.1,2.388250000000009e-06,2.5149999999999717e-06,1.1285000000000418e-06
0.12,2.6585000000000085e-06,2.7582499999999257e-06,1.4167499999999996e-06
0.14,2.9399999999999956e-06,2.990750000000063e-06,1.6449999999999885e-06
0.16,3.1589999999999743e-06,3.239249999999964e-06,1.8989999999999762e-06
0.18,3.4432499999999776e-06,3.4049999999999987e-06,2.1989999999999835e-06
0.2,3.547500000000074e-06,3.2664999999999864e-06,2.445000000000008e-06
0.22,3.562499999999985e-06,3.6459999999999444e-06,2.480000000000017e-06
0.24,4.1424999999999015e-06,4.219249999999999e-06,2.994999999999994e-06
0.26,4.782500000000004e-06,4.5107499999999805e-06,3.7034999999999824e-06
0.28,5.034250000000037e-06,4.870000000000026e-06,3.991750000000049e-06
0.3,5.3025000000000056e-06,5.040749999999977e-06,4.277500000000021e-06
0.32,5.576750000000014e-06,5.256749999999963e-06,4.590749999999993e-06
0.34,5.874250000000036e-06,5.529250000000025e-06,4.955749999999994e-06
0.36,6.215000000000007e-06,5.752499999999989e-06,5.324249999999996e-06
0.38,6.532499999999965e-06,5.964250000000044e-06,5.675000000000016e-06
0.4,6.820750000000031e-06,6.217499999999938e-06,6.034249999999953e-06
0.42,7.115000000000029e-06,6.453999999999976e-06,6.379250000000019e-06
0.44,7.458249999999986e-06,6.725000000000014e-06,6.729000000000023e-06
0.46,7.773250000000012e-06,7.023499999999944e-06,7.098999999999994e-06
0.48,8.061750000000001e-06,7.26075000000002e-06,7.469249999999942e-06
0.5,8.409249999999997e-06,7.460750000000025e-06,7.807500000000037e-06
0.52,8.758249999999963e-06,7.755749999999954e-06,8.160000000000003e-06
0.54,9.080750000000054e-06,8.097499999999995e-06,8.503499999999936e-06
0.56,9.40000000000012e-06,8.361000000000132e-06,8.808250000000046e-06
0.58,9.669249999999941e-06,8.599249999999953e-06,9.081499999999984e-06
0.6,9.788500000000008e-06,8.72499999999998e-06,9.200000000000005e-06
