V,gm 150,gm 151,gm 152
-0.6,3.073000000000027e-05,1.2948499999999819e-05,2.551199999999981e-05
-0.58,1.5541500000000163e-05,4.165000000000418e-06,1.3031000000000154e-05
-0.56,2.116000000000357e-06,5.977500000000063e-06,1.4410000000008964e-06
-0.54,5.982499999999599e-06,8.262499999999937e-06,4.607499999999959e-06
-0.52,8.070749999999818e-06,9.74249999999982e-06,6.568999999999672e-06
-0.5,9.255000000000114e-06,1.0728250000000081e-05,7.7934999999996e-06
-0.48,1.0169999999999884e-05,1.135925000000015e-05,8.461750000000445e-06
-0.46,1.0969999999999903e-05,1.1928499999999762e-05,9.061500000000482e-06
-0.44,1.1436750000000124e-05,1.2370000000000263e-05,9.53074999999982e-06
-0.42,1.1672500000000068e-05,1.2642500000000379e-05,9.941749999999895e-06
-0.4,1.1970749999999641e-05,1.2931749999999919e-05,1.0292500000000458e-05
-0.38,1.233325000000009e-05,1.3347499999999662e-05,1.0360750000000096e-05
-0.36,1.2484249999999975e-05,1.3688999999999889e-05,1.0541749999999801e-05
-0.34,1.252500000000021e-05,1.3694999999999766e-05,1.073924999999993e-05
-0.32,1.2603249999999788e-05,1.3805999999999888e-05,1.0799250000000007e-05
-0.3,1.2684250000000088e-05,1.385400000000021e-05,1.0973250000000361e-05
-0.28,1.2732499999999845e-05,1.3879999999999969e-05,1.0947500000000037e-05
-0.26,1.2714999999999949e-05,1.4099250000000358e-05,1.0834249999999799e-05
-0.24,1.2542500000000106e-05,1.4422499999999783e-05,1.0807499999999134e-05
-0.22,1.2365749999999898e-05,1.446674999999991e-05,1.0716750000000063e-05
-0.2,1.2334249999999998e-05,1.4329999999999898e-05,1.0585750000000494e-05
-0.18,1.211424999999957e-05,1.4469999999999934e-05,1.0289999999999605e-05
-0.16,1.171324999999987e-05,1.4644000000000289e-05,1.0126750000000097e-05
-0.14,1.1380000000000504e-05,1.462574999999992e-05,1.0181500000000336e-05
-0.12,1.1173249999999607e-05,1.4659249999999634e-05,9.924999999999604e-06
-0.1,1.089249999999993e-05,1.4662500000000526e-05,9.524250000000206e-06
-0.08,1.0366000000000368e-05,1.4608250000000024e-05,9.020750000000247e-06
-0.06,9.705000000000043e-06,1.4525000000000041e-05,8.575750000000288e-06
-0.04,9.286500000000013e-06,1.440000000000035e-05,8.375749999999741e-06
-0.02,8.743999999999766e-06,1.4339999999999839e-05,7.82424999999946e-06
0.0,7.933500000000069e-06,1.4279999999999762e-05,7.376000000000344e-06
0.02,7.208500000000038e-06,1.3969250000000263e-05,6.908250000000216e-06
0.04,6.449999999999859e-06,1.3495999999999994e-05,6.36499999999993e-06
0.06,5.738999999999831e-06,1.3202499999999655e-05,5.918499999999893e-06
0.08,5.008249999999791e-06,1.277649999999967e-05,5.3632500000002845e-06
0.1,4.259250000000249e-06,1.2419000000000058e-05,4.8332499999999626e-06
0.12,3.643250000000091e-06,1.2157500000000224e-05,4.364250000000059e-06
0.14,2.975749999999718e-06,1.173174999999924e-05,3.926750000000055e-06
0.16,2.723499999999785e-06,1.2471000000000444e-05,3.800749999999589e-06
0.18,2.516750000000189e-06,1.1843250000000399e-05,3.8515000000001985e-06
0.2,1.5407500000000005e-06,9.883249999999896e-06,3.077499999999938e-06
0.22,6.10749999999452e-07,9.455000000000227e-06,2.2785000000002595e-06
0.24,4.0500000000019687e-07,9.125750000000057e-06,2.1224999999999716e-06
0.26,1.0000000000027348e-07,8.465999999999942e-06,1.918999999999966e-06
0.28,2.3674999999985166e-07,7.861749999999671e-06,1.747500000000464e-06
0.3,3.907499999998912e-07,7.4207500000002084e-06,1.6384999999992898e-06
0.32,6.53250000000067e-07,6.927500000000059e-06,1.3282499999995277e-06
0.34,1.1242500000002188e-06,6.4667500000001495e-06,9.757500000003201e-07
0.36,1.6582499999997363e-06,6.0992500000001636e-06,8.709999999999447e-07
0.38,1.8640000000002925e-06,5.6214999999996615e-06,8.025000000000046e-07
0.4,2.1367499999998436e-06,5.004999999999767e-06,5.450000000002328e-07
0.42,2.52999999999972e-06,4.4009999999997974e-06,2.2824999999998888e-07
0.44,2.8892499999997115e-06,3.7582499999998416e-06,3.825000000024989e-08
0.46,3.3225000000002176e-06,3.199000000000604e-06,1.1750000000016955e-07
0.48,3.6214999999998297e-06,2.8807499999998487e-06,3.632500000000545e-07
0.5,3.785000000000073e-06,2.4842499999999483e-06,6.139999999999098e-07
0.52,4.153499999999966e-06,1.7375000000000897e-06,9.849999999997881e-07
0.54,4.5584999999997294e-06,1.1842499999998625e-06,1.2760000000001416e-06
0.56,4.896500000000498e-06,6.817499999993773e-07,1.5485000000006917e-06
0.58,5.076499999999429e-06,1.0750000000022894e-07,1.9057499999995675e-06
0.6,5.221509039547569e-06,1.9171610169420964e-07,2.1232735875700723e-06
-0.6,4.6187271751413524e-05,6.0432733050847474e-05,4.399107019774015e-05
-0.58,2.8039000000000102e-05,3.6256750000000174e-05,2.7139000000000243e-05
-0.56,6.1042499999997e-06,7.814999999999992e-06,6.9057499999997975e-06
-0.54,6.875000000002539e-07,1.0074999999987871e-07,5.075000000004555e-07
-0.52,3.6032499999998947e-06,3.759999999999788e-06,2.977500000000098e-06
-0.5,5.901499999999733e-06,6.2557499999997546e-06,5.049000000000459e-06
-0.48,8.005999999999638e-06,7.947500000000073e-06,6.525749999999886e-06
-0.46,9.056749999999947e-06,9.116750000000024e-06,7.523499999999902e-06
-0.44,9.690750000000171e-06,1.0106749999999783e-05,8.08499999999969e-06
-0.42,1.0226749999999937e-05,1.0946500000000563e-05,8.699000000000033e-06
-0.4,1.080325000000007e-05,1.1434999999999744e-05,9.294249999999837e-06
-0.38,1.1207500000000228e-05,1.1821750000000006e-05,9.70599999999995e-06
-0.36,1.1519250000000068e-05,1.2112499999999624e-05,9.930750000000047e-06
-0.34,1.1583250000000208e-05,1.2482499999999595e-05,1.0144000000000125e-05
-0.32,1.1785000000000267e-05,1.2775750000000065e-05,1.0154249999999934e-05
-0.3,1.2012499999999784e-05,1.278325000000002e-05,1.0342499999999727e-05
-0.28,1.1944249999999712e-05,1.2864249999999886e-05,1.0579000000000144e-05
-0.26,1.162824999999994e-05,1.3201749999999617e-05,1.0328500000000157e-05
-0.24,1.1499999999999792e-05,1.3435749999999615e-05,1.028249999999965e-05
-0.22,1.164750000000065e-05,1.3500000000000057e-05,1.024325000000036e-05
-0.2,1.1550749999999967e-05,1.3418250000000152e-05,1.0166000000000255e-05
-0.18,1.1410999999999366e-05,1.359324999999998e-05,1.0222500000000006e-05
-0.16,1.1358250000000243e-05,1.3874250000000393e-05,1.0069000000000137e-05
-0.14,1.1062500000000221e-05,1.3816000000000262e-05,9.88250000000029e-06
-0.12,1.0635999999999632e-05,1.3741749999999879e-05,9.807499999999868e-06
-0.1,1.0354999999999653e-05,1.3814000000000447e-05,9.701750000000453e-06
-0.08,1.0038249999999842e-05,1.3652500000000452e-05,9.508499999999823e-06
-0.06,9.673250000000275e-06,1.3415000000000562e-05,9.171500000000696e-06
-0.04,9.051749999999976e-06,1.347825000000023e-05,8.776500000000007e-06
-0.02,8.404250000000352e-06,1.3384999999999873e-05,8.410999999999835e-06
0.0,8.051499999999975e-06,1.3303249999999968e-05,8.018499999999998e-06
0.02,7.585750000000096e-06,1.309675000000024e-05,7.66825000000004e-06
0.04,6.835000000000174e-06,1.273499999999983e-05,7.3682500000000865e-06
0.06,6.112500000000128e-06,1.2376749999999746e-05,6.94749999999994e-06
0.08,5.420000000000338e-06,1.2155999999999712e-05,6.658249999999966e-06
0.1,4.827499999999953e-06,1.1919999999999466e-05,6.298249999999502e-06
0.12,4.296750000000026e-06,1.1406500000000434e-05,5.665000000000184e-06
0.14,3.643250000000091e-06,1.09200000000002e-05,5.174250000000019e-06
0.16,3.144249999999932e-06,1.065500000000004e-05,4.7884999999996646e-06
0.18,2.6567499999997912e-06,1.0140750000000101e-05,4.2875000000001245e-06
0.2,1.9357500000002567e-06,9.567499999999559e-06,3.887499999999898e-06
0.22,1.4232500000002646e-06,9.105750000000176e-06,3.5782499999996095e-06
0.24,1.232500000000053e-06,8.545000000000427e-06,3.180749999999802e-06
0.26,8.149999999999304e-07,8.214249999999746e-06,3.0834999999998156e-06
0.28,3.1825000000032175e-07,7.682500000000345e-06,2.3582500000003496e-06
0.3,1.8324999999982244e-07,6.8732499999999905e-06,1.6374999999998162e-06
0.32,7.315000000000793e-07,6.339250000000039e-06,1.631749999999807e-06
0.34,1.130750000000267e-06,5.8459999999998895e-06,1.2524999999999342e-06
0.36,1.511750000000086e-06,5.222499999999342e-06,8.967499999998352e-07
0.38,2.0110000000001134e-06,4.535749999999561e-06,5.025000000000515e-07
0.4,2.4167499999999155e-06,4.030750000000392e-06,1.0999999999978041e-07
0.42,2.643999999999997e-06,3.6817499999997755e-06,1.434999999999284e-07
0.44,2.957500000000217e-06,3.0925000000002825e-06,5.167500000003572e-07
0.46,3.3817499999998224e-06,3.2507500000002534e-06,8.339999999999043e-07
0.48,3.5457499999998025e-06,2.5549999999995715e-06,9.142499999997312e-07
0.5,3.951749999999907e-06,1.1549999999996459e-06,1.5749999999997537e-06
0.52,4.585750000000131e-06,5.93499999999858e-07,2.2682500000000168e-06
0.54,5.0139999999998e-06,1.200000000001547e-07,2.3400000000004147e-06
0.56,5.519250000000139e-06,4.0000000000066024e-07,2.840000000000481e-06
0.58,5.75999999999962e-06,1.0175000000000288e-06,3.2267499999998756e-06
0.6,5.8857816384179635e-06,1.3915451977393353e-06,3.302781497175564e-06
-0.6,4.898256129943525e-05,6.440985028248643e-05,4.727566285310774e-05
-0.58,2.9708999999999725e-05,3.9159250000000284e-05,2.9457500000000265e-05
-0.56,6.606499999999883e-06,9.579249999999446e-06,7.7934999999996e-06
-0.54,3.0249999999993823e-07,1.355749999999798e-06,9.524999999995475e-07
-0.52,3.8799999999999425e-06,2.963250000000226e-06,2.5242500000001444e-06
-0.5,6.2239999999999865e-06,5.763250000000077e-06,4.820749999999603e-06
-0.48,7.800749999999686e-06,7.614999999999879e-06,6.398249999999776e-06
-0.46,8.906000000000365e-06,8.944999999999786e-06,7.429250000000071e-06
-0.44,9.673249999999842e-06,1.0005999999999904e-05,8.237500000000085e-06
-0.42,1.025649999999989e-05,1.0544999999999825e-05,8.82750000000005e-06
-0.4,1.0729249999999555e-05,1.099749999999974e-05,9.216750000000298e-06
-0.38,1.0964999999999933e-05,1.1538499999999476e-05,9.635750000000064e-06
-0.36,1.1330750000000406e-05,1.1910749999999998e-05,9.942499999999934e-06
-0.34,1.167175000000003e-05,1.2189000000000123e-05,1.0209250000000041e-05
-0.32,1.1773499999999815e-05,1.2489999999999984e-05,1.0350750000000155e-05
-0.3,1.1699999999999905e-05,1.261925000000004e-05,1.0411500000000271e-05
-0.28,1.1731499999999805e-05,1.2635750000000029e-05,1.0500000000000093e-05
-0.26,1.193499999999981e-05,1.2922500000000017e-05,1.0444999999999986e-05
-0.24,1.1910999999999866e-05,1.3061750000000448e-05,1.0462499999999882e-05
-0.22,1.1762499999999967e-05,1.3355000000000485e-05,1.0360999999999964e-05
-0.2,1.153900000000008e-05,1.3586749999999932e-05,1.0282500000000517e-05
-0.18,1.1469249999999497e-05,1.3383249999999926e-05,1.044825000000001e-05
-0.16,1.13524999999998e-05,1.3395749999999852e-05,1.0306749999999896e-05
-0.14,1.0959000000000056e-05,1.3419999999999665e-05,1.0114999999999777e-05
-0.12,1.0672499999999936e-05,1.345074999999996e-05,1.0024999999999444e-05
-0.1,1.0376750000000348e-05,1.3434250000000838e-05,9.922500000000053e-06
-0.08,1.0099249999999827e-05,1.3344250000000071e-05,9.795750000000415e-06
-0.06,9.809999999999854e-06,1.3277500000000511e-05,9.355000000000821e-06
-0.04,9.40750000000051e-06,1.3180750000000262e-05,8.982499999999997e-06
-0.02,8.926750000000285e-06,1.3114249999999703e-05,8.798249999999834e-06
0.0,8.33824999999953e-06,1.3654249999999965e-05,8.751750000000023e-06
0.02,8.378999999999765e-06,1.3256500000000289e-05,8.66425000000011e-06
0.04,7.515000000000473e-06,1.2168250000000203e-05,7.903249999999945e-06
0.06,6.2667499999996025e-06,1.1868499999999685e-05,7.069250000000041e-06
0.08,5.909999999999596e-06,1.1736000000000038e-05,6.6417499999999775e-06
0.1,5.338249999999999e-06,1.1485749999999486e-05,6.311500000000334e-06
0.12,4.5992499999999645e-06,1.0933250000000165e-05,5.911749999999976e-06
0.14,3.92925000000004e-06,1.0492499999999703e-05,5.4824999999999666e-06
0.16,3.553249999999758e-06,9.99825000000008e-06,5.089000000000222e-06
0.18,2.985749999999659e-06,9.551750000000477e-06,4.751749999999926e-06
0.2,2.369249999999764e-06,9.178500000000048e-06,4.202500000000196e-06
0.22,1.9224999999998583e-06,8.610000000000041e-06,3.7317499999999122e-06
0.24,1.4282500000002349e-06,8.040749999999996e-06,3.540000000000227e-06
0.26,9.292500000000758e-07,7.575000000000116e-06,3.152499999999926e-06
0.28,5.000000000000664e-07,7.055749999999774e-06,2.6099999999996785e-06
0.3,1.2250000000013986e-07,6.553999999999761e-06,2.2740000000004597e-06
0.32,3.674999999999859e-07,5.911749999999976e-06,1.9359999999996914e-06
0.34,8.325000000002601e-07,5.22250000000021e-06,1.437499999999703e-06
0.36,1.2839999999998339e-06,4.718249999999778e-06,1.0032500000001568e-06
0.38,1.769999999999463e-06,4.196749999999753e-06,5.949999999999359e-07
0.4,2.1125000000004647e-06,3.6785000000006188e-06,1.6499999999988746e-07
0.42,2.4167499999999155e-06,3.056749999999584e-06,2.524999999998015e-07
0.44,2.8910000000000914e-06,2.517499999999794e-06,7.382499999999959e-07
0.46,3.5707500000000877e-06,2.114000000000109e-06,1.2075000000006351e-06
0.48,4.050000000000234e-06,1.5999999999996052e-06,1.530000000000021e-06
0.5,4.440000000000086e-06,1.0000000000001327e-06,1.8907499999996566e-06
0.52,4.738999999999698e-06,4.1649999999978163e-07,2.3350000000000107e-06
0.54,5.018249999999731e-06,7.900000000005125e-08,2.840000000000481e-06
0.56,5.489250000000317e-06,7.890000000001715e-07,3.166750000000232e-06
0.58,5.774999999999964e-06,1.4167499999997828e-06,3.392499999999802e-06
0.6,5.99371525423685e-06,1.7126083333322393e-06,3.629179378530576e-06
-0.6,5.07343932203393e-05,6.599854053672329e-05,4.874104378531103e-05
-0.58,3.1162500000000114e-05,4.028825000000017e-05,3.0435000000000097e-05
-0.56,7.564249999999703e-06,9.907499999999708e-06,8.249249999999972e-06
-0.54,1.8499999999976868e-07,1.3007500000001247e-06,1.3224999999999522e-06
-0.52,3.7685000000000843e-06,2.9850000000000536e-06,2.3150000000001295e-06
-0.5,6.098499999999691e-06,5.5240000000002405e-06,4.63425000000019e-06
-0.48,7.638250000000218e-06,7.212500000000101e-06,6.1660000000001575e-06
-0.46,8.708249999999935e-06,7.876749999999582e-06,7.285750000000143e-06
-0.44,8.989249999999914e-06,8.981499999999656e-06,7.620000000000283e-06
-0.42,9.649250000000331e-06,1.0416749999999676e-05,8.36750000000018e-06
-0.4,1.0758999999999942e-05,1.1144250000000126e-05,9.373250000000322e-06
-0.38,1.1140000000000195e-05,1.1652500000000187e-05,9.6225000000001e-06
-0.36,1.1421750000000213e-05,1.1832499999999985e-05,9.928250000000062e-06
-0.34,1.1762499999999534e-05,1.2239999999999734e-05,1.018249999999981e-05
-0.32,1.1779250000000258e-05,1.2537500000000135e-05,1.0419250000000095e-05
-0.3,1.1785000000000267e-05,1.2723999999999982e-05,1.0520750000000446e-05
-0.28,1.197325000000006e-05,1.2947499999999869e-05,1.0571749999999623e-05
-0.26,1.1953250000000179e-05,1.2919249999999993e-05,1.0689249999999793e-05
-0.24,1.1794999999999774e-05,1.2889999999999777e-05,1.0698249999999392e-05
-0.22,1.1784999999999834e-05,1.3131749999999599e-05,1.0599250000000327e-05
-0.2,1.1721750000000166e-05,1.3320750000000298e-05,1.0559250000000565e-05
-0.18,1.1465e-05,1.3219000000000078e-05,1.061999999999938e-05
-0.16,1.1351499999999893e-05,1.320499999999964e-05,1.0433999999999704e-05
-0.14,1.1281749999999743e-05,1.328424999999956e-05,1.0340750000000214e-05
-0.12,1.0863499999999582e-05,1.3246749999999783e-05,1.0218499999999943e-05
-0.1,1.067074999999999e-05,1.3234250000000291e-05,9.872499999999916e-06
-0.08,1.0408250000000247e-05,1.3065750000000077e-05,9.721499999999599e-06
-0.06,9.873249999999955e-06,1.2898250000000638e-05,9.65500000000034e-06
-0.04,9.42575000000001e-06,1.2911000000000433e-05,9.335000000000072e-06
-0.02,8.943500000000142e-06,1.2728249999999913e-05,9.091750000000173e-06
0.0,8.494250000000252e-06,1.2588249999999877e-05,8.767499999999973e-06
0.02,8.00750000000015e-06,1.2435999999999784e-05,8.188249999999554e-06
0.04,7.511750000000015e-06,1.2033250000000138e-05,7.880999999999947e-06
0.06,6.902499999999773e-06,1.177499999999946e-05,7.552499999999816e-06
0.08,6.2425000000002236e-06,1.1531749999999993e-05,7.026500000000425e-06
0.1,5.689000000000128e-06,1.1182499999999942e-05,6.620749999999755e-06
0.12,5.0800000000001885e-06,1.0865000000000527e-05,6.3034999999997746e-06
0.14,4.392499999999935e-06,1.0384999999999908e-05,5.87674999999975e-06
0.16,3.786500000000151e-06,9.813249999999878e-06,5.494999999999892e-06
0.18,3.4010000000000984e-06,9.439000000000409e-06,5.050000000000367e-06
0.2,2.8917500000001303e-06,9.052500000000015e-06,4.508999999999763e-06
0.22,2.270750000000002e-06,8.506749999999744e-06,4.198250000000264e-06
0.24,1.7882500000002653e-06,7.766750000000235e-06,3.857500000000076e-06
0.26,1.329999999999474e-06,7.2625000000002375e-06,3.415000000000102e-06
0.28,8.517500000001024e-07,7.039999999999824e-06,2.8359999999999844e-06
0.3,4.367500000003986e-07,6.7850000000000375e-06,2.6310000000003345e-06
0.32,3.817499999998579e-07,5.939249999999813e-06,2.5807499999998956e-06
0.34,2.3675000000028534e-07,4.898250000000444e-06,1.7632499999999801e-06
0.36,1.2492499999999102e-06,4.3707499999996735e-06,9.717499999998234e-07
0.38,1.7142499999997507e-06,3.9499999999999605e-06,6.567499999999594e-07
0.4,2.1042500000004703e-06,3.4267500000004225e-06,2.5149999999989417e-07
0.42,2.570749999999955e-06,2.9100000000000653e-06,3.2749999999978976e-07
0.44,3.024999999999816e-06,2.253250000000106e-06,8.549999999996928e-07
0.46,3.3182500000002862e-06,1.5692500000001781e-06,1.1810000000007058e-06
0.48,3.74899999999994e-06,1.0642499999992741e-06,1.6999999999998787e-06
0.5,4.313500000000317e-06,5.400000000002625e-07,2.2082499999999394e-06
0.52,4.73925e-06,1.0999999999847937e-08,2.498999999999991e-06
0.54,5.1715000000001655e-06,6.042500000002712e-07,2.940000000000321e-06
0.56,5.673250000000178e-06,1.1525000000000944e-06,3.3567500000004045e-06
0.58,6.00999999999987e-06,1.644999999999338e-06,3.713249999999675e-06
0.6,6.085000000000124e-06,1.8199999999999233e-06,3.88650000000015e-06
