V,IDS 150,IDS 151,IDS 152
-0.6,1.611673e-05,2.240353e-05,1.52721e-05
-0.58,1.708243e-05,2.32407e-05,1.59242e-05
-0.56,1.707903e-05,2.30297e-05,1.58535e-05
-0.54,1.691623e-05,2.271077e-05,1.567673e-05
-0.52,1.668137e-05,2.234913e-05,1.54566e-05
-0.5,1.640947e-05,2.196703e-05,1.521247e-05
-0.48,1.611103e-05,2.157233e-05,1.495677e-05
-0.46,1.580033e-05,2.116947e-05,1.469473e-05
-0.44,1.54818e-05,2.076113e-05,1.443043e-05
-0.42,1.515783e-05,2.03497e-05,1.416737e-05
-0.4,1.48358e-05,1.993973e-05,1.390603e-05
-0.38,1.45141e-05,1.953137e-05,1.36482e-05
-0.36,1.419437e-05,1.912673e-05,1.3396e-05
-0.34,1.38819e-05,1.872607e-05,1.31485e-05
-0.32,1.357257e-05,1.83292e-05,1.290517e-05
-0.3,1.326947e-05,1.793707e-05,1.266897e-05
-0.28,1.297557e-05,1.75527e-05,1.243927e-05
-0.26,1.268897e-05,1.717373e-05,1.22165e-05
-0.24,1.24108e-05,1.679953e-05,1.199977e-05
-0.22,1.214427e-05,1.64325e-05,1.179187e-05
-0.2,1.18851e-05,1.607527e-05,1.159303e-05
-0.18,1.16371e-05,1.571697e-05,1.140213e-05
-0.16,1.13989e-05,1.536767e-05,1.122063e-05
-0.14,1.117407e-05,1.502787e-05,1.104813e-05
-0.12,1.096157e-05,1.469463e-05,1.088523e-05
-0.1,1.07621e-05,1.436803e-05,1.073403e-05
-0.08,1.05765e-05,1.40501e-05,1.059427e-05
-0.06,1.040667e-05,1.37414e-05,1.046613e-05
-0.04,1.025143e-05,1.344153e-05,1.035e-05
-0.02,1.01133e-05,1.315223e-05,1.024517e-05
0.0,9.992567e-06,1.287237e-05,1.015403e-05
0.02,9.89008e-06,1.260793e-05,1.00755e-05
0.04,9.804157e-06,1.235537e-05,1.001173e-05
0.06,9.735327e-06,1.211607e-05,9.959797e-06
0.08,9.6833e-06,1.189057e-05,9.92123e-06
0.1,9.648067e-06,1.168003e-05,9.8929e-06
0.12,9.627743e-06,1.148653e-05,9.87431e-06
0.14,9.621647e-06,1.130737e-05,9.865113e-06
0.16,9.624923e-06,1.112927e-05,9.860393e-06
0.18,9.637083e-06,1.096557e-05,9.859447e-06
0.2,9.669053e-06,1.083897e-05,9.874477e-06
0.22,9.711003e-06,1.072537e-05,9.895423e-06
0.24,9.76148e-06,1.062567e-05,9.919957e-06
0.26,9.818897e-06,1.053963e-05,9.948747e-06
0.28,9.882103e-06,1.04677e-05,9.980453e-06
0.3,9.952913e-06,1.040897e-05,1.001447e-05
0.32,1.002853e-05,1.03629e-05,1.005263e-05
0.34,1.010873e-05,1.032943e-05,1.009323e-05
0.36,1.019527e-05,1.030647e-05,1.013517e-05
0.38,1.028603e-05,1.029483e-05,1.017947e-05
0.4,1.038037e-05,1.029457e-05,1.02256e-05
0.42,1.047983e-05,1.03038e-05,1.027533e-05
0.44,1.058323e-05,1.032147e-05,1.032887e-05
0.46,1.069073e-05,1.034827e-05,1.038287e-05
0.48,1.080263e-05,1.03834e-05,1.04398e-05
0.5,1.0918e-05,1.042713e-05,1.049917e-05
0.52,1.103707e-05,1.047863e-05,1.056133e-05
0.54,1.115983e-05,1.05373e-05,1.06262e-05
0.56,1.12859e-05,1.06035e-05,1.069523e-05
0.58,1.141373e-05,1.067787e-05,1.0767e-05
0.6,1.15421e-05,1.075823e-05,1.08412e-05
-0.6,1.452553e-05,1.868663e-05,1.433827e-05
-0.58,1.600877e-05,2.08495e-05,1.551003e-05
-0.56,1.64171e-05,2.123503e-05,1.580413e-05
-0.54,1.646843e-05,2.121417e-05,1.57596e-05
-0.52,1.636893e-05,2.10344e-05,1.561377e-05
-0.5,1.61857e-05,2.077233e-05,1.541647e-05
-0.48,1.59529e-05,2.04609e-05,1.519113e-05
-0.46,1.569127e-05,2.01214e-05,1.494857e-05
-0.44,1.54085e-05,1.976183e-05,1.46963e-05
-0.42,1.5116e-05,1.939123e-05,1.44414e-05
-0.4,1.481693e-05,1.901657e-05,1.41851e-05
-0.38,1.451293e-05,1.863813e-05,1.393013e-05
-0.36,1.421153e-05,1.82578e-05,1.367783e-05
-0.34,1.391183e-05,1.788237e-05,1.34297e-05
-0.32,1.36107e-05,1.750793e-05,1.31844e-05
-0.3,1.331077e-05,1.712573e-05,1.29339e-05
-0.28,1.3033e-05,1.676217e-05,1.27063e-05
-0.26,1.2759e-05,1.64097e-05,1.24826e-05
-0.24,1.24896e-05,1.606113e-05,1.22646e-05
-0.22,1.222877e-05,1.57162e-05,1.20527e-05
-0.2,1.19778e-05,1.537913e-05,1.184827e-05
-0.18,1.173657e-05,1.50486e-05,1.165237e-05
-0.16,1.15051e-05,1.472433e-05,1.146433e-05
-0.14,1.128523e-05,1.440923e-05,1.128447e-05
-0.12,1.107713e-05,1.410193e-05,1.111333e-05
-0.1,1.08826e-05,1.380333e-05,1.095003e-05
-0.08,1.069967e-05,1.351253e-05,1.079717e-05
-0.06,1.053023e-05,1.323013e-05,1.06544e-05
-0.04,1.03766e-05,1.295877e-05,1.05225e-05
-0.02,1.023637e-05,1.269653e-05,1.040063e-05
0.0,1.011237e-05,1.24468e-05,1.02883e-05
0.02,1.000276e-05,1.22076e-05,1.018763e-05
0.04,9.909817e-06,1.198147e-05,1.009793e-05
0.06,9.832467e-06,1.176613e-05,1.001847e-05
0.08,9.770003e-06,1.156553e-05,9.949713e-06
0.1,9.723407e-06,1.137817e-05,9.89279e-06
0.12,9.68941e-06,1.120577e-05,9.84538e-06
0.14,9.670043e-06,1.10476e-05,9.808873e-06
0.16,9.663937e-06,1.090143e-05,9.78104e-06
0.18,9.667893e-06,1.077093e-05,9.76135e-06
0.2,9.68382e-06,1.065603e-05,9.751347e-06
0.22,9.710573e-06,1.055287e-05,9.748607e-06
0.24,9.74627e-06,1.04648e-05,9.75463e-06
0.26,9.789647e-06,1.039e-05,9.766307e-06
0.28,9.841357e-06,1.032893e-05,9.785867e-06
0.3,9.900387e-06,1.02822e-05,9.809553e-06
0.32,9.966157e-06,1.02464e-05,9.84127e-06
0.34,1.003963e-05,1.022307e-05,9.878373e-06
0.36,1.011913e-05,1.021133e-05,9.922437e-06
0.38,1.02043e-05,1.020947e-05,9.97111e-06
0.4,1.02955e-05,1.021873e-05,1.00248e-05
0.42,1.039177e-05,1.023757e-05,1.00838e-05
0.44,1.049543e-05,1.02649e-05,1.014603e-05
0.46,1.06031e-05,1.029923e-05,1.020923e-05
0.48,1.071653e-05,1.0338e-05,1.02823e-05
0.5,1.083633e-05,1.03925e-05,1.03597e-05
0.52,1.09606e-05,1.045573e-05,1.044143e-05
0.54,1.10884e-05,1.052403e-05,1.05257e-05
0.56,1.12204e-05,1.06016e-05,1.06117e-05
0.58,1.13548e-05,1.06852e-05,1.070147e-05
0.6,1.149047e-05,1.077567e-05,1.07925e-05
-0.6,1.453873e-05,1.806347e-05,1.419777e-05
-0.58,1.605333e-05,2.019703e-05,1.542383e-05
-0.56,1.647593e-05,2.061263e-05,1.570813e-05
-0.54,1.654453e-05,2.062077e-05,1.57012e-05
-0.52,1.644743e-05,2.04615e-05,1.557363e-05
-0.5,1.626737e-05,2.02141e-05,1.538947e-05
-0.48,1.603327e-05,1.991667e-05,1.517127e-05
-0.46,1.576977e-05,1.958573e-05,1.49345e-05
-0.44,1.548573e-05,1.92354e-05,1.468573e-05
-0.42,1.519107e-05,1.887393e-05,1.443207e-05
-0.4,1.489173e-05,1.850593e-05,1.417667e-05
-0.38,1.45861e-05,1.81335e-05,1.39216e-05
-0.36,1.428253e-05,1.776127e-05,1.367087e-05
-0.34,1.39817e-05,1.73927e-05,1.342203e-05
-0.32,1.368303e-05,1.702617e-05,1.31746e-05
-0.3,1.33914e-05,1.66651e-05,1.293683e-05
-0.28,1.31073e-05,1.631097e-05,1.270317e-05
-0.26,1.282913e-05,1.596117e-05,1.247603e-05
-0.24,1.2558e-05,1.561753e-05,1.225693e-05
-0.22,1.229603e-05,1.528363e-05,1.20426e-05
-0.2,1.20438e-05,1.495557e-05,1.18381e-05
-0.18,1.18013e-05,1.46366e-05,1.163973e-05
-0.16,1.156927e-05,1.432513e-05,1.145193e-05
-0.14,1.13477e-05,1.402147e-05,1.12722e-05
-0.12,1.11391e-05,1.372657e-05,1.109987e-05
-0.1,1.09431e-05,1.344297e-05,1.093753e-05
-0.08,1.07609e-05,1.316627e-05,1.078597e-05
-0.06,1.058993e-05,1.289763e-05,1.064183e-05
-0.04,1.04347e-05,1.26423e-05,1.050913e-05
-0.02,1.02728e-05,1.238953e-05,1.036603e-05
0.0,1.01506e-05,1.213243e-05,1.02556e-05
0.02,1.0042e-05,1.1916e-05,1.015433e-05
0.04,9.94875e-06,1.171e-05,1.006327e-05
0.06,9.868773e-06,1.151417e-05,9.982233e-06
0.08,9.804583e-06,1.13296e-05,9.911743e-06
0.1,9.75375e-06,1.11601e-05,9.85065e-06
0.12,9.71739e-06,1.10043e-05,9.800153e-06
0.14,9.693497e-06,1.08599e-05,9.758137e-06
0.16,9.681843e-06,1.073e-05,9.72442e-06
0.18,9.681657e-06,1.06127e-05,9.699807e-06
0.2,9.692167e-06,1.05097e-05,9.686307e-06
0.22,9.71245e-06,1.042047e-05,9.682093e-06
0.24,9.742387e-06,1.03449e-05,9.68359e-06
0.26,9.780133e-06,1.02822e-05,9.69274e-06
0.28,9.826847e-06,1.023163e-05,9.707873e-06
0.3,9.8815e-06,1.019447e-05,9.731693e-06
0.32,9.94322e-06,1.01676e-05,9.761173e-06
0.34,1.001163e-05,1.015323e-05,9.796053e-06
0.36,1.00875e-05,1.014973e-05,9.83902e-06
0.38,1.016893e-05,1.015597e-05,9.88692e-06
0.4,1.025633e-05,1.01721e-05,9.941177e-06
0.42,1.035017e-05,1.01973e-05,1.000177e-05
0.44,1.045057e-05,1.023063e-05,1.006787e-05
0.46,1.05585e-05,1.027393e-05,1.014007e-05
0.48,1.06705e-05,1.032493e-05,1.021753e-05
0.5,1.078937e-05,1.038433e-05,1.02994e-05
0.52,1.091443e-05,1.045123e-05,1.038637e-05
0.54,1.10437e-05,1.052543e-05,1.04767e-05
0.56,1.11778e-05,1.060737e-05,1.05708e-05
0.58,1.13131e-05,1.069447e-05,1.06687e-05
0.6,1.145127e-05,1.078767e-05,1.07673e-05
-0.6,1.45711e-05,1.767843e-05,1.4087e-05
-0.58,1.610887e-05,1.977493e-05,1.53731e-05
-0.56,1.654303e-05,2.0203e-05,1.566163e-05
-0.54,1.66092e-05,2.02184e-05,1.566073e-05
-0.52,1.651387e-05,2.006653e-05,1.553817e-05
-0.5,1.633943e-05,1.982243e-05,1.536297e-05
-0.48,1.614067e-05,1.952973e-05,1.517233e-05
-0.46,1.58714e-05,1.922927e-05,1.493097e-05
-0.44,1.558297e-05,1.887973e-05,1.467863e-05
-0.42,1.52816e-05,1.851703e-05,1.442057e-05
-0.4,1.49749e-05,1.814807e-05,1.41618e-05
-0.38,1.466503e-05,1.777633e-05,1.390463e-05
-0.36,1.435867e-05,1.7407e-05,1.365023e-05
-0.34,1.405307e-05,1.704103e-05,1.339867e-05
-0.32,1.375317e-05,1.667807e-05,1.31525e-05
-0.3,1.34576e-05,1.632157e-05,1.291173e-05
-0.28,1.316937e-05,1.597087e-05,1.267613e-05
-0.26,1.288853e-05,1.56278e-05,1.244753e-05
-0.24,1.261663e-05,1.529247e-05,1.222817e-05
-0.22,1.235283e-05,1.496343e-05,1.201253e-05
-0.2,1.210063e-05,1.464297e-05,1.180713e-05
-0.18,1.185687e-05,1.432953e-05,1.16105e-05
-0.16,1.162403e-05,1.40274e-05,1.142113e-05
-0.14,1.140227e-05,1.37335e-05,1.12402e-05
-0.12,1.1192e-05,1.344957e-05,1.106787e-05
-0.1,1.0995e-05,1.317307e-05,1.090577e-05
-0.08,1.081063e-05,1.29065e-05,1.07528e-05
-0.06,1.06386e-05,1.26507e-05,1.060903e-05
-0.04,1.048097e-05,1.240607e-05,1.047503e-05
-0.02,1.033717e-05,1.217083e-05,1.03493e-05
0.0,1.020847e-05,1.194603e-05,1.023623e-05
0.02,1.00949e-05,1.173603e-05,1.013167e-05
0.04,9.99554e-06,1.152947e-05,1.003907e-05
0.06,9.911437e-06,1.13429e-05,9.956727e-06
0.08,9.842387e-06,1.116983e-05,9.883027e-06
0.1,9.7862e-06,1.10096e-05,9.81963e-06
0.12,9.744287e-06,1.08621e-05,9.766e-06
0.14,9.71637e-06,1.07284e-05,9.723047e-06
0.16,9.699507e-06,1.06087e-05,9.690157e-06
0.18,9.694667e-06,1.05006e-05,9.664817e-06
0.2,9.700987e-06,1.040667e-05,9.649237e-06
0.22,9.715727e-06,1.032683e-05,9.64096e-06
0.24,9.742237e-06,1.02589e-05,9.63882e-06
0.26,9.766957e-06,1.020053e-05,9.638093e-06
0.28,9.81086e-06,1.01441e-05,9.65434e-06
0.3,9.862707e-06,1.01172e-05,9.678213e-06
0.32,9.922377e-06,1.010113e-05,9.70856e-06
0.34,9.988847e-06,1.009583e-05,9.74502e-06
0.36,1.006247e-05,1.01005e-05,9.787883e-06
0.38,1.0142e-05,1.01134e-05,9.837143e-06
0.4,1.022787e-05,1.013527e-05,9.892437e-06
0.42,1.032103e-05,1.016657e-05,9.95454e-06
0.44,1.042057e-05,1.020627e-05,1.002237e-05
0.46,1.05253e-05,1.025483e-05,1.009573e-05
0.48,1.063777e-05,1.03117e-05,1.017593e-05
0.5,1.075563e-05,1.037593e-05,1.026123e-05
0.52,1.088017e-05,1.044713e-05,1.03515e-05
0.54,1.100937e-05,1.052537e-05,1.044513e-05
0.56,1.11427e-05,1.061113e-05,1.05438e-05
0.58,1.12797e-05,1.070233e-05,1.0646e-05
0.6,1.141893e-05,1.080003e-05,1.07496e-05
