V,gm 150,gm 151,gm 152
-0.6,0.00023621000000000002,0.00026424649999999956,0.0001772549999999999
-0.58,0.00017115175000000007,0.00018103,0.00012965250000000024
-0.56,8.595674999999992e-05,7.634825000000004e-05,6.587424999999992e-05
-0.54,5.352324999999985e-05,4.380574999999988e-05,4.039424999999989e-05
-0.52,3.323675000000011e-05,2.6240000000000074e-05,2.5238999999999817e-05
-0.5,2.010500000000008e-05,1.5455750000000195e-05,1.536000000000007e-05
-0.48,1.1248250000000029e-05,8.22925000000009e-06,8.505000000000014e-06
-0.46,4.864249999999909e-06,3.256750000000131e-06,3.694999999999957e-06
-0.44,1.8499999999976868e-07,5.192499999999087e-07,8.499999999992888e-08
-0.42,3.515749999999764e-06,3.5332500000000936e-06,3.0867500000000565e-06
-0.4,6.4532500000000995e-06,6.028249999999805e-06,5.2775000000001e-06
-0.38,8.983499999999905e-06,8.041000000000081e-06,7.174249999999851e-06
-0.36,1.136599999999985e-05,9.699999999999856e-06,8.696499999999831e-06
-0.34,1.3349999999999864e-05,1.1193999999999744e-05,1.000400000000009e-05
-0.32,1.5084999999999968e-05,1.2779250000000174e-05,1.1231000000000001e-05
-0.3,1.673324999999998e-05,1.4237500000000231e-05,1.23749999999998e-05
-0.28,1.8251499999999898e-05,1.5477499999999806e-05,1.3519000000000031e-05
-0.26,1.9732500000000123e-05,1.703999999999985e-05,1.4257499999999895e-05
-0.24,2.098425000000002e-05,1.834249999999992e-05,1.5154999999999986e-05
-0.22,2.1910750000000024e-05,1.952250000000007e-05,1.612000000000011e-05
-0.2,2.2554249999999802e-05,2.0812499999999998e-05,1.663350000000001e-05
-0.18,2.2904249999999892e-05,2.1830999999999934e-05,1.7205999999999862e-05
-0.16,2.343750000000002e-05,2.2782500000000224e-05,1.7604000000000057e-05
-0.14,2.383825000000007e-05,2.387075000000031e-05,1.7784000000000072e-05
-0.12,2.487075000000001e-05,2.4518249999999717e-05,1.7906749999999864e-05
-0.1,2.486600000000034e-05,2.4999250000000027e-05,1.780675000000024e-05
-0.08,2.3308249999999964e-05,2.5459250000000114e-05,1.758925000000023e-05
-0.06,2.279150000000004e-05,2.5666500000000097e-05,1.7484250000000204e-05
-0.04,2.2467500000000144e-05,2.5731500000000145e-05,1.7229000000000116e-05
-0.02,2.1910999999999892e-05,2.5875000000000073e-05,1.6588999999999797e-05
0.0,2.1237500000000076e-05,2.5732500000000052e-05,1.6009250000000074e-05
0.02,2.0295750000000074e-05,2.514599999999998e-05,1.5397500000000064e-05
0.04,1.926599999999977e-05,2.4521749999999827e-05,1.443249999999994e-05
0.06,1.804174999999993e-05,2.3910749999999856e-05,1.346924999999998e-05
0.08,1.6578250000000034e-05,2.336424999999998e-05,1.2524999999999776e-05
0.1,1.5046500000000067e-05,2.235174999999992e-05,1.1479250000000088e-05
0.12,1.3547500000000209e-05,2.1149000000000038e-05,1.0345000000000146e-05
0.14,1.2600999999999888e-05,2.0645749999999947e-05,9.40899999999972e-06
0.16,1.1722499999999988e-05,2.1205000000000052e-05,9.097499999999965e-06
0.18,9.240000000000203e-06,1.8696749999999943e-05,7.671000000000327e-06
0.2,6.794999999999761e-06,1.5238500000000054e-05,5.651749999999785e-06
0.22,5.556499999999831e-06,1.4061500000000062e-05,4.707499999999799e-06
0.24,4.334250000000237e-06,1.2753249999999982e-05,3.996500000000205e-06
0.26,3.146750000000134e-06,1.1439249999999892e-05,3.149999999999941e-06
0.28,2.2125000000000877e-06,1.0186749999999958e-05,2.5334999999998293e-06
0.3,1.1742499999999219e-06,8.965749999999923e-06,2.0164999999998205e-06
0.32,1.0074999999987871e-07,7.639999999999947e-06,1.32400000000003e-06
0.34,6.200000000000042e-07,6.456750000000209e-06,8.500000000001562e-07
0.36,1.3117499999999727e-06,5.26400000000005e-06,5.224999999997159e-07
0.38,2.2100000000001025e-06,4.160750000000053e-06,3.424999999997007e-08
0.4,3.296500000000025e-06,3.1410000000001246e-06,4.5649999999997776e-07
0.42,4.0509999999999245e-06,2.1167499999997456e-06,8.600000000000968e-07
0.44,4.504999999999917e-06,1.2182499999999642e-06,1.3259999999998447e-06
0.46,5.257500000000219e-06,3.292500000001697e-07,1.6599999999998994e-06
0.48,5.812499999999958e-06,5.867500000001583e-07,1.938250000000242e-06
0.5,6.163250000000087e-06,1.439999999999905e-06,2.27000000000018e-06
0.52,6.680999999999918e-06,2.117500000000218e-06,2.588249999999851e-06
0.54,7.086749999999937e-06,2.780000000000187e-06,2.9099999999998485e-06
0.56,7.433250000000134e-06,3.539000000000103e-06,3.222500000000378e-06
0.58,7.732499999999832e-06,4.169999999999738e-06,3.4807499999999717e-06
0.6,7.978095480225582e-06,4.525097033898147e-06,3.649955367231618e-06
-0.6,5.7950718079095506e-05,2.2220012288135232e-05,1.6972248022598634e-05
-0.58,1.6448500000000674e-05,8.825675000000057e-05,3.360650000000065e-05
-0.56,0.00010214174999999986,0.0001467542500000001,9.095175000000018e-05
-0.54,0.00010268824999999995,0.00011904499999999991,8.274099999999989e-05
-0.52,7.834249999999986e-05,8.385324999999992e-05,5.7816499999999984e-05
-0.5,5.538674999999997e-05,5.7380749999999927e-05,4.0587500000000085e-05
-0.48,3.7595750000000115e-05,3.832750000000006e-05,2.7864249999999926e-05
-0.46,2.5283249999999945e-05,2.4793250000000036e-05,1.8666500000000252e-05
-0.44,1.6446750000000078e-05,1.5324250000000022e-05,1.1633249999999911e-05
-0.42,9.404249999999835e-06,8.407499999999943e-06,6.36499999999993e-06
-0.4,3.989000000000249e-06,3.197499999999876e-06,2.373499999999912e-06
-0.38,8.000000000017542e-08,7.400000000001589e-07,7.724999999999659e-07
-0.36,3.4865000000001978e-06,3.778500000000025e-06,3.2617499999998845e-06
-0.34,5.981749999999777e-06,6.268999999999936e-06,5.22250000000021e-06
-0.32,7.3824999999999585e-06,8.73999999999992e-06,7.3500000000001516e-06
-0.3,9.225750000000114e-06,1.0664250000000158e-05,8.435749999999818e-06
-0.28,1.1351750000000195e-05,1.121824999999999e-05,8.559999999999904e-06
-0.26,1.3128499999999791e-05,1.226074999999987e-05,9.529999999999999e-06
-0.24,1.4825750000000033e-05,1.4111750000000067e-05,1.0869250000000025e-05
-0.22,1.6325750000000232e-05,1.5770999999999927e-05,1.2165000000000179e-05
-0.2,1.7594249999999985e-05,1.72607500000001e-05,1.3169000000000158e-05
-0.18,1.8749249999999848e-05,1.8705749999999542e-05,1.3847499999999728e-05
-0.16,1.98217500000002e-05,1.9989999999999895e-05,1.4719999999999967e-05
-0.14,2.0571500000000215e-05,2.1025750000000292e-05,1.546325000000015e-05
-0.12,2.104074999999977e-05,2.1919249999999887e-05,1.574850000000006e-05
-0.1,2.130500000000011e-05,2.2542500000000132e-05,1.597600000000001e-05
-0.08,2.144424999999989e-05,2.324575000000012e-05,1.6368250000000197e-05
-0.06,2.1396000000000132e-05,2.3828499999999997e-05,1.6600750000000117e-05
-0.04,2.1108250000000236e-05,2.3826750000000268e-05,1.6315000000000253e-05
-0.02,2.07565000000002e-05,2.3875750000000064e-05,1.602674999999997e-05
0.0,2.0301749999999952e-05,2.3945749999999865e-05,1.5868249999999914e-05
0.02,1.9496749999999962e-05,2.3544249999999777e-05,1.5495750000000174e-05
0.04,1.840749999999997e-05,2.3226749999999928e-05,1.4831749999999911e-05
0.06,1.7317499999999937e-05,2.2700000000000064e-05,1.3918249999999785e-05
0.08,1.62064999999999e-05,2.185750000000008e-05,1.3116750000000121e-05
0.1,1.4922499999999849e-05,2.104899999999998e-05,1.2444999999999817e-05
0.12,1.3459250000000256e-05,2.0694000000000138e-05,1.1701499999999983e-05
0.14,1.2059999999999935e-05,1.945999999999979e-05,1.049249999999992e-05
0.16,1.0557499999999968e-05,1.746924999999986e-05,9.315999999999882e-06
0.18,9.028249999999986e-06,1.606099999999994e-05,8.470000000000439e-06
0.2,7.647499999999903e-06,1.4781749999999991e-05,7.427499999999908e-06
0.22,6.264249999999834e-06,1.3488249999999953e-05,6.354999999999772e-06
0.24,4.828249999999992e-06,1.2187500000000046e-05,5.440000000000002e-06
0.26,3.5417499999999564e-06,1.0807500000000218e-05,4.556750000000217e-06
0.28,2.4134999999998914e-06,9.443999999999945e-06,3.6157500000000373e-06
0.3,1.1939999999999347e-06,8.17324999999986e-06,2.73000000000005e-06
0.32,9.400000000017901e-08,6.78849999999993e-06,1.882500000000096e-06
0.34,8.499999999999393e-07,5.4785000000001204e-06,1.141749999999898e-06
0.36,1.7475000000000303e-06,4.374999999999822e-06,4.0324999999981695e-07
0.38,2.7849999999999403e-06,3.1107500000000007e-06,3.7750000000014335e-07
0.4,3.8807499999999814e-06,2.0190000000000225e-06,8.890000000000113e-07
0.42,4.63824999999982e-06,1.1050000000001597e-06,1.4509999999999697e-06
0.44,4.9349999999999655e-06,1.342500000000267e-07,2.289250000000022e-06
0.46,5.454250000000091e-06,8.13250000000201e-07,2.7939999999999736e-06
0.48,6.13749999999998e-06,1.6299999999998607e-06,2.954249999999976e-06
0.5,6.626499999999981e-06,2.2567499999999983e-06,3.3117500000000213e-06
0.52,7.185750000000086e-06,3.0892499999998248e-06,3.748249999999901e-06
0.54,7.669999999999769e-06,3.840750000000002e-06,4.10675000000007e-06
0.56,7.984250000000245e-06,4.328250000000143e-06,4.412500000000033e-06
0.58,8.352499999999619e-06,4.854249999999751e-06,4.594999999999599e-06
0.6,8.769498587570073e-06,5.221156779660543e-06,4.736215536722931e-06
-0.6,5.8179314971751155e-05,1.3678614406780268e-05,2.115530988700551e-05
-0.58,1.68167500000007e-05,7.970825000000068e-05,3.0748500000000534e-05
-0.56,0.00010398999999999999,0.00014148925000000015,8.616499999999981e-05
-0.54,0.0001038374999999998,0.0001181442499999998,8.055824999999997e-05
-0.52,7.829574999999997e-05,8.398249999999998e-05,6.130674999999994e-05
-0.5,5.6012499999999986e-05,5.7775749999999966e-05,4.3831750000000074e-05
-0.48,3.8455999999999864e-05,3.908324999999974e-05,3.025824999999989e-05
-0.46,2.5556750000000185e-05,2.5760999999999796e-05,2.019750000000018e-05
-0.44,1.6180000000000187e-05,1.6017500000000068e-05,1.2914999999999845e-05
-0.42,9.083249999999876e-06,8.851499999999995e-06,7.414999999999982e-06
-0.4,3.538250000000064e-06,3.6175000000002004e-06,3.043249999999968e-06
-0.38,3.424999999997007e-08,3.7900000000000433e-07,4.084999999998725e-07
-0.36,2.852499999999973e-06,3.4975000000002626e-06,2.9264999999998372e-06
-0.34,5.82399999999976e-06,6.224249999999855e-06,4.8507500000000755e-06
-0.32,8.171749999999998e-06,8.313999999999717e-06,6.539999999999975e-06
-0.3,1.0114250000000389e-05,9.994250000000234e-06,7.980750000000135e-06
-0.28,1.1720750000000042e-05,1.1643500000000154e-05,9.141000000000054e-06
-0.26,1.3390749999999882e-05,1.3204000000000167e-05,1.0024249999999839e-05
-0.24,1.494425000000011e-05,1.4668250000000101e-05,1.100749999999968e-05
-0.22,1.6350000000000045e-05,1.5974999999999887e-05,1.2130749999999992e-05
-0.2,1.771500000000018e-05,1.7208250000000196e-05,1.3017500000000104e-05
-0.18,1.876174999999999e-05,1.84409999999999e-05,1.366249999999996e-05
-0.16,1.9610749999999805e-05,1.9619999999999924e-05,1.4483250000000116e-05
-0.14,2.0344249999999916e-05,2.0775000000000004e-05,1.5327500000000046e-05
-0.12,2.083075000000015e-05,2.177850000000003e-05,1.580424999999999e-05
-0.1,2.1104000000000088e-05,2.2355749999999983e-05,1.613000000000005e-05
-0.08,2.1444999999999928e-05,2.325000000000005e-05,1.6425750000000072e-05
-0.06,2.2550000000000087e-05,2.3725750000000087e-05,1.646000000000026e-05
-0.04,2.334750000000012e-05,2.341750000000014e-05,1.635575000000027e-05
-0.02,2.112675000000004e-05,2.4474249999999892e-05,1.7287500000000115e-05
0.0,1.9021749999999964e-05,2.5899999999999925e-05,1.7916749999999804e-05
0.02,1.8750749999999925e-05,2.369424999999997e-05,1.595250000000002e-05
0.04,1.8098249999999897e-05,2.147325000000002e-05,1.4287499999999934e-05
0.06,1.718849999999975e-05,2.144999999999968e-05,1.3819999999999891e-05
0.08,1.6121750000000056e-05,2.0637499999999953e-05,1.3102500000000033e-05
0.1,1.4982500000000143e-05,1.9732499999999906e-05,1.2483499999999936e-05
0.12,1.365575000000026e-05,1.8950750000000256e-05,1.1489999999999851e-05
0.14,1.2159999999999992e-05,1.8068999999999898e-05,1.0510750000000072e-05
0.16,1.0813500000000096e-05,1.6936750000000203e-05,9.612500000000159e-06
0.18,9.475750000000147e-06,1.5650000000000082e-05,8.61425000000019e-06
0.2,7.919999999999802e-06,1.4274249999999752e-05,7.742499999999555e-06
0.22,6.4674999999999715e-06,1.2800000000000094e-05,6.718250000000044e-06
0.24,5.053999999999996e-06,1.1545749999999997e-05,5.649250000000234e-06
0.26,3.7342499999998974e-06,1.0355999999999994e-05,4.821749999999944e-06
0.28,2.4167500000001323e-06,9.03500000000012e-06,4.010000000000038e-06
0.3,1.3407499999998872e-06,7.697499999999823e-06,2.988249999999861e-06
0.32,4.592499999998313e-07,6.450750000000114e-06,2.0714999999999276e-06
0.34,6.449999999998558e-07,5.119000000000044e-06,1.3442499999999965e-06
0.36,1.6950000000001252e-06,3.869249999999963e-06,5.560000000000807e-07
0.38,2.5750000000001032e-06,2.8217500000001124e-06,2.0175000000005952e-07
0.4,3.429999999999796e-06,1.669250000000018e-06,9.86750000000168e-07
0.42,4.216750000000068e-06,5.750000000002715e-07,1.6674999999998549e-06
0.44,4.925999999999932e-06,2.99250000000131e-07,2.1892500000001824e-06
0.46,5.6199999999998005e-06,1.1532500000001333e-06,2.7957500000001367e-06
0.48,6.20150000000012e-06,2.0249999999999e-06,3.3539999999999005e-06
0.5,6.820749999999869e-06,2.7492500000001092e-06,3.8625000000000465e-06
0.52,7.345000000000181e-06,3.4174999999998703e-06,4.3517499999999164e-06
0.54,7.80575000000009e-06,4.179999999999896e-06,4.678499999999884e-06
0.56,8.199250000000052e-06,4.734250000000247e-06,4.934250000000143e-06
0.58,8.566749999999821e-06,5.234249999999663e-06,5.199999999999693e-06
0.6,8.940801271185794e-06,5.668576271186001e-06,5.43434180790943e-06
-0.6,5.695394449152513e-05,9.230949152542415e-06,2.295226836158135e-05
-0.58,1.7499250000000766e-05,7.648325000000076e-05,2.9524000000000607e-05
-0.56,0.00010383750000000002,0.0001399600000000004,8.681750000000005e-05
-0.54,0.00010490825,0.00011781174999999982,8.232599999999997e-05
-0.52,8.313424999999977e-05,8.408249999999982e-05,6.27882499999999e-05
-0.5,6.431850000000001e-05,5.794075000000007e-05,4.489324999999993e-05
-0.48,4.2096499999999884e-05,4.0186e-05,3.1597499999999916e-05
-0.46,2.3483249999999792e-05,2.8756750000000046e-05,2.405074999999989e-05
-0.44,1.4371000000000002e-05,1.7698999999999927e-05,1.5458499999999832e-05
-0.42,7.661749999999991e-06,8.066499999999886e-06,6.803500000000058e-06
-0.4,2.7550000000001185e-06,2.8599999999999286e-06,2.5107500000000945e-06
-0.38,1.0985000000001115e-06,1.1850000000001183e-06,8.610000000000041e-07
-0.36,4.235000000000003e-06,4.274000000000075e-06,3.3332499999999803e-06
-0.34,6.7500000000000285e-06,6.676499999999901e-06,5.361500000000121e-06
-0.32,8.842500000000178e-06,8.731749999999925e-06,6.965000000000053e-06
-0.3,1.0650750000000108e-05,1.0479250000000172e-05,8.29999999999993e-06
-0.28,1.2106000000000226e-05,1.2053250000000019e-05,9.380000000000022e-06
-0.26,1.374500000000012e-05,1.3678249999999692e-05,1.0400999999999943e-05
-0.24,1.5357500000000085e-05,1.4915999999999801e-05,1.1469249999999931e-05
-0.22,1.6593249999999945e-05,1.613500000000002e-05,1.2239000000000043e-05
-0.2,1.7821500000000066e-05,1.759575000000028e-05,1.3425750000000108e-05
-0.18,1.887099999999995e-05,1.8869999999999824e-05,1.4306749999999776e-05
-0.16,1.980350000000005e-05,2.1312499999999847e-05,1.4643499999999901e-05
-0.14,2.0587500000000033e-05,2.1763500000000118e-05,1.548175000000017e-05
-0.12,2.1082499999999912e-05,2.1030750000000046e-05,1.6103250000000036e-05
-0.1,2.152399999999998e-05,2.206075e-05,1.646500000000023e-05
-0.08,2.1683250000000074e-05,2.280174999999985e-05,1.6744999999999868e-05
-0.06,2.1437499999999972e-05,2.3164250000000082e-05,1.6733250000000198e-05
-0.04,2.1241750000000224e-05,2.3167500000000106e-05,1.6725750000000025e-05
-0.02,2.095349999999994e-05,2.327574999999994e-05,1.6384250000000015e-05
0.0,2.03982499999999e-05,2.3155750000000003e-05,1.6055000000000062e-05
0.02,1.9684000000000064e-05,2.2710750000000043e-05,1.579574999999991e-05
0.04,1.8744249999999877e-05,2.2278499999999878e-05,1.5214999999999847e-05
0.06,1.7643499999999866e-05,2.1653499999999904e-05,1.4525749999999863e-05
0.08,1.642650000000011e-05,2.083500000000008e-05,1.3947500000000002e-05
0.1,1.5111500000000114e-05,2.0039000000000124e-05,1.3062499999999836e-05
0.12,1.3867500000000043e-05,1.901900000000011e-05,1.1987499999999932e-05
0.14,1.2545999999999998e-05,1.7835999999999807e-05,1.1103499999999891e-05
0.16,1.1144250000000126e-05,1.669924999999988e-05,1.0118499999999886e-05
0.18,9.718250000000008e-06,1.5471500000000145e-05,9.065750000000197e-06
0.2,8.219999999999972e-06,1.4117500000000076e-05,7.967499999999954e-06
0.22,6.845749999999937e-06,1.2704249999999969e-05,7.0292500000000615e-06
0.24,5.652500000000258e-06,1.1343249999999899e-05,6.113999999999989e-06
0.26,4.64099999999989e-06,1.0051749999999892e-05,5.112500000000212e-06
0.28,3.131750000000006e-06,9.046750000000223e-06,4.273500000000121e-06
0.3,1.5382500000000153e-06,8.18150000000007e-06,3.6240000000000317e-06
0.32,3.3650000000025673e-07,6.354999999999772e-06,2.5140000000001186e-06
0.34,7.007500000000017e-07,4.518499999999967e-06,1.281749999999934e-06
0.36,1.5965000000001464e-06,3.493250000000331e-06,4.835000000000776e-07
0.38,2.5067500000000315e-06,2.4590000000000115e-06,2.8924999999997356e-07
0.4,3.268500000000018e-06,1.2599999999996728e-06,1.0235000000001233e-06
0.42,4.129999999999976e-06,1.9750000000012813e-07,1.661500000000194e-06
0.44,4.928249999999832e-06,6.724999999999093e-07,2.3690000000001123e-06
0.46,5.5882500000000324e-06,1.5465000000000097e-06,2.990000000000024e-06
0.48,6.2382499999998585e-06,2.2449999999998946e-06,3.478500000000072e-06
0.5,6.905999999999883e-06,2.9484999999999668e-06,4.154249999999788e-06
0.52,7.478499999999952e-06,3.6932500000000108e-06,4.592499999999831e-06
0.54,8.060749999999877e-06,4.3899999999999495e-06,4.8667500000001106e-06
0.56,8.478250000000217e-06,4.99500000000026e-06,5.367500000000433e-06
0.58,8.614249999999973e-06,5.444999999999756e-06,5.598249999999756e-06
0.6,8.69849999999999e-06,5.6585000000001035e-06,5.536500000000039e-06
