V,IDS 150,IDS 151,IDS 152
-0.6,9.194297e-05,9.79615e-05,9.226703e-05
-0.58,9.255757e-05,9.822047e-05,9.277727e-05
-0.56,9.256463e-05,9.81281e-05,9.278827e-05
-0.54,9.247293e-05,9.798137e-05,9.271963e-05
-0.52,9.232533e-05,9.77976e-05,9.260397e-05
-0.5,9.21501e-05,9.759167e-05,9.245687e-05
-0.48,9.195513e-05,9.736847e-05,9.229223e-05
-0.46,9.17433e-05,9.71373e-05,9.21184e-05
-0.44,9.151633e-05,9.689133e-05,9.192977e-05
-0.42,9.128583e-05,9.66425e-05,9.173717e-05
-0.4,9.104943e-05,9.638563e-05,9.15321e-05
-0.38,9.0807e-05,9.612523e-05,9.132547e-05
-0.36,9.05561e-05,9.585173e-05,9.111767e-05
-0.34,9.030763e-05,9.557767e-05,9.09038e-05
-0.32,9.00551e-05,9.530393e-05,9.06881e-05
-0.3,8.98035e-05,9.502543e-05,9.047183e-05
-0.28,8.954773e-05,9.474977e-05,9.024917e-05
-0.26,8.92942e-05,9.447023e-05,9.003393e-05
-0.24,8.903913e-05,9.41858e-05,8.98158e-05
-0.22,8.87925e-05,9.389333e-05,8.960163e-05
-0.2,8.85445e-05,9.360713e-05,8.938713e-05
-0.18,8.829913e-05,9.332013e-05,8.91782e-05
-0.16,8.805993e-05,9.302833e-05,8.897553e-05
-0.14,8.78306e-05,9.273437e-05,8.877313e-05
-0.12,8.760473e-05,9.24433e-05,8.856827e-05
-0.1,8.738367e-05,9.2148e-05,8.837613e-05
-0.08,8.716903e-05,9.18568e-05,8.81873e-05
-0.06,8.696903e-05,9.156367e-05,8.80153e-05
-0.04,8.678083e-05,9.12758e-05,8.784427e-05
-0.02,8.659757e-05,9.098767e-05,8.768027e-05
0.0,8.643107e-05,9.07022e-05,8.75313e-05
0.02,8.628023e-05,9.041647e-05,8.738523e-05
0.04,8.614273e-05,9.014343e-05,8.725497e-05
0.06,8.602223e-05,8.987663e-05,8.713063e-05
0.08,8.591317e-05,8.961533e-05,8.701823e-05
0.1,8.58219e-05,8.936557e-05,8.69161e-05
0.12,8.57428e-05,8.911857e-05,8.68249e-05
0.14,8.567617e-05,8.887927e-05,8.674153e-05
0.16,8.562377e-05,8.86493e-05,8.666783e-05
0.18,8.556723e-05,8.838043e-05,8.65895e-05
0.2,8.55231e-05,8.817557e-05,8.651377e-05
0.22,8.55056e-05,8.79851e-05,8.64664e-05
0.24,8.549867e-05,8.779737e-05,8.642263e-05
0.26,8.54894e-05,8.762007e-05,8.63815e-05
0.28,8.549467e-05,8.745873e-05,8.634587e-05
0.3,8.549887e-05,8.73056e-05,8.63116e-05
0.32,8.55103e-05,8.71619e-05,8.628033e-05
0.34,8.5525e-05,8.70285e-05,8.625847e-05
0.36,8.555527e-05,8.690323e-05,8.62413e-05
0.38,8.559133e-05,8.678453e-05,8.622363e-05
0.4,8.562983e-05,8.667837e-05,8.62092e-05
0.42,8.56768e-05,8.658433e-05,8.620183e-05
0.44,8.573103e-05,8.650233e-05,8.620007e-05
0.46,8.579237e-05,8.6434e-05,8.62003e-05
0.48,8.586393e-05,8.637437e-05,8.620477e-05
0.5,8.593723e-05,8.631877e-05,8.621483e-05
0.52,8.601533e-05,8.6275e-05,8.622933e-05
0.54,8.610337e-05,8.624927e-05,8.625423e-05
0.56,8.619767e-05,8.622763e-05,8.628037e-05
0.58,8.629923e-05,8.6222e-05,8.631617e-05
0.6,8.640073e-05,8.622333e-05,8.63566e-05
-0.6,9.068357e-05,9.500883e-05,9.113637e-05
-0.58,9.159073e-05,9.61949e-05,9.20002e-05
-0.56,9.180513e-05,9.64591e-05,9.222193e-05
-0.54,9.18349e-05,9.65075e-05,9.227643e-05
-0.52,9.177763e-05,9.646313e-05,9.224223e-05
-0.5,9.169077e-05,9.63571e-05,9.215733e-05
-0.48,9.154157e-05,9.62129e-05,9.204027e-05
-0.46,9.137053e-05,9.60392e-05,9.18963e-05
-0.44,9.11793e-05,9.584823e-05,9.173933e-05
-0.42,9.09829e-05,9.563493e-05,9.15729e-05
-0.4,9.077023e-05,9.541037e-05,9.139137e-05
-0.38,9.055077e-05,9.517753e-05,9.120113e-05
-0.36,9.032193e-05,9.49375e-05,9.100313e-05
-0.34,9.009e-05,9.469303e-05,9.08039e-05
-0.32,8.98586e-05,9.44382e-05,9.059737e-05
-0.3,8.96186e-05,9.4182e-05,9.039773e-05
-0.28,8.93781e-05,9.392687e-05,9.018367e-05
-0.26,8.914083e-05,9.366743e-05,8.997457e-05
-0.24,8.891297e-05,9.33988e-05,8.977053e-05
-0.22,8.868083e-05,9.313e-05,8.956327e-05
-0.2,8.844707e-05,9.28588e-05,8.93608e-05
-0.18,8.82188e-05,9.259327e-05,8.915663e-05
-0.16,8.799063e-05,9.231507e-05,8.89519e-05
-0.14,8.776447e-05,9.20383e-05,8.875387e-05
-0.12,8.754813e-05,9.176243e-05,8.85566e-05
-0.1,8.733903e-05,9.148863e-05,8.836157e-05
-0.08,8.713393e-05,9.120987e-05,8.816853e-05
-0.06,8.69375e-05,9.094253e-05,8.798123e-05
-0.04,8.6747e-05,9.067327e-05,8.780167e-05
-0.02,8.657543e-05,9.04034e-05,8.763017e-05
0.0,8.641083e-05,9.013787e-05,8.746523e-05
0.02,8.625337e-05,8.987127e-05,8.730943e-05
0.04,8.61074e-05,8.9614e-05,8.71585e-05
0.06,8.597997e-05,8.936187e-05,8.70147e-05
0.08,8.58629e-05,8.911893e-05,8.68806e-05
0.1,8.576317e-05,8.887563e-05,8.674837e-05
0.12,8.56698e-05,8.864213e-05,8.662867e-05
0.14,8.55913e-05,8.841937e-05,8.652177e-05
0.16,8.552407e-05,8.820533e-05,8.64217e-05
0.18,8.546553e-05,8.799317e-05,8.633023e-05
0.2,8.54178e-05,8.77997e-05,8.62502e-05
0.22,8.53881e-05,8.761047e-05,8.617473e-05
0.24,8.536087e-05,8.743547e-05,8.610707e-05
0.26,8.53388e-05,8.726867e-05,8.60475e-05
0.28,8.532827e-05,8.71069e-05,8.598373e-05
0.3,8.532607e-05,8.696137e-05,8.595317e-05
0.32,8.53356e-05,8.683197e-05,8.591823e-05
0.34,8.535533e-05,8.67078e-05,8.58879e-05
0.36,8.538083e-05,8.659813e-05,8.586813e-05
0.38,8.54158e-05,8.64989e-05,8.585203e-05
0.4,8.546127e-05,8.64167e-05,8.584803e-05
0.42,8.551247e-05,8.633767e-05,8.584763e-05
0.44,8.556703e-05,8.626943e-05,8.585377e-05
0.46,8.563077e-05,8.621397e-05,8.58683e-05
0.48,8.57023e-05,8.61394e-05,8.588713e-05
0.5,8.57726e-05,8.611177e-05,8.590487e-05
0.52,8.586037e-05,8.60932e-05,8.595013e-05
0.54,8.595603e-05,8.608803e-05,8.59956e-05
0.56,8.606093e-05,8.60884e-05,8.604373e-05
0.58,8.61768e-05,8.610403e-05,8.61092e-05
0.6,8.629133e-05,8.61291e-05,8.61728e-05
-0.6,9.069667e-05,9.43985e-05,9.104973e-05
-0.58,9.165877e-05,9.566293e-05,9.197813e-05
-0.56,9.188503e-05,9.596487e-05,9.222803e-05
-0.54,9.192303e-05,9.60461e-05,9.228987e-05
-0.52,9.187293e-05,9.60191e-05,9.226613e-05
-0.5,9.176783e-05,9.592757e-05,9.21889e-05
-0.48,9.162397e-05,9.578857e-05,9.20733e-05
-0.46,9.14558e-05,9.562297e-05,9.193297e-05
-0.44,9.126773e-05,9.543077e-05,9.177613e-05
-0.42,9.106887e-05,9.522273e-05,9.160347e-05
-0.4,9.085747e-05,9.500897e-05,9.142303e-05
-0.38,9.06397e-05,9.478283e-05,9.12348e-05
-0.36,9.041887e-05,9.454743e-05,9.10376e-05
-0.34,9.018647e-05,9.43064e-05,9.08371e-05
-0.32,8.9952e-05,9.405987e-05,9.062923e-05
-0.3,8.971553e-05,9.38068e-05,9.042307e-05
-0.28,8.9484e-05,9.35551e-05,9.021277e-05
-0.26,8.924627e-05,9.330137e-05,9.000307e-05
-0.24,8.90066e-05,9.30382e-05,8.979497e-05
-0.22,8.876983e-05,9.27789e-05,8.958457e-05
-0.2,8.85361e-05,9.2504e-05,8.938053e-05
-0.18,8.830827e-05,9.223543e-05,8.917327e-05
-0.16,8.807733e-05,9.196867e-05,8.89626e-05
-0.14,8.785417e-05,9.16996e-05,8.8761e-05
-0.12,8.763897e-05,9.143187e-05,8.8558e-05
-0.1,8.742727e-05,9.116157e-05,8.836e-05
-0.08,8.72239e-05,9.08945e-05,8.81611e-05
-0.06,8.70233e-05,9.06278e-05,8.796817e-05
-0.04,8.68315e-05,9.03634e-05,8.77869e-05
-0.02,8.6647e-05,9.010057e-05,8.760887e-05
0.0,8.647443e-05,8.983883e-05,8.743497e-05
0.02,8.631347e-05,8.95544e-05,8.72588e-05
0.04,8.613927e-05,8.930857e-05,8.70884e-05
0.06,8.601287e-05,8.906767e-05,8.694267e-05
0.08,8.58886e-05,8.883383e-05,8.680563e-05
0.1,8.577647e-05,8.859823e-05,8.6677e-05
0.12,8.567507e-05,8.83744e-05,8.655317e-05
0.14,8.55925e-05,8.81609e-05,8.644053e-05
0.16,8.55179e-05,8.79547e-05,8.633387e-05
0.18,8.545037e-05,8.776097e-05,8.623697e-05
0.2,8.539847e-05,8.757263e-05,8.61438e-05
0.22,8.53556e-05,8.739383e-05,8.606887e-05
0.24,8.532157e-05,8.722823e-05,8.599453e-05
0.26,8.529847e-05,8.70722e-05,8.592727e-05
0.28,8.52844e-05,8.692523e-05,8.586843e-05
0.3,8.527847e-05,8.678997e-05,8.582287e-05
0.32,8.52795e-05,8.666307e-05,8.577747e-05
0.34,8.529317e-05,8.65535e-05,8.574543e-05
0.36,8.53128e-05,8.645417e-05,8.571997e-05
0.38,8.534453e-05,8.636477e-05,8.57053e-05
0.4,8.53836e-05,8.62863e-05,8.569617e-05
0.42,8.542903e-05,8.621763e-05,8.56987e-05
0.44,8.548027e-05,8.616403e-05,8.570627e-05
0.46,8.554467e-05,8.611693e-05,8.572823e-05
0.48,8.56231e-05,8.607947e-05,8.575457e-05
0.5,8.570667e-05,8.605293e-05,8.578943e-05
0.52,8.58007e-05,8.603947e-05,8.58302e-05
0.54,8.589623e-05,8.603627e-05,8.588283e-05
0.56,8.600143e-05,8.604263e-05,8.59438e-05
0.58,8.61158e-05,8.606783e-05,8.60095e-05
0.6,8.623243e-05,8.60993e-05,8.60795e-05
-0.6,9.071947e-05,9.405997e-05,9.10254e-05
-0.58,9.1716e-05,9.535573e-05,9.19826e-05
-0.56,9.196597e-05,9.56715e-05,9.22428e-05
-0.54,9.201857e-05,9.575203e-05,9.231257e-05
-0.52,9.197337e-05,9.572353e-05,9.22957e-05
-0.5,9.186783e-05,9.563263e-05,9.221997e-05
-0.48,9.172943e-05,9.550257e-05,9.211033e-05
-0.46,9.15623e-05,9.534413e-05,9.197333e-05
-0.44,9.13811e-05,9.51875e-05,9.18189e-05
-0.42,9.120273e-05,9.498487e-05,9.166853e-05
-0.4,9.099513e-05,9.477083e-05,9.14842e-05
-0.38,9.077237e-05,9.45391e-05,9.12936e-05
-0.36,9.054953e-05,9.430473e-05,9.10993e-05
-0.34,9.03155e-05,9.40658e-05,9.089647e-05
-0.32,9.007903e-05,9.381513e-05,9.0692e-05
-0.3,8.984433e-05,9.35643e-05,9.04797e-05
-0.28,8.960763e-05,9.330617e-05,9.027117e-05
-0.26,8.93654e-05,9.30464e-05,9.005683e-05
-0.24,8.91295e-05,9.27894e-05,8.98436e-05
-0.22,8.88936e-05,9.25308e-05,8.96289e-05
-0.2,8.86581e-05,9.226413e-05,8.941963e-05
-0.18,8.842473e-05,9.199797e-05,8.920653e-05
-0.16,8.81995e-05,9.173537e-05,8.899483e-05
-0.14,8.797067e-05,9.146977e-05,8.878917e-05
-0.12,8.774823e-05,9.1204e-05,8.85812e-05
-0.1,8.753613e-05,9.09399e-05,8.838043e-05
-0.08,8.73214e-05,9.067463e-05,8.81863e-05
-0.06,8.71198e-05,9.041727e-05,8.799157e-05
-0.04,8.692647e-05,9.01587e-05,8.78001e-05
-0.02,8.674277e-05,8.990083e-05,8.761817e-05
0.0,8.656873e-05,8.964957e-05,8.743643e-05
0.02,8.6403e-05,8.93973e-05,8.726747e-05
0.04,8.624843e-05,8.915213e-05,8.71089e-05
0.06,8.610253e-05,8.891597e-05,8.695223e-05
0.08,8.597233e-05,8.868113e-05,8.68068e-05
0.1,8.585283e-05,8.84547e-05,8.667117e-05
0.12,8.574477e-05,8.823383e-05,8.654197e-05
0.14,8.564963e-05,8.80201e-05,8.641903e-05
0.16,8.556907e-05,8.781843e-05,8.63069e-05
0.18,8.549817e-05,8.762757e-05,8.619923e-05
0.2,8.543303e-05,8.744087e-05,8.61049e-05
0.22,8.53825e-05,8.726547e-05,8.601887e-05
0.24,8.53422e-05,8.71006e-05,8.593697e-05
0.26,8.531097e-05,8.69548e-05,8.586457e-05
0.28,8.5289e-05,8.68101e-05,8.580037e-05
0.3,8.52769e-05,8.66732e-05,8.575113e-05
0.32,8.527153e-05,8.65387e-05,8.569513e-05
0.34,8.526163e-05,8.643563e-05,8.56479e-05
0.36,8.5281e-05,8.634277e-05,8.56246e-05
0.38,8.53116e-05,8.62608e-05,8.560903e-05
0.4,8.534957e-05,8.618477e-05,8.559833e-05
0.42,8.539577e-05,8.612373e-05,8.559897e-05
0.44,8.54524e-05,8.606837e-05,8.561143e-05
0.46,8.551677e-05,8.60336e-05,8.563317e-05
0.48,8.558513e-05,8.60056e-05,8.565867e-05
0.5,8.566673e-05,8.599103e-05,8.570117e-05
0.52,8.575767e-05,8.5984e-05,8.5747e-05
0.54,8.58563e-05,8.599147e-05,8.580113e-05
0.56,8.596453e-05,8.600817e-05,8.58646e-05
0.58,8.608323e-05,8.603757e-05,8.59354e-05
0.6,8.620493e-05,8.607397e-05,8.601313e-05
