V,gm 150,gm 151,gm 152
-0.6,1.747849999999992e-05,5.0096499999999956e-05,2.536300000000006e-05
-0.58,1.8893249999999947e-05,4.192924999999988e-05,2.2813249999999977e-05
-0.56,2.0255000000000056e-05,3.2528500000000046e-05,1.9474250000000096e-05
-0.54,2.01235000000001e-05,3.065575000000002e-05,1.828250000000006e-05
-0.52,2.0010749999999924e-05,2.9482500000000008e-05,1.7684249999999993e-05
-0.5,1.983249999999991e-05,2.8549249999999977e-05,1.718574999999995e-05
-0.48,1.9644250000000062e-05,2.7745749999999957e-05,1.676249999999998e-05
-0.46,1.94665e-05,2.702399999999995e-05,1.6429250000000073e-05
-0.44,1.9218250000000022e-05,2.6347499999999978e-05,1.6012500000000044e-05
-0.42,1.8883500000000037e-05,2.5788500000000067e-05,1.5670000000000018e-05
-0.4,1.848500000000005e-05,2.5330000000000057e-05,1.5310749999999972e-05
-0.38,1.8132499999999976e-05,2.4852499999999966e-05,1.4989250000000006e-05
-0.36,1.770824999999999e-05,2.4427499999999996e-05,1.4645000000000033e-05
-0.34,1.7268999999999987e-05,2.4038249999999966e-05,1.4233999999999959e-05
-0.32,1.683675000000004e-05,2.3621749999999967e-05,1.3878249999999968e-05
-0.3,1.6329250000000016e-05,2.3238249999999946e-05,1.3485000000000038e-05
-0.28,1.583174999999988e-05,2.289575000000003e-05,1.3101749999999994e-05
-0.26,1.5294999999999968e-05,2.247925000000003e-05,1.268599999999998e-05
-0.24,1.4705749999999987e-05,2.211574999999989e-05,1.223175000000001e-05
-0.22,1.4118250000000007e-05,2.1756749999999984e-05,1.1776499999999971e-05
-0.2,1.3484249999999999e-05,2.1346000000000104e-05,1.1290000000000009e-05
-0.18,1.2792499999999976e-05,2.0895750000000035e-05,1.0761749999999958e-05
-0.16,1.2140000000000057e-05,2.052149999999997e-05,1.022324999999999e-05
-0.14,1.1365000000000051e-05,2.0146750000000005e-05,9.653250000000015e-06
-0.12,1.0534000000000032e-05,1.9516750000000006e-05,9.046749999999952e-06
-0.1,9.737499999999959e-06,1.8787500000000043e-05,8.396750000000017e-06
-0.08,8.842500000000016e-06,1.814424999999997e-05,7.720000000000014e-06
-0.06,7.868500000000021e-06,1.7558250000000014e-05,7.035750000000001e-06
-0.04,6.862500000000065e-06,1.6854000000000066e-05,6.315750000000049e-06
-0.02,5.960749999999989e-06,1.6064250000000018e-05,5.50250000000001e-06
0.0,4.945999999999976e-06,1.5279249999999964e-05,4.74249999999997e-06
0.02,3.913250000000005e-06,1.444249999999999e-05,4.0484999999999935e-06
0.04,3.0140000000000223e-06,1.3647500000000048e-05,3.313250000000045e-06
0.06,2.2399999999999786e-06,1.2793250000000015e-05,2.6432500000000123e-06
0.08,1.4999999999999823e-06,1.1919999999999954e-05,2.0724999999999433e-06
0.1,7.009999999999785e-07,1.1039999999999976e-05,1.5567499999999813e-06
0.12,2.9999999999984466e-08,1.0107500000000038e-05,1.0760000000000825e-06
0.14,3.7850000000005067e-07,9.694999999999994e-06,8.2249999999994e-07
0.16,5.357500000000058e-07,9.29749999999997e-06,7.582500000000397e-07
0.18,1.2389999999999385e-06,7.877500000000055e-06,1.6000000000002557e-07
0.2,2.080000000000007e-06,6.514249999999976e-06,5.182500000000556e-07
0.22,2.457500000000042e-06,9.518250000000003e-06,7.310000000000172e-07
0.24,2.7857499999999792e-06,8.105000000000059e-06,9.242499999999429e-07
0.26,3.0442499999999836e-06,3.124999999999981e-06,1.0965000000000258e-06
0.28,3.364999999999911e-06,2.742499999999976e-06,1.2774999999999484e-06
0.3,3.7200000000000254e-06,2.3035000000000026e-06,1.4742499999999834e-06
0.32,3.97850000000003e-06,1.6700000000000026e-06,1.6442500000000038e-06
0.34,4.221750000000038e-06,1.1864999999999792e-06,1.8132500000000626e-06
0.36,4.508999999999926e-06,7.975000000000343e-07,2.0274999999999937e-06
0.38,4.857499999999992e-06,2.924999999999976e-07,2.2624999999999534e-06
0.4,5.198499999999994e-06,1.3174999999998735e-07,2.4574999999999337e-06
0.42,5.464999999999962e-06,5.332500000000207e-07,2.6117500000000043e-06
0.44,5.741499999999979e-06,1.0242499999999996e-06,2.8189999999999877e-06
0.46,6.073250000000025e-06,1.57425000000004e-06,3.0417499999999984e-06
0.48,6.440999999999988e-06,2.034999999999949e-06,3.309249999999982e-06
0.5,6.792499999999993e-06,2.397500000000019e-06,3.575000000000019e-06
0.52,7.130750000000033e-06,2.8364999999999922e-06,3.806750000000009e-06
0.54,7.427499999999962e-06,3.3414999999999747e-06,4.043999999999977e-06
0.56,7.64325000000008e-06,3.820000000000082e-06,4.268250000000011e-06
0.58,7.844250000000046e-06,4.3199999999999315e-06,4.539999999999926e-06
0.6,8.188948587570591e-06,4.842316949152487e-06,4.875804237288094e-06
-0.6,1.925850903954779e-05,1.1315479661017092e-05,2.6522500847457652e-05
-0.58,1.5629999999999876e-05,1.302499999999995e-05,2.1085999999999913e-05
-0.56,1.3843500000000207e-05,1.7094250000000027e-05,1.6402500000000167e-05
-0.54,1.6152499999999917e-05,2.0497500000000025e-05,1.6761499999999965e-05
-0.52,1.726575000000007e-05,2.2067499999999917e-05,1.6734249999999942e-05
-0.5,1.791900000000003e-05,2.2803499999999905e-05,1.663925000000002e-05
-0.48,1.8279999999999967e-05,2.3116500000000062e-05,1.6537500000000016e-05
-0.46,1.8442500000000032e-05,2.3203250000000046e-05,1.6455750000000002e-05
-0.44,1.8404999999999984e-05,2.310674999999999e-05,1.618399999999998e-05
-0.42,1.820599999999994e-05,2.303825000000005e-05,1.589174999999996e-05
-0.4,1.7981750000000015e-05,2.2933250000000023e-05,1.5605999999999986e-05
-0.38,1.7716500000000094e-05,2.264675000000001e-05,1.519999999999999e-05
-0.36,1.7350000000000015e-05,2.2514250000000148e-05,1.4799000000000073e-05
-0.34,1.6935999999999948e-05,2.2187499999999963e-05,1.4458249999999993e-05
-0.32,1.671149999999999e-05,2.1509999999999975e-05,1.428099999999994e-05
-0.3,1.6321500000000084e-05,2.107325000000001e-05,1.3938500000000022e-05
-0.28,1.5662500000000008e-05,2.0806750000000097e-05,1.3218249999999985e-05
-0.26,1.4942500000000001e-05,2.0450999999999998e-05,1.2664999999999974e-05
-0.24,1.4250999999999956e-05,2.0065749999999976e-05,1.2295000000000003e-05
-0.22,1.3762499999999962e-05,1.9644999999999992e-05,1.1898250000000072e-05
-0.2,1.3218250000000039e-05,1.9160749999999984e-05,1.1470000000000024e-05
-0.18,1.2638499999999991e-05,1.870075000000006e-05,1.0954250000000008e-05
-0.16,1.1965000000000066e-05,1.820750000000002e-05,1.0429250000000036e-05
-0.14,1.1263250000000048e-05,1.7680749999999937e-05,9.931500000000032e-06
-0.12,1.0533249999999938e-05,1.722999999999997e-05,9.438999999999975e-06
-0.1,9.751749999999993e-06,1.6655999999999984e-05,8.89850000000003e-06
-0.08,8.983500000000013e-06,1.604674999999996e-05,8.351750000000014e-06
-0.06,8.170750000000037e-06,1.5467500000000082e-05,7.818250000000016e-06
-0.04,7.295750000000083e-06,1.479500000000001e-05,7.222500000000041e-06
-0.02,6.372499999999994e-06,1.4108250000000012e-05,6.622499999999973e-06
0.0,5.589999999999979e-06,1.343675000000001e-05,5.981749999999994e-06
0.02,4.782500000000004e-06,1.2704250000000023e-05,5.360750000000028e-06
0.04,3.959999999999955e-06,1.1914999999999929e-05,4.781499999999988e-06
0.06,3.2242499999999446e-06,1.1178249999999903e-05,4.17350000000001e-06
0.08,2.4175000000000086e-06,1.0407499999999991e-05,3.568500000000025e-06
0.1,1.7239999999999313e-06,9.586749999999998e-06,3.039999999999944e-06
0.12,1.0882500000000315e-06,9.735750000000067e-06,2.5190000000000347e-06
0.14,4.7674999999999844e-07,8.762499999999949e-06,1.988249999999945e-06
0.16,5.000000000002832e-08,6.860749999999956e-06,1.5034999999999831e-06
0.18,5.832499999999948e-07,6.140750000000004e-06,1.0892500000000472e-06
0.2,1.080750000000076e-06,5.430999999999969e-06,6.832499999999972e-07
0.22,1.5717500000000007e-06,4.749249999999995e-06,2.4999999999997897e-07
0.24,2.01999999999993e-06,4.050000000000071e-06,1.350000000000114e-07
0.26,2.359249999999986e-06,3.4382500000000073e-06,5.310000000000124e-07
0.28,2.78425000000001e-06,2.8539999999999967e-06,8.482500000000473e-07
0.3,3.234000000000017e-06,2.124249999999972e-06,1.189999999999926e-06
0.32,3.6015000000000027e-06,1.4599999999999488e-06,1.5792500000000103e-06
0.34,3.938499999999996e-06,9.750000000000644e-07,1.887500000000012e-06
0.36,4.328500000000011e-06,4.7674999999999844e-07,2.239250000000048e-06
0.38,4.757500000000044e-06,8.749999999996825e-08,2.5939999999999687e-06
0.4,5.168249999999979e-06,1.567500000000015e-07,2.9532499999999602e-06
0.42,5.548999999999984e-06,9.774999999999953e-07,3.3492500000000154e-06
0.44,5.7549999999999745e-06,1.9289999999999607e-06,3.6457499999999676e-06
0.46,6.244249999999953e-06,2.3917500000000098e-06,3.7182499999999707e-06
0.48,6.934250000000029e-06,2.8259999999999895e-06,4.179250000000019e-06
0.5,7.31175000000001e-06,3.239249999999964e-06,4.7992500000000235e-06
0.52,7.593999999999982e-06,3.6475000000000223e-06,5.0742499999999625e-06
0.54,7.896500000000028e-06,4.117499999999996e-06,5.250750000000031e-06
0.56,8.157500000000018e-06,4.478250000000011e-06,5.425750000000076e-06
0.58,8.303499999999986e-06,4.817500000000013e-06,5.6567499999999726e-06
0.6,8.560633192090246e-06,5.28694152542366e-06,5.948237288135558e-06
-0.6,1.7914112570621395e-05,1.178102457627091e-05,2.4300915254237302e-05
-0.58,1.4764249999999987e-05,1.1987499999999932e-05,1.909424999999986e-05
-0.56,1.3426750000000123e-05,1.4507500000000037e-05,1.4834250000000005e-05
-0.54,1.5803249999999974e-05,1.832325000000008e-05,1.5668250000000017e-05
-0.52,1.7037500000000082e-05,2.044649999999998e-05,1.6037500000000058e-05
-0.5,1.7736749999999898e-05,2.1352499999999935e-05,1.6177499999999985e-05
-0.48,1.813825000000004e-05,2.1766000000000103e-05,1.613325000000002e-05
-0.46,1.8341500000000014e-05,2.2004999999999963e-05,1.6037500000000004e-05
-0.44,1.8306750000000036e-05,2.213149999999995e-05,1.5847500000000048e-05
-0.42,1.8201750000000063e-05,2.1973250000000086e-05,1.5573250000000094e-05
-0.4,1.7988250000000063e-05,2.180750000000005e-05,1.530575e-05
-0.38,1.7612499999999974e-05,2.1662499999999937e-05,1.4974249999999986e-05
-0.36,1.7260000000000008e-05,2.1341749999999955e-05,1.4587499999999995e-05
-0.34,1.6901749999999978e-05,2.102349999999996e-05,1.4258249999999988e-05
-0.32,1.6447500000000008e-05,2.0659249999999997e-05,1.3869250000000043e-05
-0.3,1.6003250000000034e-05,2.0176500000000067e-05,1.3462499999999955e-05
-0.28,1.552925000000005e-05,1.974075000000001e-05,1.3077499999999964e-05
-0.26,1.4950749999999942e-05,1.936424999999999e-05,1.263499999999999e-05
-0.24,1.4340749999999986e-05,1.898824999999998e-05,1.2234249999999996e-05
-0.22,1.3726750000000022e-05,1.850574999999997e-05,1.1770000000000031e-05
-0.2,1.3223499999999986e-05,1.7956000000000016e-05,1.1275750000000028e-05
-0.18,1.266424999999999e-05,1.752250000000002e-05,1.0872499999999995e-05
-0.16,1.1985000000000001e-05,1.7113250000000055e-05,1.0384249999999978e-05
-0.14,1.1307500000000013e-05,1.6510000000000016e-05,9.851000000000065e-06
-0.12,1.0600749999999971e-05,1.596000000000003e-05,9.349999999999983e-06
-0.1,9.858999999999975e-06,1.543600000000002e-05,8.833250000000006e-06
-0.08,9.060749999999956e-06,1.545250000000001e-05,8.244999999999986e-06
-0.06,8.261000000000076e-06,1.4693999999999992e-05,7.660000000000045e-06
-0.04,7.696750000000055e-06,1.3286749999999979e-05,7.093250000000039e-06
-0.02,7.170750000000013e-06,1.2738500000000048e-05,6.745750000000043e-06
0.0,6.002499999999968e-06,1.2152499999999982e-05,6.342500000000009e-06
0.02,4.771750000000024e-06,1.140825e-05,5.4384999999999785e-06
0.04,4.003250000000013e-06,1.0678249999999945e-05,4.639999999999983e-06
0.06,3.349999999999946e-06,1.0029249999999972e-05,4.105749999999946e-06
0.08,2.6135000000000047e-06,9.255000000000005e-06,3.53075e-06
0.1,1.941499999999995e-06,8.454999999999986e-06,3.0182499999999537e-06
0.12,1.3550000000000302e-06,7.734250000000049e-06,2.571750000000025e-06
0.14,7.349999999999718e-07,6.9774999999999785e-06,2.1192499999999476e-06
0.16,1.665000000000195e-07,6.209999999999983e-06,1.5982500000000384e-06
0.18,3.732499999999951e-07,5.398250000000022e-06,1.1292500000000265e-06
0.2,8.750000000000077e-07,4.705750000000015e-06,7.499999999999911e-07
0.22,1.3242500000000068e-06,4.1407500000000094e-06,6.075000000000243e-07
0.24,1.7399999999999664e-06,3.5100000000000257e-06,1.482499999999761e-07
0.26,2.1414999999999455e-06,2.8210000000000734e-06,8.367499999999747e-07
0.28,2.5182499999999958e-06,2.174999999999985e-06,8.717500000000379e-07
0.3,2.9792500000000444e-06,1.579999999999995e-06,1.2407499999999932e-06
0.32,3.4275000000000277e-06,9.807500000000194e-07,1.656500000000007e-06
0.34,3.813250000000003e-06,4.3400000000000296e-07,2.033500000000034e-06
0.36,4.220750000000022e-06,5.0750000000013024e-08,2.361749999999971e-06
0.38,4.663499999999973e-06,6.289999999999833e-07,2.713249999999976e-06
0.4,5.078499999999948e-06,1.2025000000000143e-06,3.1292499999999667e-06
0.42,5.460750000000031e-06,1.6710000000000184e-06,3.5417500000000106e-06
0.44,5.920750000000009e-06,2.159249999999981e-06,3.94499999999999e-06
0.46,6.079999999999996e-06,2.676500000000021e-06,4.3215000000000636e-06
0.48,6.813249999999967e-06,3.2057499999999786e-06,4.690749999999996e-06
0.5,7.555000000000018e-06,3.6367499999999885e-06,5.049999999999987e-06
0.52,7.622499999999997e-06,4.088249999999996e-06,5.348249999999994e-06
0.54,7.92824999999996e-06,4.530750000000024e-06,5.642499999999992e-06
0.56,8.229250000000036e-06,4.937500000000059e-06,5.89750000000005e-06
0.58,8.399250000000003e-06,5.3467499999999704e-06,6.031749999999968e-06
0.6,8.655811158192032e-06,5.783670480225988e-06,6.273803248587484e-06
-0.6,1.696927358757071e-05,1.162344816384186e-05,2.1509756073446107e-05
-0.58,1.4044999999999965e-05,1.1502499999999994e-05,1.7311749999999928e-05
-0.56,1.3144249999999958e-05,1.3424250000000138e-05,1.4105750000000081e-05
-0.54,1.5823249999999964e-05,1.6281749999999973e-05,1.514575000000003e-05
-0.52,1.7064249999999988e-05,1.8801499999999993e-05,1.5652500000000013e-05
-0.5,1.7090750000000026e-05,2.0803249999999988e-05,1.582749999999995e-05
-0.48,1.7610000000000043e-05,2.1267500000000006e-05,1.5570749999999946e-05
-0.46,1.8583499999999975e-05,2.1483500000000046e-05,1.5612500000000034e-05
-0.44,1.8498999999999946e-05,2.1572500000000038e-05,1.5746750000000006e-05
-0.42,1.827399999999998e-05,2.1383249999999904e-05,1.5497499999999958e-05
-0.4,1.8081750000000017e-05,2.1194999999999894e-05,1.5202500000000084e-05
-0.38,1.7733499999999982e-05,2.096999999999993e-05,1.4860000000000058e-05
-0.36,1.730075000000008e-05,2.06710000000001e-05,1.4545749999999961e-05
-0.34,1.6890000000000036e-05,2.0411750000000057e-05,1.4184249999999907e-05
-0.32,1.6444249999999984e-05,1.9910749999999975e-05,1.3775999999999958e-05
-0.3,1.5976499999999965e-05,1.937649999999994e-05,1.3348250000000026e-05
-0.28,1.5495000000000027e-05,1.903075000000005e-05,1.2947500000000031e-05
-0.26,1.4943500000000017e-05,1.863424999999999e-05,1.2542499999999997e-05
-0.24,1.4411749999999966e-05,1.8129250000000006e-05,1.2044000000000009e-05
-0.22,1.3862500000000018e-05,1.770000000000005e-05,1.1588499999999992e-05
-0.2,1.3211500000000014e-05,1.7230000000000023e-05,1.1160000000000022e-05
-0.18,1.2595749999999941e-05,1.669924999999988e-05,1.0693249999999964e-05
-0.16,1.1950000000000047e-05,1.617575000000004e-05,1.0225000000000045e-05
-0.14,1.1270750000000058e-05,1.5645000000000004e-05,9.703250000000043e-06
-0.12,1.0629999999999971e-05,1.506599999999994e-05,9.134249999999974e-06
-0.1,9.865000000000015e-06,1.4440000000000004e-05,8.605999999999978e-06
-0.08,9.081750000000015e-06,1.3882500000000008e-05,8.079250000000006e-06
-0.06,8.322500000000014e-06,1.3277500000000132e-05,7.505749999999975e-06
-0.04,7.534250000000044e-06,1.2635000000000044e-05,6.963250000000052e-06
-0.02,6.73350000000004e-06,1.1976499999999976e-05,6.438249999999972e-06
0.0,5.963249999999974e-06,1.1321500000000017e-05,5.8667500000000265e-06
0.02,5.132499999999985e-06,1.0662499999999995e-05,5.290000000000026e-06
0.04,4.329249999999996e-06,9.947499999999959e-06,4.661499999999942e-06
0.06,3.6264999999999627e-06,9.234249999999923e-06,4.1274999999999906e-06
0.08,2.91075000000005e-06,8.471750000000006e-06,3.6050000000000036e-06
0.1,2.2334999999999846e-06,7.944999999999979e-06,3.0599999999999334e-06
0.12,1.5474999999999712e-06,7.139999999999989e-06,2.5950000000000387e-06
0.14,9.675000000000005e-07,6.181749999999999e-06,2.0909999999999635e-06
0.16,4.567500000000088e-07,5.53499999999998e-06,1.612500000000073e-06
0.18,8.92500000000229e-08,4.95249999999997e-06,1.1525000000000944e-06
0.2,6.310000000000148e-07,4.793249999999983e-06,7.217499999999529e-07
0.22,1.1000000000000267e-06,3.882500000000036e-06,2.8075000000000235e-07
0.24,1.396499999999979e-06,2.6085000000000344e-06,9.749999999996307e-08
0.26,1.5942499999999755e-06,2.061500000000041e-06,2.60000000000028e-07
0.28,2.2784999999999884e-06,1.5182500000000257e-06,5.332500000000207e-07
0.3,3.052500000000032e-06,9.792499999999415e-07,1.197500000000044e-06
0.32,3.407499999999984e-06,4.4500000000001353e-07,1.8260000000000194e-06
0.34,3.7924999999999743e-06,1.082499999999968e-07,2.22249999999992e-06
0.36,4.215749999999998e-06,6.42499999999979e-07,2.595749999999969e-06
0.38,4.6439999999999915e-06,1.1434999999999527e-06,2.977500000000044e-06
0.4,5.030749999999982e-06,1.5974999999999995e-06,3.36249999999998e-06
0.42,5.431750000000008e-06,2.1082500000000454e-06,3.794250000000029e-06
0.44,5.906000000000021e-06,2.624999999999969e-06,4.13074999999996e-06
0.46,6.323250000000004e-06,3.0992499999999822e-06,4.475750000000026e-06
0.48,6.7625000000000085e-06,3.5667499999999706e-06,4.891749999999962e-06
0.5,7.205999999999944e-06,3.997500000000004e-06,5.284999999999947e-06
0.52,7.650749999999981e-06,4.456500000000021e-06,5.624999999999988e-06
0.54,7.990750000000022e-06,4.890000000000016e-06,5.870750000000035e-06
0.56,8.22325000000005e-06,5.334250000000045e-06,6.13425000000001e-06
0.58,8.44575000000003e-06,5.7107499999999554e-06,6.308499999999962e-06
0.6,8.510000000000018e-06,5.834999999999999e-06,6.3349999999999936e-06
