V,gm 150,gm 151,gm 152
-0.6,3.280499999999999e-05,6.564000000000004e-05,4.069699999999997e-05
-0.58,2.614249999999995e-05,4.982500000000003e-05,2.9896749999999944e-05
-0.56,1.8460750000000076e-05,3.18657500000001e-05,1.7630750000000126e-05
-0.54,1.6932500000000055e-05,2.847574999999996e-05,1.537824999999995e-05
-0.52,1.6100999999999973e-05,2.6378500000000032e-05,1.4134250000000042e-05
-0.5,1.5548249999999917e-05,2.4787499999999918e-05,1.3331749999999983e-05
-0.48,1.5097500000000057e-05,2.3464999999999966e-05,1.2670000000000053e-05
-0.46,1.4681000000000058e-05,2.3327500000000024e-05,1.2105750000000032e-05
-0.44,1.4221499999999979e-05,2.2548999999999963e-05,1.1630749999999926e-05
-0.42,1.3794999999999986e-05,2.090000000000002e-05,1.112142500000004e-05
-0.4,1.3383500000000012e-05,2.014675000000006e-05,1.0670925000000049e-05
-0.38,1.2891249999999932e-05,1.943349999999997e-05,1.0307075000000007e-05
-0.36,1.2452424999999964e-05,1.8730000000000005e-05,9.938149999999996e-06
-0.34,1.2061325000000035e-05,1.8108999999999985e-05,9.569500000000024e-06
-0.32,1.1611324999999997e-05,1.752075000000002e-05,9.16759999999999e-06
-0.3,1.1140599999999993e-05,1.7005000000000004e-05,8.813425000000021e-06
-0.28,1.067599999999999e-05,1.6520999999999973e-05,8.472899999999991e-06
-0.26,1.0215899999999978e-05,1.6042499999999974e-05,8.09675000000001e-06
-0.24,9.775000000000007e-06,1.5561499999999936e-05,7.717174999999972e-06
-0.22,9.277100000000006e-06,1.5109249999999998e-05,7.343499999999995e-06
-0.2,8.753574999999995e-06,1.4675000000000018e-05,6.962075000000004e-06
-0.18,8.260324999999981e-06,1.422824999999995e-05,6.5406499999999795e-06
-0.16,7.720350000000025e-06,1.3799250000000025e-05,6.122924999999997e-06
-0.14,7.168925000000014e-06,1.3349249999999987e-05,5.6982500000000026e-06
-0.12,6.607999999999988e-06,1.2884999999999915e-05,5.271174999999976e-06
-0.1,5.971399999999988e-06,1.2334825000000031e-05,4.85592499999997e-06
-0.08,5.329249999999966e-06,1.1727250000000009e-05,4.336249999999998e-06
-0.06,4.672500000000034e-06,1.1152849999999969e-05,3.764825000000051e-06
-0.04,4.011325000000029e-06,1.0580924999999987e-05,3.2595750000000373e-06
-0.02,3.3716749999999917e-06,9.996250000000021e-06,2.790249999999996e-06
0.0,2.734674999999991e-06,9.39349999999999e-06,2.287824999999997e-06
0.02,2.152175000000008e-06,8.744574999999989e-06,1.8285999999999845e-06
0.04,1.5788999999999723e-06,8.12015000000002e-06,1.3999999999999798e-06
0.06,1.0087499999999723e-06,7.504999999999963e-06,9.902499999999792e-07
0.08,4.984249999999901e-07,6.8906749999999965e-06,6.386750000000028e-07
0.1,3.040000000001245e-08,6.492675000000045e-06,2.907499999999972e-07
0.12,3.654999999999815e-07,6.053575000000011e-06,2.692499999999297e-08
0.14,4.2390000000002825e-07,5.129149999999954e-06,1.1900000000000343e-07
0.16,7.601749999999914e-07,4.32542500000002e-06,1.6217500000000832e-07
0.18,1.3747499999999888e-06,3.841600000000021e-06,6.991750000000067e-07
0.2,1.6533250000000355e-06,3.374999999999987e-06,8.049249999999913e-07
0.22,1.8480999999999934e-06,2.9160750000000227e-06,9.001750000000002e-07
0.24,2.0271749999999913e-06,2.425750000000003e-06,9.936500000000002e-07
0.26,2.2158249999999747e-06,1.949325000000007e-06,1.122324999999996e-06
0.28,2.4072499999999828e-06,1.5360750000000054e-06,1.2265999999999926e-06
0.3,2.607674999999997e-06,1.1674249999999798e-06,1.3275750000000294e-06
0.32,2.745900000000024e-06,7.606000000000008e-07,1.4296500000000076e-06
0.34,2.9049999999999866e-06,3.931749999999863e-07,1.5139999999999858e-06
0.36,3.127174999999991e-06,6.290000000000917e-08,1.6297499999999923e-06
0.38,3.3553999999999984e-06,2.2760000000001117e-07,1.7360999999999917e-06
0.4,3.555749999999987e-06,5.172500000000127e-07,1.8453500000000043e-06
0.42,3.7451749999999908e-06,8.433249999999671e-07,1.9858250000000125e-06
0.44,3.981424999999997e-06,1.1430000000000262e-06,2.1073999999999995e-06
0.46,4.215324999999988e-06,1.4174999999999843e-06,2.2456750000000164e-06
0.48,4.4268249999999845e-06,1.7201500000000008e-06,2.372924999999987e-06
0.5,4.697250000000017e-06,2.0334250000000355e-06,2.532324999999998e-06
0.52,4.942750000000006e-06,2.3003499999999855e-06,2.677674999999988e-06
0.54,5.139749999999991e-06,2.588574999999962e-06,2.797925000000011e-06
0.56,5.350825000000059e-06,2.9083250000000362e-06,3.0096500000000026e-06
0.58,5.502749999999987e-06,3.215324999999964e-06,3.20789999999998e-06
0.6,5.737780466101658e-06,3.5860361158190604e-06,3.4446649293785098e-06
-0.6,5.002560936440668e-05,5.272869269773992e-05,5.84158435451977e-05
-0.58,3.2924999999999946e-05,3.6490999999999987e-05,3.85667499999999e-05
-0.56,1.614750000000011e-05,2.0926750000000143e-05,1.8047500000000047e-05
-0.54,1.552325000000001e-05,2.0775749999999934e-05,1.5724e-05
-0.52,1.5174999999999976e-05,2.052750000000001e-05,1.4492500000000018e-05
-0.5,1.4916749999999948e-05,2.017175000000002e-05,1.364749999999994e-05
-0.48,1.4650750000000043e-05,1.9751749999999966e-05,1.2953249999999986e-05
-0.46,1.4341500000000025e-05,1.9283250000000016e-05,1.2378499999999963e-05
-0.44,1.3984249999999957e-05,1.877399999999994e-05,1.187425000000002e-05
-0.42,1.3545000000000007e-05,1.8242499999999973e-05,1.1438250000000039e-05
-0.4,1.3153250000000046e-05,1.773100000000005e-05,1.099392499999993e-05
-0.38,1.2718500000000004e-05,1.7233249999999993e-05,1.0545574999999967e-05
-0.36,1.2233575000000036e-05,1.6878999999999972e-05,1.0115250000000052e-05
-0.34,1.1873175000000005e-05,1.6392499999999955e-05,9.766924999999991e-06
-0.32,1.1522999999999964e-05,1.5720000000000046e-05,9.42274999999999e-06
-0.3,1.0985075000000003e-05,1.521350000000004e-05,8.89757500000004e-06
-0.28,1.0433850000000032e-05,1.4742499999999942e-05,8.460075000000009e-06
-0.26,9.99517499999998e-06,1.4234999999999975e-05,8.10267499999997e-06
-0.24,9.57007499999995e-06,1.3782499999999951e-05,7.737924999999974e-06
-0.22,9.08282500000003e-06,1.342575e-05,7.39467499999999e-06
-0.2,8.573825000000011e-06,1.2923499999999979e-05,7.012000000000034e-06
-0.18,8.10049999999996e-06,1.2384249999999972e-05,6.651500000000023e-06
-0.16,7.597675000000042e-06,1.2008250000000015e-05,6.281574999999969e-06
-0.14,7.0910750000000564e-06,1.1520674999999957e-05,5.891649999999979e-06
-0.12,6.5659999999999775e-06,1.099167499999995e-05,5.520674999999974e-06
-0.1,5.990174999999994e-06,1.0517000000000008e-05,5.115675000000021e-06
-0.08,5.436249999999997e-06,1.0005400000000025e-05,4.70107500000002e-06
-0.06,4.879175000000038e-06,9.462900000000048e-06,4.293000000000021e-06
-0.04,4.3101750000000235e-06,8.925925000000004e-06,3.896425000000014e-06
-0.02,3.745075000000011e-06,8.439425000000014e-06,3.5088250000000045e-06
0.0,3.165575000000021e-06,7.92800000000001e-06,3.1078250000000332e-06
0.02,2.5979999999999775e-06,7.347674999999982e-06,2.706849999999989e-06
0.04,2.0513249999999596e-06,6.812674999999988e-06,2.3007499999999593e-06
0.06,1.5804250000000044e-06,6.289400000000008e-06,1.9044999999999544e-06
0.08,1.1042499999999852e-06,5.730749999999999e-06,1.5586749999999872e-06
0.1,6.74399999999988e-07,5.20284999999996e-06,1.2375000000000233e-06
0.12,2.8667500000001704e-07,4.6722500000000026e-06,9.030750000000134e-07
0.14,9.782500000001968e-08,4.140575000000004e-06,6.173249999999865e-07
0.16,4.3482499999998613e-07,3.625249999999997e-06,3.732499999999951e-07
0.18,7.495749999999817e-07,3.127825000000023e-06,1.3375000000001884e-07
0.2,1.0413500000000303e-06,2.663499999999979e-06,1.30000000000014e-07
0.22,1.3256750000000049e-06,2.191350000000004e-06,4.0757499999999076e-07
0.24,1.579749999999964e-06,1.7096500000000252e-06,6.463249999999823e-07
0.26,1.814500000000001e-06,1.295000000000007e-06,8.16749999999985e-07
0.28,2.047324999999978e-06,9.542500000000087e-07,9.956750000000131e-07
0.3,2.3089250000000094e-06,6.109999999999709e-07,1.2244250000000099e-06
0.32,2.5507499999999925e-06,2.2484999999999498e-07,1.4336749999999706e-06
0.34,2.7984000000000103e-06,1.1342499999997258e-07,1.6301750000000017e-06
0.36,3.057825000000005e-06,4.512499999999764e-07,1.8401499999999929e-06
0.38,3.298999999999983e-06,6.824250000000141e-07,2.0595000000000097e-06
0.4,3.5508499999999967e-06,7.736750000000142e-07,2.267250000000001e-06
0.42,3.6486750000000164e-06,1.2711499999999785e-06,2.267750000000009e-06
0.44,3.975574999999981e-06,1.8407499999999806e-06,2.5356000000000033e-06
0.46,4.474500000000006e-06,2.067850000000011e-06,2.9974999999999793e-06
0.48,4.722325000000002e-06,2.3110750000000107e-06,3.1660000000000303e-06
0.5,4.969325000000015e-06,2.593899999999989e-06,3.3134999999999946e-06
0.52,5.236499999999969e-06,2.878350000000006e-06,3.4923249999999886e-06
0.54,5.47159999999999e-06,3.1696749999999825e-06,3.6518250000000063e-06
0.56,5.671175000000067e-06,3.4490750000000395e-06,3.745425000000049e-06
0.58,5.807574999999959e-06,3.6766749999999693e-06,3.829249999999984e-06
0.6,6.042443785310633e-06,3.967184929378513e-06,4.0185920903954024e-06
-0.6,5.00072172316383e-05,5.045520490112973e-05,5.515732316384173e-05
-0.58,3.270249999999991e-05,3.4217499999999914e-05,3.607649999999991e-05
-0.56,1.5814250000000093e-05,1.869325000000016e-05,1.6588250000000083e-05
-0.54,1.5306750000000017e-05,1.8798250000000023e-05,1.4711750000000027e-05
-0.52,1.5003999999999994e-05,1.8824249999999944e-05,1.3724999999999968e-05
-0.5,1.4775750000000005e-05,1.863424999999999e-05,1.3099249999999954e-05
-0.48,1.454925000000007e-05,1.8330750000000035e-05,1.2561750000000002e-05
-0.46,1.4264250000000029e-05,1.7968249999999965e-05,1.2026500000000004e-05
-0.44,1.3884250000000009e-05,1.7594249999999985e-05,1.1561499999999947e-05
-0.42,1.3499250000000018e-05,1.715175000000001e-05,1.1148924999999986e-05
-0.4,1.3127499999999992e-05,1.670075000000001e-05,1.073042500000001e-05
-0.38,1.2650749999999994e-05,1.622074999999999e-05,1.0305900000000013e-05
-0.36,1.2198575000000027e-05,1.569000000000006e-05,9.872899999999998e-06
-0.34,1.1825175000000008e-05,1.5225999999999966e-05,9.50775e-06
-0.32,1.1331424999999959e-05,1.4714249999999958e-05,9.111000000000015e-06
-0.3,1.0805325000000018e-05,1.4184000000000093e-05,8.674425000000028e-06
-0.28,1.0380075000000018e-05,1.3725000000000022e-05,8.316249999999997e-06
-0.26,9.95492499999997e-06,1.3262500000000004e-05,7.944749999999975e-06
-0.24,9.48174999999997e-06,1.2810749999999965e-05,7.563749999999966e-06
-0.22,9.012500000000036e-06,1.2337499999999968e-05,7.212424999999994e-06
-0.2,8.568175000000009e-06,1.1860924999999975e-05,6.79767500000005e-06
-0.18,8.050999999999967e-06,1.1408674999999983e-05,6.421499999999952e-06
-0.16,7.551575000000016e-06,1.094590000000006e-05,6.104674999999981e-06
-0.14,7.0715750000000476e-06,1.0451250000000057e-05,5.705325000000057e-06
-0.12,6.521924999999991e-06,9.974999999999958e-06,5.316000000000001e-06
-0.1,5.997000000000017e-06,9.577500000000042e-06,4.974499999999991e-06
-0.08,5.469074999999996e-06,9.343599999999996e-06,4.5806499999999915e-06
-0.06,5.043925000000003e-06,8.711750000000017e-06,4.315750000000027e-06
-0.04,4.632850000000038e-06,7.904650000000043e-06,4.0678500000000326e-06
-0.02,3.875250000000003e-06,7.431249999999994e-06,3.4856749999999978e-06
0.0,3.1263249999999992e-06,6.926349999999992e-06,2.932400000000006e-06
0.02,2.641150000000001e-06,6.454824999999986e-06,2.566825000000026e-06
0.04,2.16732499999997e-06,5.956750000000007e-06,2.2321749999999665e-06
0.06,1.6926749999999558e-06,5.435000000000005e-06,1.9082499999999863e-06
0.08,1.2087500000000043e-06,4.934324999999979e-06,1.5508249999999937e-06
0.1,7.649249999999849e-07,4.421749999999989e-06,1.2264249999999872e-06
0.12,4.2674999999999723e-07,3.948075000000009e-06,9.381750000000022e-07
0.14,7.265000000000006e-08,3.440824999999964e-06,6.409000000000026e-07
0.16,2.8840000000000896e-07,2.970000000000007e-06,3.6067499999998956e-07
0.18,6.004999999999682e-07,2.5266750000000227e-06,1.215000000000157e-07
0.2,8.914999999999965e-07,2.044849999999974e-06,1.203500000000301e-07
0.22,1.1715750000000126e-06,1.6508249999999962e-06,3.659999999999894e-07
0.24,1.4297500000000146e-06,1.2801500000000118e-06,5.914999999999892e-07
0.26,1.6922500000000277e-06,8.991750000000116e-07,8.322500000000122e-07
0.28,1.9453500000000067e-06,5.650000000000056e-07,1.0385749999999784e-06
0.3,2.1839999999999913e-06,1.8442500000000629e-07,1.2508249999999865e-06
0.32,2.431900000000013e-06,1.777499999999798e-07,1.486575000000012e-06
0.34,2.6991750000000282e-06,4.847499999999889e-07,1.7076750000000022e-06
0.36,2.9688499999999945e-06,7.89000000000036e-07,1.9381749999999723e-06
0.38,3.2373999999999836e-06,1.108600000000005e-06,2.1478999999999867e-06
0.4,3.5145749999999866e-06,1.4253249999999964e-06,2.3813250000000055e-06
0.42,3.780750000000006e-06,1.7221500000000052e-06,2.6452500000000167e-06
0.44,4.049425000000011e-06,2.0043249999999785e-06,2.879925000000028e-06
0.46,4.331750000000008e-06,2.29692500000001e-06,3.088675000000008e-06
0.48,4.66582499999998e-06,2.60742500000002e-06,3.314425000000012e-06
0.5,4.977999999999965e-06,2.8590750000000197e-06,3.5328249999999758e-06
0.52,5.232825000000017e-06,3.0794999999999965e-06,3.7278999999999817e-06
0.54,5.493999999999985e-06,3.4106749999999824e-06,3.878600000000007e-06
0.56,5.740500000000017e-06,3.738175000000016e-06,4.006850000000048e-06
0.58,5.890850000000005e-06,3.980500000000007e-06,4.126750000000006e-06
0.6,6.110748347457567e-06,4.3092586158191654e-06,4.317328997175107e-06
-0.6,4.895470927966097e-05,5.199275833333325e-05,5.275029812146887e-05
-0.58,3.207850000000001e-05,3.431574999999986e-05,3.4374249999999916e-05
-0.56,1.5669250000000087e-05,1.7088500000000018e-05,1.5725750000000055e-05
-0.54,1.5209000000000023e-05,1.7547500000000035e-05,1.4168999999999965e-05
-0.52,1.4694999999999953e-05,1.8213999999999958e-05,1.3206000000000036e-05
-0.5,1.4571749999999991e-05,1.7909249999999957e-05,1.2654249999999995e-05
-0.48,1.4630000000000014e-05,1.7581750000000005e-05,1.2318249999999963e-05
-0.46,1.4350749999999981e-05,1.7280749999999982e-05,1.1843250000000019e-05
-0.44,1.3972499999999962e-05,1.6871749999999993e-05,1.1425500000000028e-05
-0.42,1.3502499999999988e-05,1.6425000000000033e-05,1.1001325000000014e-05
-0.4,1.3070000000000063e-05,1.595749999999999e-05,1.0585499999999975e-05
-0.38,1.2608500000000006e-05,1.547499999999993e-05,1.0143499999999982e-05
-0.36,1.2162675000000037e-05,1.4976500000000049e-05,9.707500000000002e-06
-0.34,1.1767925000000028e-05,1.4485749999999993e-05,9.332924999999988e-06
-0.32,1.1314150000000004e-05,1.3992500000000005e-05,8.958925000000008e-06
-0.3,1.082390000000001e-05,1.3493500000000009e-05,8.556749999999989e-06
-0.28,1.0360749999999987e-05,1.3004999999999961e-05,8.188899999999992e-06
-0.26,9.923424999999962e-06,1.2520000000000022e-05,7.800325000000002e-06
-0.24,9.479749999999993e-06,1.206499999999996e-05,7.436499999999996e-06
-0.22,8.979325000000026e-06,1.1615824999999986e-05,7.082675000000011e-06
-0.2,8.476999999999953e-06,1.1159749999999991e-05,6.65767499999996e-06
-0.18,8.006749999999948e-06,1.0668999999999935e-05,6.30324999999996e-06
-0.16,7.5222499999999905e-06,1.0165250000000026e-05,5.944250000000027e-06
-0.14,7.033850000000058e-06,9.700600000000034e-06,5.5880000000000285e-06
-0.12,6.510100000000024e-06,9.23767499999998e-06,5.247999999999961e-06
-0.1,5.969150000000007e-06,8.756574999999988e-06,4.806249999999998e-06
-0.08,5.458749999999972e-06,8.277825000000013e-06,4.410424999999976e-06
-0.06,4.915350000000014e-06,7.802175000000037e-06,4.0631750000000375e-06
-0.04,4.355325000000051e-06,7.335575000000003e-06,3.66665000000002e-06
-0.02,3.8489999999999965e-06,6.844999999999979e-06,3.322500000000001e-06
0.0,3.314174999999981e-06,6.3144250000000035e-06,2.9826749999999926e-06
0.02,2.7724999999999874e-06,5.827250000000028e-06,2.5988999999999862e-06
0.04,2.3004999999999825e-06,5.378675000000015e-06,2.2079249999999912e-06
0.06,1.8539999999999724e-06,4.8918249999999606e-06,1.8684249999999854e-06
0.08,1.3983999999999763e-06,4.405650000000001e-06,1.5446500000000022e-06
0.1,9.68999999999997e-07,3.918924999999989e-06,1.1952500000000086e-06
0.12,5.659250000000229e-07,3.42792500000001e-06,9.162500000000067e-07
0.14,1.7400000000002917e-07,2.9529000000000035e-06,7.123249999999915e-07
0.16,1.6875000000000071e-07,2.526249999999986e-06,4.6117499999999987e-07
0.18,4.6700000000000756e-07,2.4821749999999726e-06,1.3325000000001096e-07
0.2,7.467499999999942e-07,1.9584999999999915e-06,1.4282499999999638e-07
0.22,9.434250000000036e-07,1.1293249999999979e-06,1.723250000000272e-07
0.24,1.0925749999999884e-06,7.879250000000218e-07,4.736000000000085e-07
0.26,1.5216749999999739e-06,4.6909999999999183e-07,9.678249999999758e-07
0.28,1.969249999999998e-06,1.8250000000000037e-07,1.1521500000000293e-06
0.3,2.200075000000025e-06,1.241749999999792e-07,1.361099999999969e-06
0.32,2.432249999999997e-06,4.649250000000047e-07,1.579849999999998e-06
0.34,2.6978250000000016e-06,8.110750000000014e-07,1.8085749999999863e-06
0.36,2.947849999999989e-06,1.1026749999999631e-06,2.022899999999997e-06
0.38,3.1452500000000018e-06,1.3794999999999823e-06,2.2594999999999874e-06
0.4,3.4217499999999914e-06,1.6674000000000105e-06,2.5155000000000067e-06
0.42,3.777849999999993e-06,1.9483499999999997e-06,2.7463250000000334e-06
0.44,4.072824999999994e-06,2.26999999999999e-06,3.004599999999988e-06
0.46,4.353750000000002e-06,2.5416500000000335e-06,3.229750000000004e-06
0.48,4.672674999999985e-06,2.818250000000003e-06,3.4515749999999975e-06
0.5,4.994899999999982e-06,3.121849999999964e-06,3.6869999999999937e-06
0.52,5.2777500000000224e-06,3.3990999999999926e-06,3.9074249999999976e-06
0.54,5.528425000000015e-06,3.6754000000000224e-06,4.072999999999973e-06
0.56,5.759400000000011e-06,3.900325000000043e-06,4.232825000000047e-06
0.58,5.902075000000011e-06,4.115499999999964e-06,4.36142499999999e-06
0.6,5.954000000000023e-06,4.232150000000003e-06,4.398000000000017e-06
