V,gm 150,gm 151,gm 152
-0.6,4.994084999999993e-05,4.7160499999999895e-05,5.6848849999999946e-05
-0.58,3.213434999999989e-05,3.053959999999991e-05,3.743582499999998e-05
-0.56,1.2159000000000058e-05,1.1822100000000098e-05,1.5360150000000067e-05
-0.54,9.023325000000014e-06,8.75640000000001e-06,1.1361249999999992e-05
-0.52,7.4631749999999576e-06,7.250574999999939e-06,9.217500000000011e-06
-0.5,6.428250000000004e-06,6.273999999999988e-06,7.824249999999975e-06
-0.48,5.700400000000031e-06,5.589250000000048e-06,6.820849999999984e-06
-0.46,5.174425000000025e-06,5.126174999999997e-06,6.102350000000001e-06
-0.44,4.73134999999999e-06,4.6961750000000025e-06,5.5228250000000025e-06
-0.42,4.3524999999999825e-06,4.351750000000025e-06,5.006150000000023e-06
-0.4,4.063649999999983e-06,4.068000000000002e-06,4.576924999999995e-06
-0.38,3.852750000000001e-06,3.8031749999999824e-06,4.2258499999999995e-06
-0.36,3.581250000000009e-06,3.600999999999995e-06,3.921399999999993e-06
-0.34,3.3328999999999965e-06,3.356400000000014e-06,3.616400000000015e-06
-0.32,3.150999999999984e-06,3.1456499999999755e-06,3.3274249999999997e-06
-0.3,2.9421750000000054e-06,2.984925000000028e-06,3.0744250000000006e-06
-0.28,2.715174999999982e-06,2.7470999999999995e-06,2.8556749999999987e-06
-0.26,2.485249999999991e-06,2.5320749999999668e-06,2.623574999999998e-06
-0.24,2.2359249999999984e-06,2.3430749999999725e-06,2.3582499999999973e-06
-0.22,1.995750000000009e-06,2.1138499999999764e-06,2.1151749999999945e-06
-0.2,1.7328250000000133e-06,1.8554249999999976e-06,1.877900000000018e-06
-0.18,1.4032500000000039e-06,1.5971500000000157e-06,1.5995750000000024e-06
-0.16,1.0653250000000202e-06,1.3145749999999873e-06,1.3592499999999887e-06
-0.14,7.353249999999742e-07,1.0168499999999969e-06,1.1077500000000132e-06
-0.12,3.9259999999997994e-07,7.260750000000183e-07,8.406000000000136e-07
-0.1,2.0849999999981344e-08,4.220750000000022e-07,6.071749999999947e-07
-0.08,3.3149999999998827e-07,1.0774999999998893e-07,3.309999999999804e-07
-0.06,6.934249999999704e-07,1.7874999999999554e-07,1.0042500000003894e-07
-0.04,1.0606750000000066e-06,4.802499999999993e-07,1.2959999999998602e-07
-0.02,1.353575000000005e-06,7.861749999999942e-07,3.6510000000000774e-07
0.0,1.5926750000000076e-06,1.0396499999999927e-06,5.684999999999794e-07
0.02,1.8733500000000115e-06,1.2675000000000078e-06,7.639999999999947e-07
0.04,2.1269000000000084e-06,1.480675000000006e-06,9.667500000000158e-07
0.06,2.321900000000016e-06,1.7142500000000217e-06,1.190750000000019e-06
0.08,2.4551750000000082e-06,1.9226749999999993e-06,1.3442499999999965e-06
0.1,2.570425000000007e-06,2.104324999999981e-06,1.4626500000000122e-06
0.12,2.762924999999975e-06,2.2775e-06,1.6785749999999994e-06
0.14,2.832425000000012e-06,2.3827500000000036e-06,1.9064250000000416e-06
0.16,2.815500000000014e-06,2.3762500000000096e-06,2.017249999999995e-06
0.18,3.13932499999996e-06,2.65949999999997e-06,2.321499999999988e-06
0.2,3.533650000000013e-06,3.069575e-06,2.769424999999996e-06
0.22,3.749750000000006e-06,3.2323249999999877e-06,3.0460749999999825e-06
0.24,3.965175000000012e-06,3.4002500000000053e-06,3.254899999999988e-06
0.26,4.16207499999999e-06,3.545675000000021e-06,3.508500000000002e-06
0.28,4.393074999999995e-06,3.700424999999991e-06,3.781350000000021e-06
0.3,4.678175000000017e-06,3.9141749999999954e-06,3.989249999999982e-06
0.32,4.921850000000008e-06,4.066824999999981e-06,4.192499999999984e-06
0.34,5.107425e-06,4.210824999999999e-06,4.4411000000000006e-06
0.36,5.3740750000000185e-06,4.379249999999997e-06,4.651650000000025e-06
0.38,5.617900000000006e-06,4.525424999999997e-06,4.8086500000000035e-06
0.4,5.759749999999995e-06,4.661824999999971e-06,4.9936749999999976e-06
0.42,5.9389999999999985e-06,4.791000000000029e-06,5.198424999999996e-06
0.44,6.123425000000005e-06,4.947675000000005e-06,5.332999999999998e-06
0.46,6.2658500000000274e-06,5.087650000000005e-06,5.486250000000026e-06
0.48,6.429650000000021e-06,5.216824999999982e-06,5.67007499999999e-06
0.5,6.586149999999964e-06,5.320349999999994e-06,5.778174999999963e-06
0.52,6.736100000000032e-06,5.450924999999987e-06,5.934924999999991e-06
0.54,6.85159999999998e-06,5.626074999999975e-06,6.074650000000042e-06
0.56,6.938150000000031e-06,5.764675000000048e-06,6.172750000000047e-06
0.58,7.052649999999991e-06,5.905249999999982e-06,6.312424999999999e-06
0.6,7.243420014124173e-06,6.101579096045088e-06,6.513338276836114e-06
-0.6,7.874456303672304e-05,8.124077683615801e-05,8.576462782485862e-05
-0.58,4.8209249999999854e-05,5.003367499999985e-05,5.4012674999999916e-05
-0.56,1.5305575000000077e-05,1.6304000000000026e-05,1.922307500000007e-05
-0.54,1.015557499999998e-05,1.0790650000000001e-05,1.2853399999999981e-05
-0.52,7.843074999999998e-06,8.296500000000011e-06,9.876500000000006e-06
-0.5,6.516250000000007e-06,6.88075e-06,8.144175e-06
-0.48,5.66285000000002e-06,5.942325000000021e-06,6.965100000000033e-06
-0.46,5.03250000000001e-06,5.312675000000006e-06,6.108425000000013e-06
-0.44,4.572999999999985e-06,4.989175000000008e-06,5.455575000000001e-06
-0.42,4.183925000000014e-06,4.415574999999997e-06,4.905650000000013e-06
-0.4,3.834900000000013e-06,3.889250000000007e-06,4.464999999999992e-06
-0.38,3.558074999999994e-06,3.7187500000000057e-06,4.081249999999994e-06
-0.36,3.2986749999999807e-06,3.4445749999999957e-06,3.716575000000023e-06
-0.34,3.0441750000000122e-06,3.2320999999999923e-06,3.4279999999999814e-06
-0.32,2.8074999999999964e-06,2.988174999999998e-06,3.1017499999999674e-06
-0.3,2.6707499999999846e-06,2.7942499999999775e-06,2.867424999999994e-06
-0.28,2.4775750000000302e-06,2.6309249999999836e-06,2.684425000000013e-06
-0.26,2.208074999999988e-06,2.3801500000000114e-06,2.433924999999999e-06
-0.24,1.9905999999999873e-06,2.1535749999999974e-06,2.1903249999999797e-06
-0.22,1.710924999999972e-06,1.9541750000000074e-06,1.985650000000007e-06
-0.2,1.4528250000000228e-06,1.7270750000000041e-06,1.7855000000000323e-06
-0.18,1.2133249999999923e-06,1.4721749999999805e-06,1.515425000000011e-06
-0.16,9.003249999999972e-07,1.2273500000000315e-06,1.2946750000000047e-06
-0.14,6.06675000000014e-07,9.353250000000062e-07,1.0756749999999988e-06
-0.12,2.930999999999854e-07,6.727499999999945e-07,8.420000000000031e-07
-0.1,6.242500000000983e-08,4.555750000000147e-07,6.275000000000139e-07
-0.08,3.6810000000000076e-07,1.4625000000002592e-07,4.1582499999998513e-07
-0.06,6.193249999999638e-07,1.1732500000000146e-07,1.69575000000011e-07
-0.04,9.192499999999726e-07,3.768499999999759e-07,6.207499999997179e-08
-0.02,1.2318250000000126e-06,6.405000000000017e-07,2.474999999999938e-07
0.0,1.4961499999999975e-06,8.856500000000074e-07,4.412500000000087e-07
0.02,1.743174999999992e-06,1.1295750000000018e-06,6.468250000000173e-07
0.04,1.954850000000048e-06,1.3344250000000071e-06,8.273250000000133e-07
0.06,2.128000000000004e-06,1.5322500000000021e-06,1.0156000000000314e-06
0.08,2.277250000000023e-06,1.7350749999999946e-06,1.2116749999999989e-06
0.1,2.4535750000000047e-06,1.9324999999999887e-06,1.4032500000000039e-06
0.12,2.624749999999992e-06,2.1017499999999973e-06,1.6016749999999867e-06
0.14,2.7511000000000354e-06,2.2476000000000223e-06,1.7785000000000034e-06
0.16,2.9265e-06,2.4205000000000287e-06,1.9640749999999953e-06
0.18,3.1302499999999824e-06,2.617325000000008e-06,2.2173999999999697e-06
0.2,3.2864000000000233e-06,2.7693499999999975e-06,2.462075000000003e-06
0.22,3.479649999999976e-06,2.9483249999999884e-06,2.700425000000021e-06
0.24,3.6744999999999866e-06,3.1448249999999924e-06,2.9563499999999874e-06
0.26,3.911425000000006e-06,3.3349250000000094e-06,3.208824999999997e-06
0.28,4.16235000000003e-06,3.532675000000006e-06,3.451649999999996e-06
0.3,4.403000000000019e-06,3.6981749999999826e-06,3.65217499999999e-06
0.32,4.644899999999973e-06,3.860150000000004e-06,3.930500000000006e-06
0.34,4.8636749999999835e-06,4.046749999999993e-06,4.041175000000016e-06
0.36,5.0954250000000004e-06,4.2543499999999875e-06,4.297924999999993e-06
0.38,5.32857499999998e-06,4.432149999999984e-06,4.576249999999982e-06
0.4,5.614000000000031e-06,4.581900000000038e-06,4.688674999999993e-06
0.42,5.71767500000004e-06,4.766350000000026e-06,5.039000000000004e-06
0.44,5.809824999999968e-06,4.9299249999999696e-06,5.242499999999982e-06
0.46,6.115400000000006e-06,4.970574999999981e-06,5.427899999999996e-06
0.48,6.399850000000023e-06,5.1686750000000425e-06,5.721400000000036e-06
0.5,6.5749999999999565e-06,5.4685749999999885e-06,5.8761000000000165e-06
0.52,6.7241499999999685e-06,5.6443999999999895e-06,6.003174999999982e-06
0.54,6.898500000000036e-06,5.812250000000009e-06,6.210824999999993e-06
0.56,7.0102500000000605e-06,5.935850000000036e-06,6.377750000000022e-06
0.58,7.102999999999949e-06,6.0641749999999935e-06,6.483249999999976e-06
0.6,7.291633107344605e-06,6.272507627118605e-06,6.6860961864405865e-06
-0.6,7.877719740112977e-05,8.207169576271179e-05,8.763456483050833e-05
-0.58,4.8287099999999865e-05,5.066707499999987e-05,5.4073324999999944e-05
-0.56,1.5416425000000094e-05,1.6599600000000077e-05,1.8062250000000062e-05
-0.54,1.0229649999999978e-05,1.0959250000000005e-05,1.2395924999999996e-05
-0.52,7.89889999999998e-06,8.402074999999963e-06,9.639100000000014e-06
-0.5,6.5486750000000055e-06,6.953599999999987e-06,7.991500000000006e-06
-0.48,5.633175000000011e-06,6.020825000000037e-06,6.842324999999989e-06
-0.46,5.001000000000002e-06,5.344999999999997e-06,6.023825000000003e-06
-0.44,4.540574999999987e-06,4.826674999999997e-06,5.374574999999999e-06
-0.42,4.155750000000002e-06,4.406150000000009e-06,4.826174999999989e-06
-0.4,3.8078500000000045e-06,4.038924999999954e-06,4.407174999999979e-06
-0.38,3.4919249999999877e-06,3.7030999999999815e-06,4.02732500000001e-06
-0.36,3.215824999999999e-06,3.4325750000000236e-06,3.6535000000000354e-06
-0.34,2.9867499999999727e-06,3.153649999999993e-06,3.3309250000000006e-06
-0.32,2.7884999999999954e-06,2.9666750000000117e-06,3.0350000000000006e-06
-0.3,2.546149999999996e-06,2.782749999999986e-06,2.810174999999987e-06
-0.28,2.314249999999982e-06,2.5300749999999895e-06,2.5840749999999724e-06
-0.26,2.1108500000000105e-06,2.3111749999999906e-06,2.334250000000026e-06
-0.24,1.907924999999984e-06,2.0971750000000093e-06,2.119674999999984e-06
-0.22,1.6541500000000187e-06,1.8786750000000113e-06,1.9308249999999867e-06
-0.2,1.415149999999996e-06,1.6522500000000213e-06,1.7300000000000258e-06
-0.18,1.161599999999972e-06,1.4183249999999946e-06,1.4859249999999802e-06
-0.16,8.648499999999888e-07,1.1812499999999779e-06,1.277575000000001e-06
-0.14,6.051500000000089e-07,9.26325e-07,1.0567499999999963e-06
-0.12,2.975749999999935e-07,6.557499999999979e-07,7.91600000000001e-07
-0.1,2.5574999999993398e-08,4.1660000000000546e-07,5.809000000000337e-07
-0.08,3.544249999999996e-07,1.543999999999862e-07,3.9525000000001625e-07
-0.06,6.287499999999794e-07,1.1367500000000362e-07,1.9500000000000745e-07
-0.04,8.370750000000042e-07,3.8889999999999216e-07,8.507500000000867e-08
-0.02,1.0125000000000043e-06,5.973249999999969e-07,1.648249999999904e-07
0.0,1.3325000000000012e-06,6.866000000000012e-07,4.7042500000001e-07
0.02,1.6804249999999798e-06,9.868499999999853e-07,6.50675000000002e-07
0.04,1.8870000000000041e-06,1.3542500000000184e-06,8.481500000000132e-07
0.06,2.0735000000000133e-06,1.5391500000000512e-06,1.0295749999999994e-06
0.08,2.226250000000006e-06,1.6933249999999877e-06,1.187850000000006e-06
0.1,2.410400000000027e-06,1.8904249999999794e-06,1.3640000000000093e-06
0.12,2.5969249999999904e-06,2.0858249999999878e-06,1.565324999999978e-06
0.14,2.7282500000000225e-06,2.1879250000000287e-06,1.7350749999999946e-06
0.16,2.8728249999999923e-06,2.3482500000000025e-06,1.9224249999999954e-06
0.18,3.058749999999995e-06,2.5672499999999812e-06,2.159350000000015e-06
0.2,3.2114250000000435e-06,2.7576750000000007e-06,2.3796500000000036e-06
0.22,3.346599999999979e-06,2.9175000000000208e-06,2.6522499999999914e-06
0.24,3.60664999999997e-06,3.0502499999999968e-06,2.9025000000000014e-06
0.26,3.884400000000006e-06,3.2436500000000007e-06,3.1088249999999948e-06
0.28,4.066600000000013e-06,3.450424999999985e-06,3.350849999999992e-06
0.3,4.290675000000015e-06,3.630174999999996e-06,3.5679999999999902e-06
0.32,4.522500000000003e-06,3.843649999999988e-06,3.82274999999999e-06
0.34,4.7626749999999925e-06,4.0360000000000135e-06,4.082499999999987e-06
0.36,5.030749999999982e-06,4.205750000000003e-06,4.30465000000001e-06
0.38,5.2354999999999535e-06,4.383924999999992e-06,4.520425e-06
0.4,5.439650000000018e-06,4.573850000000004e-06,4.739750000000008e-06
0.42,5.691400000000052e-06,4.774825000000016e-06,4.939650000000006e-06
0.44,5.898424999999986e-06,4.937399999999998e-06,5.1597499999999805e-06
0.46,6.143999999999974e-06,5.099500000000008e-06,5.38417500000002e-06
0.48,6.35732500000005e-06,5.301250000000013e-06,5.594999999999976e-06
0.5,6.494999999999998e-06,5.12792499999997e-06,5.804750000000026e-06
0.52,6.6656749999999775e-06,5.6222499999999715e-06,5.969350000000021e-06
0.54,6.8893500000000055e-06,6.152324999999994e-06,6.211174999999977e-06
0.56,7.027175000000059e-06,6.005500000000016e-06,6.383399999999997e-06
0.58,7.108575000000007e-06,6.161425000000007e-06,6.4706499999999615e-06
0.6,7.320770522598851e-06,6.335589025423708e-06,6.69724826271182e-06
-0.6,7.870275490112977e-05,8.132344487288122e-05,8.470039580508472e-05
-0.58,4.8426249999999855e-05,5.044199999999988e-05,5.36984249999999e-05
-0.56,1.5661075000000037e-05,1.6823000000000066e-05,1.9466075000000046e-05
-0.54,1.0339000000000024e-05,1.1051174999999992e-05,1.3037499999999985e-05
-0.52,7.957424999999988e-06,8.465399999999982e-06,1.0177425000000004e-05
-0.5,6.692999999999971e-06,7.020899999999979e-06,8.244999999999986e-06
-0.48,5.8170750000000005e-06,6.053250000000036e-06,6.914075000000007e-06
-0.46,5.029575000000015e-06,5.436249999999997e-06,6.0721500000000025e-06
-0.44,4.465099999999999e-06,4.926174999999992e-06,5.3516749999999965e-06
-0.42,4.07567499999999e-06,4.4035000000000265e-06,4.813750000000008e-06
-0.4,3.7383999999999844e-06,3.986174999999991e-06,4.3747500000000075e-06
-0.38,3.448749999999983e-06,3.673349999999974e-06,3.977174999999957e-06
-0.36,3.203174999999995e-06,3.399325000000015e-06,3.634399999999973e-06
-0.34,2.941649999999989e-06,3.1435000000000013e-06,3.330175000000016e-06
-0.32,2.7261749999999655e-06,2.9388250000000015e-06,3.044424999999989e-06
-0.3,2.5128499999999975e-06,2.706575000000004e-06,2.796399999999979e-06
-0.28,2.2900750000000053e-06,2.458174999999974e-06,2.5752499999999988e-06
-0.26,2.09457499999999e-06,2.2464999999999996e-06,2.3244250000000095e-06
-0.24,1.8349999999999714e-06,2.059424999999984e-06,2.1091750000000085e-06
-0.22,1.6013249999999757e-06,1.8648250000000046e-06,1.8745749999999955e-06
-0.2,1.3946750000000342e-06,1.6375750000000044e-06,1.6408250000000285e-06
-0.18,1.1313499999999837e-06,1.400000000000007e-06,1.4436749999999655e-06
-0.16,8.664000000000024e-07,1.1594249999999893e-06,1.2424999999999936e-06
-0.14,5.784000000000214e-07,9.03924999999978e-07,1.0297500000000048e-06
-0.12,2.914249999999834e-07,6.637500000000155e-07,8.092500000000025e-07
-0.1,3.3500000000039575e-09,3.985750000000117e-07,6.020750000000174e-07
-0.08,2.8732499999999475e-07,1.454000000000071e-07,3.82999999999986e-07
-0.06,6.046749999999825e-07,9.564999999998273e-08,1.6400000000000724e-07
-0.04,8.765999999999841e-07,3.3615000000000186e-07,5.067499999998745e-08
-0.02,1.1061749999999911e-06,5.849999999999952e-07,2.655000000000062e-07
0.0,1.357075000000006e-06,8.505000000000014e-07,4.468999999999838e-07
0.02,1.5800000000000221e-06,1.0514249999999965e-06,6.003999999999884e-07
0.04,1.7928250000000094e-06,1.2436000000000164e-06,8.021000000000308e-07
0.06,1.9990750000000042e-06,1.4598249999999975e-06,1.021675000000043e-06
0.08,2.1733499999999917e-06,1.6533250000000084e-06,1.189324999999994e-06
0.1,2.319425000000012e-06,1.8136749999999907e-06,1.349500000000025e-06
0.12,2.5148249999999662e-06,2.0011749999999885e-06,1.5299249999999954e-06
0.14,2.6231500000000157e-06,2.1490000000000094e-06,1.754500000000005e-06
0.16,2.7808250000000074e-06,2.3183249999999894e-06,1.956749999999991e-06
0.18,3.0171749999999937e-06,2.509324999999988e-06,2.1475749999999843e-06
0.2,3.1532500000000193e-06,2.6633250000000005e-06,2.327650000000025e-06
0.22,3.351675000000002e-06,2.862099999999994e-06,2.3804999999999953e-06
0.24,3.5043499999999964e-06,3.037674999999991e-06,2.678999999999979e-06
0.26,3.5175000000000083e-06,3.2033999999999904e-06,3.0860999999999974e-06
0.28,3.868824999999981e-06,3.3656750000000057e-06,3.3344250000000286e-06
0.3,4.3195750000000034e-06,3.4083500000000027e-06,3.588000000000007e-06
0.32,4.527574999999999e-06,3.6872499999999976e-06,3.8158249999999865e-06
0.34,4.768174999999998e-06,4.075249999999981e-06,4.021249999999998e-06
0.36,4.9952499999999925e-06,4.222000000000015e-06,4.25235000000001e-06
0.38,5.214399999999968e-06,4.3719000000000115e-06,4.496149999999989e-06
0.4,5.410425e-06,4.5834999999999875e-06,4.673074999999986e-06
0.42,5.652000000000006e-06,4.789674999999957e-06,4.886750000000019e-06
0.44,5.886499999999985e-06,4.945649999999965e-06,5.1382500000000215e-06
0.46,6.076424999999997e-06,5.151325000000062e-06,5.359424999999983e-06
0.48,6.305324999999963e-06,5.330924999999995e-06,5.531324999999974e-06
0.5,6.491174999999995e-06,5.5061749999999626e-06,5.756000000000017e-06
0.52,6.687174999999991e-06,5.698000000000026e-06,5.988424999999993e-06
0.54,6.900825000000015e-06,5.866574999999994e-06,6.1588249999999876e-06
0.56,7.03325000000007e-06,6.054675000000061e-06,6.3417500000000245e-06
0.58,7.175175000000004e-06,6.2308500000000184e-06,6.506424999999964e-06
0.6,7.267350000000011e-06,6.31499999999995e-06,6.585499999999984e-06
