V,IDS 150,IDS 151,IDS 152
-0.6,9.493757e-05,0.0001013707,9.488453e-05
-0.58,9.549853e-05,0.0001013607,9.53835e-05
-0.56,9.543043e-05,0.000101155,9.53641e-05
-0.54,9.52831e-05,0.0001009217,9.525163e-05
-0.52,9.509257e-05,0.000100675,9.51016e-05
-0.5,9.487453e-05,0.0001004223,9.493473e-05
-0.48,9.464507e-05,0.0001001583,9.47509e-05
-0.46,9.44049e-05,9.989257e-05,9.45667e-05
-0.44,9.416203e-05,9.962073e-05,9.437073e-05
-0.42,9.39175e-05,9.935553e-05,9.416907e-05
-0.4,9.36715e-05,9.907963e-05,9.397023e-05
-0.38,9.34224e-05,9.880573e-05,9.377027e-05
-0.36,9.317713e-05,9.85258e-05,9.357103e-05
-0.34,9.293297e-05,9.824513e-05,9.33689e-05
-0.32,9.26888e-05,9.79694e-05,9.316813e-05
-0.3,9.244207e-05,9.769183e-05,9.29654e-05
-0.28,9.220747e-05,9.741227e-05,9.27661e-05
-0.26,9.196517e-05,9.71299e-05,9.256933e-05
-0.24,9.17342e-05,9.685553e-05,9.23817e-05
-0.22,9.150317e-05,9.657497e-05,9.218703e-05
-0.2,9.127653e-05,9.62964e-05,9.20001e-05
-0.18,9.105623e-05,9.601857e-05,9.18147e-05
-0.16,9.084987e-05,9.574293e-05,9.16347e-05
-0.14,9.06442e-05,9.546777e-05,9.14616e-05
-0.12,9.04341e-05,9.519983e-05,9.129353e-05
-0.1,9.023733e-05,9.493757e-05,9.11301e-05
-0.08,9.005913e-05,9.467553e-05,9.09738e-05
-0.06,8.988167e-05,9.44181e-05,9.082217e-05
-0.04,8.97114e-05,9.41597e-05,9.06805e-05
-0.02,8.95557e-05,9.391527e-05,9.05437e-05
0.0,8.940717e-05,9.367343e-05,9.040923e-05
0.02,8.926553e-05,9.342983e-05,9.029607e-05
0.04,8.914537e-05,9.319927e-05,9.01844e-05
0.06,8.90334e-05,9.296523e-05,9.008157e-05
0.08,8.893577e-05,9.273833e-05,8.998983e-05
0.1,8.884157e-05,9.25151e-05,8.990013e-05
0.12,8.875837e-05,9.22975e-05,8.98187e-05
0.14,8.86904e-05,9.208953e-05,8.97412e-05
0.16,8.86032e-05,9.186633e-05,8.965703e-05
0.18,8.85521e-05,9.164377e-05,8.95726e-05
0.2,8.85025e-05,9.14598e-05,8.951023e-05
0.22,8.84633e-05,9.127987e-05,8.945243e-05
0.24,8.842627e-05,9.11061e-05,8.939253e-05
0.26,8.8396e-05,9.093247e-05,8.933543e-05
0.28,8.836927e-05,9.076647e-05,8.927957e-05
0.3,8.834203e-05,9.0604e-05,8.922797e-05
0.32,8.832273e-05,9.04511e-05,8.917273e-05
0.34,8.831233e-05,9.030473e-05,8.911363e-05
0.36,8.829897e-05,9.016147e-05,8.90646e-05
0.38,8.829297e-05,9.00261e-05,8.902303e-05
0.4,8.829783e-05,8.990143e-05,8.8982e-05
0.42,8.83037e-05,8.977913e-05,8.894607e-05
0.44,8.831533e-05,8.966827e-05,8.8914e-05
0.46,8.83299e-05,8.956087e-05,8.88802e-05
0.48,8.83493e-05,8.94594e-05,8.88581e-05
0.5,8.83754e-05,8.936293e-05,8.883053e-05
0.52,8.840643e-05,8.928273e-05,8.880847e-05
0.54,8.844207e-05,8.920227e-05,8.878053e-05
0.56,8.847703e-05,8.913453e-05,8.876277e-05
0.58,8.85132e-05,8.907283e-05,8.874967e-05
0.6,8.855057e-05,8.901977e-05,8.873767e-05
-0.6,9.43012e-05,9.85562e-05,9.438143e-05
-0.58,9.53418e-05,9.970753e-05,9.537963e-05
-0.56,9.546907e-05,9.983463e-05,9.55406e-05
-0.54,9.541247e-05,9.976873e-05,9.55165e-05
-0.52,9.52773e-05,9.9625e-05,9.54164e-05
-0.5,9.510087e-05,9.944253e-05,9.52721e-05
-0.48,9.489767e-05,9.923893e-05,9.510517e-05
-0.46,9.46803e-05,9.90077e-05,9.492137e-05
-0.44,9.44557e-05,9.877197e-05,9.473393e-05
-0.42,9.42249e-05,9.852697e-05,9.45423e-05
-0.4,9.39851e-05,9.827817e-05,9.43423e-05
-0.38,9.374737e-05,9.801943e-05,9.413777e-05
-0.36,9.35038e-05,9.776347e-05,9.39294e-05
-0.34,9.3265e-05,9.75047e-05,9.372937e-05
-0.32,9.302207e-05,9.723763e-05,9.352493e-05
-0.3,9.278063e-05,9.697337e-05,9.33158e-05
-0.28,9.254407e-05,9.671067e-05,9.311263e-05
-0.26,9.230893e-05,9.64543e-05,9.291323e-05
-0.24,9.20786e-05,9.619267e-05,9.27157e-05
-0.22,9.184713e-05,9.593413e-05,9.251947e-05
-0.2,9.16208e-05,9.56775e-05,9.23224e-05
-0.18,9.139917e-05,9.541453e-05,9.212703e-05
-0.16,9.118173e-05,9.515487e-05,9.193797e-05
-0.14,9.09705e-05,9.490923e-05,9.175343e-05
-0.12,9.076417e-05,9.465917e-05,9.15689e-05
-0.1,9.056507e-05,9.44068e-05,9.138713e-05
-0.08,9.036653e-05,9.416473e-05,9.12072e-05
-0.06,9.01761e-05,9.391817e-05,9.103293e-05
-0.04,8.999383e-05,9.368087e-05,9.08643e-05
-0.02,8.982603e-05,9.344117e-05,9.071027e-05
0.0,8.966453e-05,9.321213e-05,9.05524e-05
0.02,8.951343e-05,9.298293e-05,9.040603e-05
0.04,8.936657e-05,9.27612e-05,9.026173e-05
0.06,8.922917e-05,9.25391e-05,9.01197e-05
0.08,8.91022e-05,9.232303e-05,8.999043e-05
0.1,8.898477e-05,9.211743e-05,8.98676e-05
0.12,8.88787e-05,9.190973e-05,8.975033e-05
0.14,8.877987e-05,9.17129e-05,8.96375e-05
0.16,8.86841e-05,9.151687e-05,8.952953e-05
0.18,8.85984e-05,9.13294e-05,8.94226e-05
0.2,8.851717e-05,9.11493e-05,8.93226e-05
0.22,8.84527e-05,9.097493e-05,8.922717e-05
0.24,8.839127e-05,9.080387e-05,8.914473e-05
0.26,8.83384e-05,9.064767e-05,8.906247e-05
0.28,8.82934e-05,9.04928e-05,8.89858e-05
0.3,8.82552e-05,9.03452e-05,8.891237e-05
0.32,8.82193e-05,9.020063e-05,8.884417e-05
0.34,8.819637e-05,9.006087e-05,8.878477e-05
0.36,8.81752e-05,8.99378e-05,8.873107e-05
0.38,8.816723e-05,8.98142e-05,8.867933e-05
0.4,8.816183e-05,8.969987e-05,8.864503e-05
0.42,8.816083e-05,8.958143e-05,8.861517e-05
0.44,8.814903e-05,8.944567e-05,8.858053e-05
0.46,8.817047e-05,8.93601e-05,8.85402e-05
0.48,8.8198e-05,8.928357e-05,8.853057e-05
0.5,8.823213e-05,8.921337e-05,8.852713e-05
0.52,8.826543e-05,8.914633e-05,8.85233e-05
0.54,8.830993e-05,8.908893e-05,8.852317e-05
0.56,8.836363e-05,8.904397e-05,8.85284e-05
0.58,8.84165e-05,8.899993e-05,8.853947e-05
0.6,8.846767e-05,8.89654e-05,8.85457e-05
-0.6,9.446527e-05,9.78115e-05,9.44521e-05
-0.58,9.55753e-05,9.90672e-05,9.55268e-05
-0.56,9.571243e-05,9.924363e-05,9.570393e-05
-0.54,9.565067e-05,9.920807e-05,9.56852e-05
-0.52,9.55121e-05,9.908107e-05,9.557617e-05
-0.5,9.53365e-05,9.89188e-05,9.54389e-05
-0.48,9.5138e-05,9.872107e-05,9.526877e-05
-0.46,9.491447e-05,9.850307e-05,9.508467e-05
-0.44,9.4687e-05,9.827253e-05,9.489553e-05
-0.42,9.445113e-05,9.80316e-05,9.469783e-05
-0.4,9.42138e-05,9.77837e-05,9.449233e-05
-0.38,9.39728e-05,9.75331e-05,9.42865e-05
-0.36,9.372957e-05,9.728383e-05,9.408133e-05
-0.34,9.34846e-05,9.703623e-05,9.3871e-05
-0.32,9.32469e-05,9.678443e-05,9.365943e-05
-0.3,9.3009e-05,9.65287e-05,9.345103e-05
-0.28,9.27709e-05,9.627183e-05,9.32424e-05
-0.26,9.25349e-05,9.602047e-05,9.30361e-05
-0.24,9.23018e-05,9.576353e-05,9.283793e-05
-0.22,9.20693e-05,9.5509e-05,9.263883e-05
-0.2,9.18404e-05,9.525243e-05,9.243653e-05
-0.18,9.161647e-05,9.500317e-05,9.224017e-05
-0.16,9.13935e-05,9.47601e-05,9.20471e-05
-0.14,9.118053e-05,9.45148e-05,9.185477e-05
-0.12,9.09713e-05,9.427713e-05,9.166837e-05
-0.1,9.076787e-05,9.40346e-05,9.148103e-05
-0.08,9.057023e-05,9.380113e-05,9.129787e-05
-0.06,9.038007e-05,9.356257e-05,9.112023e-05
-0.04,9.0179e-05,9.3322e-05,9.09388e-05
-0.02,8.999223e-05,9.307693e-05,9.075337e-05
0.0,8.98257e-05,9.28564e-05,9.059657e-05
0.02,8.966693e-05,9.26411e-05,9.044263e-05
0.04,8.9514e-05,9.242923e-05,9.028813e-05
0.06,8.936303e-05,9.22213e-05,9.01298e-05
0.08,8.923017e-05,9.202013e-05,8.999337e-05
0.1,8.910357e-05,9.181907e-05,8.98599e-05
0.12,8.89897e-05,9.162503e-05,8.97321e-05
0.14,8.8879e-05,9.1434e-05,8.960737e-05
0.16,8.877507e-05,9.124733e-05,8.949557e-05
0.18,8.868233e-05,9.106877e-05,8.938423e-05
0.2,8.859907e-05,9.089507e-05,8.927853e-05
0.22,8.852427e-05,9.073413e-05,8.917873e-05
0.24,8.8456e-05,9.057767e-05,8.90825e-05
0.26,8.838727e-05,9.04259e-05,8.89929e-05
0.28,8.8333e-05,9.02809e-05,8.890997e-05
0.3,8.82838e-05,9.013607e-05,8.88297e-05
0.32,8.82348e-05,9.00059e-05,8.875863e-05
0.34,8.820103e-05,8.988257e-05,8.869243e-05
0.36,8.81757e-05,8.975823e-05,8.86297e-05
0.38,8.815637e-05,8.96439e-05,8.857903e-05
0.4,8.814537e-05,8.953853e-05,8.853437e-05
0.42,8.814397e-05,8.944357e-05,8.84964e-05
0.44,8.81447e-05,8.93517e-05,8.846633e-05
0.46,8.815887e-05,8.927063e-05,8.844273e-05
0.48,8.817747e-05,8.919377e-05,8.84252e-05
0.5,8.82108e-05,8.91264e-05,8.84183e-05
0.52,8.824893e-05,8.907073e-05,8.842023e-05
0.54,8.82889e-05,8.902103e-05,8.841983e-05
0.56,8.83373e-05,8.898007e-05,8.843093e-05
0.58,8.838487e-05,8.89481e-05,8.844367e-05
0.6,8.843547e-05,8.891767e-05,8.845963e-05
-0.6,9.46093e-05,9.731113e-05,9.45022e-05
-0.58,9.573367e-05,9.863577e-05,9.562763e-05
-0.56,9.587673e-05,9.88362e-05,9.580997e-05
-0.54,9.582087e-05,9.881337e-05,9.57863e-05
-0.52,9.568743e-05,9.870783e-05,9.569367e-05
-0.5,9.554173e-05,9.858227e-05,9.55732e-05
-0.48,9.533327e-05,9.838087e-05,9.539677e-05
-0.46,9.510827e-05,9.81684e-05,9.521373e-05
-0.44,9.487747e-05,9.794383e-05,9.50148e-05
-0.42,9.464263e-05,9.770747e-05,9.481303e-05
-0.4,9.440827e-05,9.74662e-05,9.460867e-05
-0.38,9.41646e-05,9.721407e-05,9.440117e-05
-0.36,9.392277e-05,9.6962e-05,9.41888e-05
-0.34,9.367833e-05,9.67098e-05,9.39792e-05
-0.32,9.3435e-05,9.64577e-05,9.376803e-05
-0.3,9.319273e-05,9.620803e-05,9.35547e-05
-0.28,9.29504e-05,9.595747e-05,9.33442e-05
-0.26,9.27144e-05,9.57045e-05,9.313653e-05
-0.24,9.24779e-05,9.54496e-05,9.292873e-05
-0.22,9.224563e-05,9.5206e-05,9.27255e-05
-0.2,9.20159e-05,9.496097e-05,9.252677e-05
-0.18,9.17953e-05,9.471693e-05,9.23297e-05
-0.16,9.15718e-05,9.447447e-05,9.21315e-05
-0.14,9.135437e-05,9.42329e-05,9.193507e-05
-0.12,9.113947e-05,9.39906e-05,9.17411e-05
-0.1,9.093707e-05,9.375683e-05,9.155773e-05
-0.08,9.073607e-05,9.35225e-05,9.137203e-05
-0.06,9.053723e-05,9.329347e-05,9.119153e-05
-0.04,9.034457e-05,9.307233e-05,9.10142e-05
-0.02,9.015963e-05,9.285063e-05,9.083413e-05
0.0,8.9985e-05,9.263027e-05,9.066817e-05
0.02,8.981477e-05,9.241367e-05,9.050527e-05
0.04,8.964903e-05,9.22026e-05,9.03471e-05
0.06,8.950337e-05,9.20023e-05,9.019337e-05
0.08,8.936003e-05,9.180323e-05,9.004413e-05
0.1,8.923203e-05,9.16117e-05,8.990537e-05
0.12,8.911083e-05,9.141867e-05,8.97697e-05
0.14,8.899167e-05,9.123563e-05,8.964377e-05
0.16,8.888503e-05,9.10564e-05,8.951783e-05
0.18,8.8784e-05,9.088453e-05,8.940147e-05
0.2,8.868693e-05,9.071733e-05,8.928733e-05
0.22,8.858287e-05,9.055043e-05,8.918043e-05
0.24,8.84814e-05,9.03725e-05,8.905233e-05
0.26,8.841507e-05,9.023087e-05,8.89685e-05
0.28,8.83577e-05,9.009437e-05,8.888303e-05
0.3,8.83081e-05,8.996797e-05,8.879747e-05
0.32,8.825843e-05,8.9844e-05,8.872007e-05
0.34,8.822337e-05,8.97277e-05,8.864783e-05
0.36,8.81993e-05,8.96149e-05,8.85885e-05
0.38,8.817383e-05,8.95126e-05,8.853167e-05
0.4,8.816033e-05,8.94138e-05,8.84844e-05
0.42,8.815073e-05,8.93265e-05,8.84438e-05
0.44,8.815483e-05,8.92429e-05,8.841177e-05
0.46,8.81632e-05,8.916953e-05,8.838837e-05
0.48,8.818053e-05,8.910273e-05,8.83741e-05
0.5,8.820407e-05,8.90479e-05,8.836457e-05
0.52,8.82391e-05,8.89992e-05,8.835917e-05
0.54,8.82765e-05,8.895697e-05,8.83653e-05
0.56,8.83233e-05,8.89225e-05,8.83752e-05
0.58,8.83734e-05,8.8896e-05,8.83892e-05
0.6,8.84271e-05,8.88805e-05,8.84012e-05
