V,IDS 150,IDS 151,IDS 152
-0.6,6.361113e-05,6.409593e-05,6.366057e-05
-0.58,6.35773e-05,6.389477e-05,6.359217e-05
-0.56,6.3565e-05,6.38645e-05,6.35825e-05
-0.54,6.35547e-05,6.384233e-05,6.357493e-05
-0.52,6.354583e-05,6.38224e-05,6.35648e-05
-0.5,6.353423e-05,6.38045e-05,6.355563e-05
-0.48,6.35236e-05,6.37897e-05,6.354907e-05
-0.46,6.351123e-05,6.37729e-05,6.353733e-05
-0.44,6.35001e-05,6.375543e-05,6.352957e-05
-0.42,6.34857e-05,6.37412e-05,6.351907e-05
-0.4,6.34753e-05,6.37257e-05,6.350983e-05
-0.38,6.346453e-05,6.370957e-05,6.350113e-05
-0.36,6.34511e-05,6.36999e-05,6.349173e-05
-0.34,6.344197e-05,6.368587e-05,6.348513e-05
-0.32,6.34308e-05,6.367253e-05,6.347867e-05
-0.3,6.342283e-05,6.36581e-05,6.34713e-05
-0.28,6.341303e-05,6.36443e-05,6.346027e-05
-0.26,6.34038e-05,6.363057e-05,6.344877e-05
-0.24,6.339503e-05,6.361933e-05,6.344157e-05
-0.22,6.33857e-05,6.360097e-05,6.34322e-05
-0.2,6.33763e-05,6.35912e-05,6.342603e-05
-0.18,6.33667e-05,6.357907e-05,6.341843e-05
-0.16,6.335967e-05,6.356647e-05,6.341547e-05
-0.14,6.335153e-05,6.3553e-05,6.341153e-05
-0.12,6.334377e-05,6.353887e-05,6.340447e-05
-0.1,6.333647e-05,6.352087e-05,6.339753e-05
-0.08,6.333183e-05,6.35123e-05,6.339033e-05
-0.06,6.332627e-05,6.349863e-05,6.338757e-05
-0.04,6.332027e-05,6.348633e-05,6.338433e-05
-0.02,6.331553e-05,6.347297e-05,6.338237e-05
0.0,6.331297e-05,6.346237e-05,6.337883e-05
0.02,6.331153e-05,6.34539e-05,6.337443e-05
0.04,6.330487e-05,6.344163e-05,6.33703e-05
0.06,6.330387e-05,6.343597e-05,6.336497e-05
0.08,6.330087e-05,6.34276e-05,6.33621e-05
0.1,6.329997e-05,6.342097e-05,6.336357e-05
0.12,6.32986e-05,6.34095e-05,6.3364e-05
0.14,6.329753e-05,6.34e-05,6.33636e-05
0.16,6.329827e-05,6.339393e-05,6.336057e-05
0.18,6.329643e-05,6.338733e-05,6.336407e-05
0.2,6.329597e-05,6.337987e-05,6.336497e-05
0.22,6.329293e-05,6.33716e-05,6.33657e-05
0.24,6.329183e-05,6.33661e-05,6.33618e-05
0.26,6.329377e-05,6.33597e-05,6.336573e-05
0.28,6.329323e-05,6.33545e-05,6.3364e-05
0.3,6.329723e-05,6.335e-05,6.336173e-05
0.32,6.329783e-05,6.33425e-05,6.336293e-05
0.34,6.32973e-05,6.333807e-05,6.336203e-05
0.36,6.32989e-05,6.333163e-05,6.336233e-05
0.38,6.330067e-05,6.33282e-05,6.336217e-05
0.4,6.330343e-05,6.332783e-05,6.336327e-05
0.42,6.330347e-05,6.33253e-05,6.33617e-05
0.44,6.330313e-05,6.332407e-05,6.336373e-05
0.46,6.330337e-05,6.33206e-05,6.3365e-05
0.48,6.330913e-05,6.332097e-05,6.336467e-05
0.5,6.331273e-05,6.33179e-05,6.336783e-05
0.52,6.331277e-05,6.331737e-05,6.336987e-05
0.54,6.331597e-05,6.33171e-05,6.337083e-05
0.56,6.33182e-05,6.331877e-05,6.336813e-05
0.58,6.332003e-05,6.33176e-05,6.33698e-05
0.6,6.332177e-05,6.332003e-05,6.336977e-05
-0.6,6.36711e-05,6.399037e-05,6.372717e-05
-0.58,6.35556e-05,6.381637e-05,6.358413e-05
-0.56,6.35435e-05,6.37967e-05,6.357667e-05
-0.54,6.3535e-05,6.3783e-05,6.35704e-05
-0.52,6.352613e-05,6.376633e-05,6.356393e-05
-0.5,6.351727e-05,6.375517e-05,6.355443e-05
-0.48,6.35048e-05,6.37414e-05,6.355007e-05
-0.46,6.34979e-05,6.373083e-05,6.35411e-05
-0.44,6.348583e-05,6.3719e-05,6.35305e-05
-0.42,6.347533e-05,6.370577e-05,6.35215e-05
-0.4,6.346623e-05,6.369213e-05,6.351483e-05
-0.38,6.345497e-05,6.36776e-05,6.350327e-05
-0.36,6.344357e-05,6.366603e-05,6.34919e-05
-0.34,6.343413e-05,6.365413e-05,6.3484e-05
-0.32,6.342533e-05,6.364067e-05,6.347723e-05
-0.3,6.341727e-05,6.362557e-05,6.34705e-05
-0.28,6.34069e-05,6.36099e-05,6.346213e-05
-0.26,6.339723e-05,6.3597e-05,6.345187e-05
-0.24,6.338943e-05,6.35872e-05,6.344297e-05
-0.22,6.338177e-05,6.357107e-05,6.343643e-05
-0.2,6.33747e-05,6.35578e-05,6.343077e-05
-0.18,6.336673e-05,6.354477e-05,6.342183e-05
-0.16,6.33573e-05,6.352863e-05,6.341363e-05
-0.14,6.33506e-05,6.351673e-05,6.34057e-05
-0.12,6.33436e-05,6.350613e-05,6.33968e-05
-0.1,6.333423e-05,6.349617e-05,6.339067e-05
-0.08,6.332983e-05,6.3484e-05,6.3384e-05
-0.06,6.332693e-05,6.347267e-05,6.338093e-05
-0.04,6.332173e-05,6.346503e-05,6.33806e-05
-0.02,6.33184e-05,6.345563e-05,6.337297e-05
0.0,6.331423e-05,6.344657e-05,6.33698e-05
0.02,6.331023e-05,6.343507e-05,6.336583e-05
0.04,6.330803e-05,6.34285e-05,6.336587e-05
0.06,6.33042e-05,6.34178e-05,6.336077e-05
0.08,6.33035e-05,6.340517e-05,6.33586e-05
0.1,6.329963e-05,6.339887e-05,6.335543e-05
0.12,6.329727e-05,6.33912e-05,6.335323e-05
0.14,6.329443e-05,6.3382e-05,6.335283e-05
0.16,6.329493e-05,6.33759e-05,6.33511e-05
0.18,6.329203e-05,6.337107e-05,6.334887e-05
0.2,6.329217e-05,6.336397e-05,6.335177e-05
0.22,6.329243e-05,6.335977e-05,6.335177e-05
0.24,6.329477e-05,6.335283e-05,6.33504e-05
0.26,6.32978e-05,6.33491e-05,6.33495e-05
0.28,6.32965e-05,6.334473e-05,6.33498e-05
0.3,6.329687e-05,6.334343e-05,6.335177e-05
0.32,6.329267e-05,6.334043e-05,6.3353e-05
0.34,6.32902e-05,6.33351e-05,6.335413e-05
0.36,6.33012e-05,6.333037e-05,6.33543e-05
0.38,6.33021e-05,6.332807e-05,6.335337e-05
0.4,6.330263e-05,6.332517e-05,6.334977e-05
0.42,6.330327e-05,6.332477e-05,6.33531e-05
0.44,6.330533e-05,6.33228e-05,6.335503e-05
0.46,6.330573e-05,6.332187e-05,6.335707e-05
0.48,6.331027e-05,6.332053e-05,6.33593e-05
0.5,6.33129e-05,6.332037e-05,6.335797e-05
0.52,6.331687e-05,6.332077e-05,6.336233e-05
0.54,6.33192e-05,6.33187e-05,6.33638e-05
0.56,6.332057e-05,6.332097e-05,6.33638e-05
0.58,6.332523e-05,6.332063e-05,6.336763e-05
0.6,6.332547e-05,6.33214e-05,6.336587e-05
-0.6,6.367643e-05,6.39475e-05,6.372933e-05
-0.58,6.35587e-05,6.37901e-05,6.359063e-05
-0.56,6.35512e-05,6.37786e-05,6.358063e-05
-0.54,6.35438e-05,6.376537e-05,6.357263e-05
-0.52,6.353117e-05,6.375597e-05,6.35635e-05
-0.5,6.35239e-05,6.374257e-05,6.35528e-05
-0.48,6.351313e-05,6.373203e-05,6.35445e-05
-0.46,6.350413e-05,6.371893e-05,6.353643e-05
-0.44,6.349383e-05,6.37027e-05,6.352887e-05
-0.42,6.348397e-05,6.369e-05,6.351913e-05
-0.4,6.347373e-05,6.367653e-05,6.35085e-05
-0.38,6.34631e-05,6.366107e-05,6.349723e-05
-0.36,6.34545e-05,6.364777e-05,6.34904e-05
-0.34,6.344357e-05,6.363527e-05,6.347963e-05
-0.32,6.343387e-05,6.36219e-05,6.347293e-05
-0.3,6.342387e-05,6.360823e-05,6.346817e-05
-0.28,6.341363e-05,6.359717e-05,6.346077e-05
-0.26,6.34051e-05,6.358653e-05,6.345467e-05
-0.24,6.339723e-05,6.357523e-05,6.344567e-05
-0.22,6.338837e-05,6.356267e-05,6.343437e-05
-0.2,6.338067e-05,6.354393e-05,6.342727e-05
-0.18,6.337397e-05,6.353483e-05,6.341823e-05
-0.16,6.33641e-05,6.35238e-05,6.34114e-05
-0.14,6.33581e-05,6.351263e-05,6.34044e-05
-0.12,6.335153e-05,6.35003e-05,6.34001e-05
-0.1,6.3344e-05,6.348723e-05,6.33931e-05
-0.08,6.333523e-05,6.34773e-05,6.33872e-05
-0.06,6.333117e-05,6.346413e-05,6.338047e-05
-0.04,6.3321e-05,6.345307e-05,6.337353e-05
-0.02,6.331643e-05,6.34398e-05,6.337307e-05
0.0,6.331163e-05,6.343027e-05,6.337077e-05
0.02,6.330753e-05,6.342363e-05,6.33678e-05
0.04,6.3307e-05,6.341253e-05,6.33637e-05
0.06,6.330607e-05,6.34046e-05,6.335927e-05
0.08,6.33033e-05,6.33952e-05,6.335757e-05
0.1,6.330223e-05,6.339217e-05,6.335457e-05
0.12,6.3299e-05,6.33867e-05,6.335413e-05
0.14,6.329687e-05,6.33814e-05,6.335177e-05
0.16,6.329697e-05,6.337487e-05,6.33485e-05
0.18,6.32918e-05,6.336697e-05,6.334903e-05
0.2,6.3292e-05,6.33642e-05,6.335e-05
0.22,6.32915e-05,6.335897e-05,6.335063e-05
0.24,6.329383e-05,6.335087e-05,6.335057e-05
0.26,6.329363e-05,6.334807e-05,6.3349e-05
0.28,6.329577e-05,6.334807e-05,6.33512e-05
0.3,6.32974e-05,6.33462e-05,6.33515e-05
0.32,6.329687e-05,6.334567e-05,6.335193e-05
0.34,6.32942e-05,6.334007e-05,6.33528e-05
0.36,6.329763e-05,6.333863e-05,6.33488e-05
0.38,6.32945e-05,6.333933e-05,6.33476e-05
0.4,6.330023e-05,6.333587e-05,6.334577e-05
0.42,6.329783e-05,6.333193e-05,6.334813e-05
0.44,6.330217e-05,6.332803e-05,6.33495e-05
0.46,6.330393e-05,6.33286e-05,6.335513e-05
0.48,6.33062e-05,6.332713e-05,6.335657e-05
0.5,6.331123e-05,6.332697e-05,6.336263e-05
0.52,6.33142e-05,6.333077e-05,6.336427e-05
0.54,6.331577e-05,6.33293e-05,6.336527e-05
0.56,6.331773e-05,6.3334e-05,6.336743e-05
0.58,6.331863e-05,6.333393e-05,6.336657e-05
0.6,6.332157e-05,6.333147e-05,6.336947e-05
-0.6,6.368443e-05,6.393147e-05,6.37353e-05
-0.58,6.35654e-05,6.377667e-05,6.35981e-05
-0.56,6.355563e-05,6.3764e-05,6.35878e-05
-0.54,6.354753e-05,6.375263e-05,6.358223e-05
-0.52,6.353773e-05,6.37384e-05,6.357457e-05
-0.5,6.352853e-05,6.37267e-05,6.35636e-05
-0.48,6.351913e-05,6.371663e-05,6.35558e-05
-0.46,6.35086e-05,6.370527e-05,6.354603e-05
-0.44,6.349893e-05,6.369253e-05,6.353897e-05
-0.42,6.348943e-05,6.368107e-05,6.35271e-05
-0.4,6.34815e-05,6.366543e-05,6.351867e-05
-0.38,6.34727e-05,6.36523e-05,6.350723e-05
-0.36,6.346167e-05,6.364067e-05,6.349763e-05
-0.34,6.345243e-05,6.362953e-05,6.34881e-05
-0.32,6.34391e-05,6.36165e-05,6.34789e-05
-0.3,6.34286e-05,6.36032e-05,6.34725e-05
-0.28,6.341913e-05,6.35919e-05,6.346677e-05
-0.26,6.340893e-05,6.3581e-05,6.345713e-05
-0.24,6.33984e-05,6.35674e-05,6.34506e-05
-0.22,6.338813e-05,6.355463e-05,6.344283e-05
-0.2,6.337867e-05,6.354223e-05,6.34339e-05
-0.18,6.337153e-05,6.353083e-05,6.34263e-05
-0.16,6.336497e-05,6.351683e-05,6.341543e-05
-0.14,6.336027e-05,6.35066e-05,6.340957e-05
-0.12,6.335147e-05,6.34929e-05,6.340247e-05
-0.1,6.33444e-05,6.348153e-05,6.339743e-05
-0.08,6.33379e-05,6.347443e-05,6.338993e-05
-0.06,6.332937e-05,6.346563e-05,6.33847e-05
-0.04,6.332403e-05,6.345433e-05,6.33776e-05
-0.02,6.331947e-05,6.344347e-05,6.337203e-05
0.0,6.331673e-05,6.343337e-05,6.336853e-05
0.02,6.33124e-05,6.34262e-05,6.33634e-05
0.04,6.33087e-05,6.341647e-05,6.336263e-05
0.06,6.33027e-05,6.340983e-05,6.33578e-05
0.08,6.330453e-05,6.34028e-05,6.335393e-05
0.1,6.330313e-05,6.339563e-05,6.335463e-05
0.12,6.32973e-05,6.339173e-05,6.335307e-05
0.14,6.329517e-05,6.338897e-05,6.335107e-05
0.16,6.329473e-05,6.337983e-05,6.334677e-05
0.18,6.329343e-05,6.337747e-05,6.334913e-05
0.2,6.329197e-05,6.337103e-05,6.33494e-05
0.22,6.3289e-05,6.336673e-05,6.334747e-05
0.24,6.329033e-05,6.336073e-05,6.334737e-05
0.26,6.329273e-05,6.335583e-05,6.335123e-05
0.28,6.329277e-05,6.335097e-05,6.334987e-05
0.3,6.329497e-05,6.33494e-05,6.33468e-05
0.32,6.329643e-05,6.33453e-05,6.334637e-05
0.34,6.329963e-05,6.334037e-05,6.33476e-05
0.36,6.330063e-05,6.333593e-05,6.334983e-05
0.38,6.33046e-05,6.33343e-05,6.33518e-05
0.4,6.330503e-05,6.333227e-05,6.335473e-05
0.42,6.330597e-05,6.333057e-05,6.335453e-05
0.44,6.330687e-05,6.33304e-05,6.335247e-05
0.46,6.33066e-05,6.332933e-05,6.3353e-05
0.48,6.33092e-05,6.332797e-05,6.33554e-05
0.5,6.331363e-05,6.333e-05,6.335813e-05
0.52,6.331617e-05,6.33264e-05,6.33606e-05
0.54,6.33213e-05,6.332857e-05,6.33638e-05
0.56,6.332353e-05,6.33302e-05,6.33663e-05
0.58,6.332773e-05,6.333263e-05,6.33705e-05
0.6,6.333137e-05,6.333193e-05,6.337007e-05
