V,IDS 150,IDS 151,IDS 152
-0.6,1.601157e-05,2.226143e-05,1.492413e-05
-0.58,1.51012e-05,2.076267e-05,1.398833e-05
-0.56,1.468283e-05,2.008167e-05,1.36061e-05
-0.54,1.429067e-05,1.947497e-05,1.32554e-05
-0.52,1.391123e-05,1.890957e-05,1.29222e-05
-0.5,1.354347e-05,1.83728e-05,1.260287e-05
-0.48,1.31823e-05,1.78597e-05,1.22944e-05
-0.46,1.283093e-05,1.736563e-05,1.199797e-05
-0.44,1.248747e-05,1.688943e-05,1.171177e-05
-0.42,1.21539e-05,1.64293e-05,1.143477e-05
-0.4,1.18297e-05,1.598377e-05,1.116693e-05
-0.38,1.151337e-05,1.555143e-05,1.090827e-05
-0.36,1.12047e-05,1.5133e-05,1.065877e-05
-0.34,1.0906e-05,1.472667e-05,1.04187e-05
-0.32,1.06153e-05,1.433247e-05,1.018593e-05
-0.3,1.033603e-05,1.395093e-05,9.962373e-06
-0.28,1.006487e-05,1.357847e-05,9.74653e-06
-0.26,9.803687e-06,1.321667e-05,9.53847e-06
-0.24,9.551733e-06,1.28648e-05,9.338207e-06
-0.22,9.309007e-06,1.252383e-05,9.146977e-06
-0.2,9.077303e-06,1.219213e-05,8.963113e-06
-0.18,8.85679e-06,1.187127e-05,8.787687e-06
-0.16,8.64777e-06,1.15588e-05,8.622507e-06
-0.14,8.450917e-06,1.125417e-05,8.466503e-06
-0.12,8.267413e-06,1.095937e-05,8.31908e-06
-0.1,8.097693e-06,1.067743e-05,8.182137e-06
-0.08,7.942457e-06,1.040433e-05,8.05668e-06
-0.06,7.803137e-06,1.014343e-05,7.94315e-06
-0.04,7.679433e-06,9.894417e-06,7.840933e-06
-0.02,7.571367e-06,9.65691e-06,7.7505e-06
0.0,7.479523e-06,9.430647e-06,7.672703e-06
0.02,7.405067e-06,9.21792e-06,7.60652e-06
0.04,7.347307e-06,9.020203e-06,7.553363e-06
0.06,7.305127e-06,8.836183e-06,7.51129e-06
0.08,7.277193e-06,8.666993e-06,7.47913e-06
0.1,7.26295e-06,8.510657e-06,7.4584e-06
0.12,7.26086e-06,8.369773e-06,7.445957e-06
0.14,7.270927e-06,8.2427e-06,7.4419e-06
0.16,7.286803e-06,8.120097e-06,7.4428e-06
0.18,7.311303e-06,8.023727e-06,7.44846e-06
0.2,7.350447e-06,7.940817e-06,7.46582e-06
0.22,7.395747e-06,7.871393e-06,7.488537e-06
0.24,7.447537e-06,7.81548e-06,7.514693e-06
0.26,7.50474e-06,7.772223e-06,7.546143e-06
0.28,7.567397e-06,7.74011e-06,7.5806e-06
0.3,7.63497e-06,7.72033e-06,7.617047e-06
0.32,7.706363e-06,7.711647e-06,7.65703e-06
0.34,7.782307e-06,7.71256e-06,7.700153e-06
0.36,7.863197e-06,7.72412e-06,7.747277e-06
0.38,7.94668e-06,7.745257e-06,7.796547e-06
0.4,8.034677e-06,7.773807e-06,7.850427e-06
0.42,8.127717e-06,7.811677e-06,7.90761e-06
0.44,8.226113e-06,7.855947e-06,7.966607e-06
0.46,8.32759e-06,7.908687e-06,8.02903e-06
0.48,8.433137e-06,7.96807e-06,8.09565e-06
0.5,8.544467e-06,8.033307e-06,8.164533e-06
0.52,8.65929e-06,8.106453e-06,8.236857e-06
0.54,8.778517e-06,8.18446e-06,8.313383e-06
0.56,8.902857e-06,8.268997e-06,8.392623e-06
0.58,9.030293e-06,8.3601e-06,8.47524e-06
0.6,9.163597e-06,8.45736e-06,8.562543e-06
-0.6,1.607367e-05,2.038883e-05,1.528737e-05
-0.58,1.470343e-05,1.88827e-05,1.37774e-05
-0.56,1.43199e-05,1.837687e-05,1.33995e-05
-0.54,1.395403e-05,1.790227e-05,1.306223e-05
-0.52,1.359793e-05,1.74395e-05,1.27433e-05
-0.5,1.324753e-05,1.698513e-05,1.243607e-05
-0.48,1.290357e-05,1.653957e-05,1.213853e-05
-0.46,1.25678e-05,1.61042e-05,1.185107e-05
-0.44,1.223797e-05,1.56783e-05,1.157227e-05
-0.42,1.191947e-05,1.526293e-05,1.130383e-05
-0.4,1.160857e-05,1.486087e-05,1.104453e-05
-0.38,1.130663e-05,1.44674e-05,1.079487e-05
-0.36,1.101467e-05,1.408703e-05,1.05548e-05
-0.34,1.073177e-05,1.37177e-05,1.03226e-05
-0.32,1.045907e-05,1.336177e-05,1.009927e-05
-0.3,1.02017e-05,1.301903e-05,9.886343e-06
-0.28,9.948113e-06,1.26808e-05,9.67994e-06
-0.26,9.703827e-06,1.235463e-05,9.483003e-06
-0.24,9.469687e-06,1.203827e-05,9.29228e-06
-0.22,9.244897e-06,1.17313e-05,9.111593e-06
-0.2,9.031787e-06,1.14347e-05,8.937707e-06
-0.18,8.82823e-06,1.114953e-05,8.772273e-06
-0.16,8.63572e-06,1.087393e-05,8.6161e-06
-0.14,8.45415e-06,1.06074e-05,8.467197e-06
-0.12,8.28464e-06,1.035063e-05,8.327847e-06
-0.1,8.126343e-06,1.010383e-05,8.197803e-06
-0.08,7.982073e-06,9.86822e-06,8.074427e-06
-0.06,7.850497e-06,9.642867e-06,7.96141e-06
-0.04,7.732633e-06,9.42867e-06,7.858647e-06
-0.02,7.628783e-06,9.225883e-06,7.76459e-06
0.0,7.539453e-06,9.032447e-06,7.680117e-06
0.02,7.46449e-06,8.853117e-06,7.606303e-06
0.04,7.402327e-06,8.685507e-06,7.54179e-06
0.06,7.35433e-06,8.52943e-06,7.486867e-06
0.08,7.318953e-06,8.386167e-06,7.442057e-06
0.1,7.29623e-06,8.25557e-06,7.40484e-06
0.12,7.286017e-06,8.1381e-06,7.377407e-06
0.14,7.28493e-06,8.035197e-06,7.35817e-06
0.16,7.294473e-06,7.943977e-06,7.346817e-06
0.18,7.314063e-06,7.865473e-06,7.343933e-06
0.2,7.34095e-06,7.80044e-06,7.34694e-06
0.22,7.37597e-06,7.747167e-06,7.357617e-06
0.24,7.418087e-06,7.705427e-06,7.37482e-06
0.26,7.465977e-06,7.675803e-06,7.397333e-06
0.28,7.520687e-06,7.658023e-06,7.425283e-06
0.3,7.581297e-06,7.65088e-06,7.458843e-06
0.32,7.647973e-06,7.653217e-06,7.49836e-06
0.34,7.720483e-06,7.664643e-06,7.543397e-06
0.36,7.797277e-06,7.686157e-06,7.592407e-06
0.38,7.88022e-06,7.716163e-06,7.6466e-06
0.4,7.967813e-06,7.753947e-06,7.704547e-06
0.42,8.061253e-06,7.797827e-06,7.767797e-06
0.44,8.153407e-06,7.84463e-06,7.833097e-06
0.46,8.260463e-06,7.906067e-06,7.901633e-06
0.48,8.370813e-06,7.974353e-06,7.980407e-06
0.5,8.485407e-06,8.048233e-06,8.06289e-06
0.52,8.60567e-06,8.128043e-06,8.148613e-06
0.54,8.729553e-06,8.213653e-06,8.237133e-06
0.56,8.859667e-06,8.30551e-06,8.3301e-06
0.58,8.992513e-06,8.402483e-06,8.425267e-06
0.6,9.129833e-06,8.50334e-06,8.523487e-06
-0.6,1.603433e-05,1.95344e-05,1.497393e-05
-0.58,1.466647e-05,1.808837e-05,1.356047e-05
-0.56,1.429403e-05,1.762363e-05,1.32156e-05
-0.54,1.39344e-05,1.718237e-05,1.289777e-05
-0.52,1.358083e-05,1.674753e-05,1.258887e-05
-0.5,1.323167e-05,1.631657e-05,1.228927e-05
-0.48,1.288757e-05,1.58991e-05,1.199843e-05
-0.46,1.255203e-05,1.548113e-05,1.17146e-05
-0.44,1.222417e-05,1.507233e-05,1.144117e-05
-0.42,1.190697e-05,1.467577e-05,1.117703e-05
-0.4,1.159653e-05,1.429057e-05,1.092147e-05
-0.38,1.129537e-05,1.39142e-05,1.06733e-05
-0.36,1.100503e-05,1.354967e-05,1.043627e-05
-0.34,1.07245e-05,1.319553e-05,1.02076e-05
-0.32,1.045367e-05,1.2854e-05,9.987827e-06
-0.3,1.019153e-05,1.252357e-05,9.776537e-06
-0.28,9.94109e-06,1.22039e-05,9.573907e-06
-0.26,9.6996e-06,1.189307e-05,9.379077e-06
-0.24,9.467317e-06,1.159537e-05,9.19296e-06
-0.22,9.24606e-06,1.130543e-05,9.014777e-06
-0.2,9.035277e-06,1.102787e-05,8.844857e-06
-0.18,8.834823e-06,1.075813e-05,8.683723e-06
-0.16,8.644773e-06,1.04997e-05,8.531183e-06
-0.14,8.467357e-06,1.02511e-05,8.386537e-06
-0.12,8.299277e-06,1.00124e-05,8.250343e-06
-0.1,8.143707e-06,9.783183e-06,8.122757e-06
-0.08,8.001493e-06,9.565193e-06,8.004033e-06
-0.06,7.871167e-06,9.3571e-06,7.893603e-06
-0.04,7.75259e-06,9.154207e-06,7.793903e-06
-0.02,7.645043e-06,8.969247e-06,7.696637e-06
0.0,7.55601e-06,8.793237e-06,7.61488e-06
0.02,7.479707e-06,8.62949e-06,7.543527e-06
0.04,7.417907e-06,8.479347e-06,7.48122e-06
0.06,7.36902e-06,8.33843e-06,7.427257e-06
0.08,7.331663e-06,8.212373e-06,7.38222e-06
0.1,7.307137e-06,8.096557e-06,7.346603e-06
0.12,7.29243e-06,7.993397e-06,7.318987e-06
0.14,7.28897e-06,7.902687e-06,7.29928e-06
0.16,7.29594e-06,7.82515e-06,7.28779e-06
0.18,7.312443e-06,7.760683e-06,7.283627e-06
0.2,7.33507e-06,7.708233e-06,7.285823e-06
0.22,7.36759e-06,7.665903e-06,7.295703e-06
0.24,7.406953e-06,7.634943e-06,7.31139e-06
0.26,7.453613e-06,7.615057e-06,7.333957e-06
0.28,7.505737e-06,7.60496e-06,7.36192e-06
0.3,7.563613e-06,7.605563e-06,7.396053e-06
0.32,7.62852e-06,7.614953e-06,7.435337e-06
0.34,7.69765e-06,7.633833e-06,7.479663e-06
0.36,7.773823e-06,7.660693e-06,7.53033e-06
0.38,7.85528e-06,7.69577e-06,7.573867e-06
0.4,7.94132e-06,7.739613e-06,7.645523e-06
0.42,8.03331e-06,7.79055e-06,7.710813e-06
0.44,8.13149e-06,7.84721e-06,7.78152e-06
0.46,8.234827e-06,7.911323e-06,7.857737e-06
0.48,8.344767e-06,7.9829e-06,7.938887e-06
0.5,8.45779e-06,8.058937e-06,8.024153e-06
0.52,8.578127e-06,8.142463e-06,8.11523e-06
0.54,8.702743e-06,8.23141e-06,8.20903e-06
0.56,8.83364e-06,8.326123e-06,8.306703e-06
0.58,8.967927e-06,8.42546e-06,8.407323e-06
0.6,9.107273e-06,8.531063e-06,8.512523e-06
-0.6,1.7323e-05,1.893527e-05,1.4738e-05
-0.58,1.465307e-05,1.753677e-05,1.33847e-05
-0.56,1.428277e-05,1.709417e-05,1.30589e-05
-0.54,1.392557e-05,1.667047e-05,1.275287e-05
-0.52,1.357687e-05,1.626103e-05,1.245237e-05
-0.5,1.324333e-05,1.585527e-05,1.2165e-05
-0.48,1.289637e-05,1.544067e-05,1.188473e-05
-0.46,1.255977e-05,1.503587e-05,1.160473e-05
-0.44,1.223047e-05,1.463863e-05,1.13328e-05
-0.42,1.19114e-05,1.4253e-05,1.10714e-05
-0.4,1.160047e-05,1.387823e-05,1.08182e-05
-0.38,1.130033e-05,1.351233e-05,1.057363e-05
-0.36,1.100943e-05,1.316137e-05,1.03382e-05
-0.34,1.07298e-05,1.281993e-05,1.011057e-05
-0.32,1.045883e-05,1.248873e-05,9.89368e-06
-0.3,1.019747e-05,1.2169e-05,9.68422e-06
-0.28,9.94725e-06,1.186177e-05,9.48348e-06
-0.26,9.70582e-06,1.156513e-05,9.291437e-06
-0.24,9.475523e-06,1.127817e-05,9.108547e-06
-0.22,9.25525e-06,1.1e-05,8.933097e-06
-0.2,9.045223e-06,1.073323e-05,8.765713e-06
-0.18,8.84701e-06,1.04768e-05,8.607647e-06
-0.16,8.65712e-06,1.023047e-05,8.45752e-06
-0.14,8.47922e-06,9.993193e-06,8.31591e-06
-0.12,8.312463e-06,9.76703e-06,8.182527e-06
-0.1,8.157803e-06,9.55163e-06,8.057203e-06
-0.08,8.015167e-06,9.34434e-06,7.94134e-06
-0.06,7.885773e-06,9.148387e-06,7.834667e-06
-0.04,7.76894e-06,8.963017e-06,7.736273e-06
-0.02,7.665087e-06,8.788067e-06,7.64723e-06
0.0,7.57572e-06,8.62478e-06,7.566797e-06
0.02,7.498353e-06,8.47242e-06,7.496817e-06
0.04,7.433737e-06,8.331223e-06,7.435837e-06
0.06,7.383353e-06,8.20319e-06,7.382287e-06
0.08,7.343547e-06,8.086383e-06,7.338857e-06
0.1,7.31655e-06,7.982107e-06,7.30323e-06
0.12,7.30049e-06,7.88968e-06,7.27704e-06
0.14,7.29525e-06,7.80897e-06,7.257607e-06
0.16,7.299207e-06,7.74048e-06,7.246663e-06
0.18,7.31308e-06,7.683727e-06,7.242527e-06
0.2,7.334633e-06,7.638197e-06,7.244793e-06
0.22,7.36408e-06,7.60247e-06,7.254173e-06
0.24,7.392203e-06,7.571927e-06,7.269327e-06
0.26,7.43841e-06,7.55827e-06,7.28626e-06
0.28,7.48966e-06,7.55677e-06,7.316187e-06
0.3,7.547387e-06,7.564563e-06,7.351883e-06
0.32,7.61079e-06,7.581597e-06,7.393617e-06
0.34,7.67943e-06,7.606313e-06,7.437853e-06
0.36,7.75416e-06,7.63934e-06,7.489633e-06
0.38,7.834357e-06,7.67992e-06,7.547107e-06
0.4,7.920007e-06,7.726667e-06,7.609787e-06
0.42,8.011233e-06,7.782023e-06,7.67739e-06
0.44,8.107883e-06,7.843147e-06,7.75016e-06
0.46,8.210717e-06,7.910817e-06,7.82856e-06
0.48,8.319393e-06,7.98423e-06,7.912363e-06
0.5,8.4343e-06,8.065857e-06,8.000343e-06
0.52,8.554683e-06,8.151927e-06,8.094613e-06
0.54,8.680967e-06,8.244967e-06,8.191683e-06
0.56,8.812257e-06,8.341663e-06,8.293163e-06
0.58,8.947483e-06,8.44493e-06,8.3977e-06
0.6,9.087793e-06,8.551287e-06,8.506287e-06
