V,IDS 150,IDS 151,IDS 152
-0.6,6.73541e-05,6.821323e-05,6.74588e-05
-0.58,6.731487e-05,6.801513e-05,6.741713e-05
-0.56,6.72984e-05,6.797373e-05,6.740683e-05
-0.54,6.728047e-05,6.794243e-05,6.739447e-05
-0.52,6.726213e-05,6.79125e-05,6.7378e-05
-0.5,6.72424e-05,6.78845e-05,6.735417e-05
-0.48,6.721973e-05,6.785593e-05,6.733503e-05
-0.46,6.719457e-05,6.783057e-05,6.73141e-05
-0.44,6.716947e-05,6.7801e-05,6.729257e-05
-0.42,6.71437e-05,6.777113e-05,6.727357e-05
-0.4,6.71181e-05,6.773957e-05,6.725423e-05
-0.38,6.709283e-05,6.771073e-05,6.72328e-05
-0.36,6.706677e-05,6.768193e-05,6.72121e-05
-0.34,6.704733e-05,6.765e-05,6.718997e-05
-0.32,6.702433e-05,6.76207e-05,6.717107e-05
-0.3,6.700073e-05,6.759117e-05,6.71518e-05
-0.28,6.6974e-05,6.755873e-05,6.713037e-05
-0.26,6.69522e-05,6.75299e-05,6.71081e-05
-0.24,6.693027e-05,6.749787e-05,6.70927e-05
-0.22,6.69082e-05,6.746853e-05,6.707503e-05
-0.2,6.688637e-05,6.743763e-05,6.70536e-05
-0.18,6.686757e-05,6.7407e-05,6.70357e-05
-0.16,6.685103e-05,6.737643e-05,6.702063e-05
-0.14,6.683183e-05,6.734453e-05,6.70035e-05
-0.12,6.681577e-05,6.732007e-05,6.698927e-05
-0.1,6.67998e-05,6.729027e-05,6.69757e-05
-0.08,6.678007e-05,6.72585e-05,6.696357e-05
-0.06,6.676467e-05,6.723053e-05,6.695263e-05
-0.04,6.675367e-05,6.720407e-05,6.693873e-05
-0.02,6.67448e-05,6.71778e-05,6.692993e-05
0.0,6.67349e-05,6.714837e-05,6.691613e-05
0.02,6.672517e-05,6.712437e-05,6.69098e-05
0.04,6.672033e-05,6.71009e-05,6.68993e-05
0.06,6.671433e-05,6.707513e-05,6.689317e-05
0.08,6.67111e-05,6.705363e-05,6.688933e-05
0.1,6.6706e-05,6.70334e-05,6.68852e-05
0.12,6.669977e-05,6.70136e-05,6.688053e-05
0.14,6.669533e-05,6.69937e-05,6.68789e-05
0.16,6.669483e-05,6.697263e-05,6.68774e-05
0.18,6.669337e-05,6.695087e-05,6.68749e-05
0.2,6.668997e-05,6.693533e-05,6.687273e-05
0.22,6.669347e-05,6.691747e-05,6.686987e-05
0.24,6.669483e-05,6.690507e-05,6.686917e-05
0.26,6.66956e-05,6.689243e-05,6.686667e-05
0.28,6.669613e-05,6.687843e-05,6.686417e-05
0.3,6.670093e-05,6.686607e-05,6.686347e-05
0.32,6.670177e-05,6.686023e-05,6.685977e-05
0.34,6.669873e-05,6.685007e-05,6.68592e-05
0.36,6.670377e-05,6.683667e-05,6.685947e-05
0.38,6.670957e-05,6.68276e-05,6.685927e-05
0.4,6.671077e-05,6.682027e-05,6.68605e-05
0.42,6.671667e-05,6.68128e-05,6.685863e-05
0.44,6.672133e-05,6.680383e-05,6.68598e-05
0.46,6.672787e-05,6.679773e-05,6.685907e-05
0.48,6.673367e-05,6.67961e-05,6.686217e-05
0.5,6.673973e-05,6.679197e-05,6.686507e-05
0.52,6.674707e-05,6.678907e-05,6.686617e-05
0.54,6.67549e-05,6.678377e-05,6.686723e-05
0.56,6.67609e-05,6.678277e-05,6.686537e-05
0.58,6.676683e-05,6.678427e-05,6.68658e-05
0.6,6.677267e-05,6.678107e-05,6.68657e-05
-0.6,6.734153e-05,6.797747e-05,6.746787e-05
-0.58,6.727433e-05,6.78486e-05,6.736387e-05
-0.56,6.72678e-05,6.783123e-05,6.73662e-05
-0.54,6.72535e-05,6.781403e-05,6.735737e-05
-0.52,6.723547e-05,6.77973e-05,6.73467e-05
-0.5,6.721853e-05,6.77749e-05,6.733553e-05
-0.48,6.720023e-05,6.775357e-05,6.73188e-05
-0.46,6.71769e-05,6.77281e-05,6.730117e-05
-0.44,6.715467e-05,6.770293e-05,6.72836e-05
-0.42,6.71346e-05,6.767757e-05,6.726547e-05
-0.4,6.711423e-05,6.7656e-05,6.724637e-05
-0.38,6.709157e-05,6.76275e-05,6.72255e-05
-0.36,6.706713e-05,6.759807e-05,6.720407e-05
-0.34,6.70424e-05,6.756887e-05,6.718697e-05
-0.32,6.70209e-05,6.754197e-05,6.716773e-05
-0.3,6.69958e-05,6.75154e-05,6.714643e-05
-0.28,6.697393e-05,6.74819e-05,6.7128e-05
-0.26,6.69522e-05,6.74541e-05,6.710907e-05
-0.24,6.6934e-05,6.742693e-05,6.708843e-05
-0.22,6.691463e-05,6.73973e-05,6.707087e-05
-0.2,6.68927e-05,6.736977e-05,6.705003e-05
-0.18,6.687233e-05,6.734083e-05,6.703393e-05
-0.16,6.68513e-05,6.731357e-05,6.701737e-05
-0.14,6.68338e-05,6.728537e-05,6.700223e-05
-0.12,6.682187e-05,6.725903e-05,6.698353e-05
-0.1,6.680267e-05,6.723393e-05,6.697133e-05
-0.08,6.67863e-05,6.72102e-05,6.695867e-05
-0.06,6.677673e-05,6.718257e-05,6.69443e-05
-0.04,6.676113e-05,6.715903e-05,6.693303e-05
-0.02,6.675113e-05,6.713137e-05,6.692217e-05
0.0,6.67409e-05,6.710793e-05,6.690893e-05
0.02,6.673337e-05,6.708657e-05,6.689677e-05
0.04,6.672283e-05,6.706373e-05,6.688813e-05
0.06,6.67179e-05,6.704127e-05,6.68797e-05
0.08,6.671037e-05,6.70205e-05,6.687433e-05
0.1,6.670647e-05,6.700063e-05,6.686987e-05
0.12,6.669893e-05,6.698313e-05,6.685953e-05
0.14,6.66948e-05,6.696407e-05,6.68514e-05
0.16,6.669423e-05,6.69461e-05,6.684637e-05
0.18,6.6693e-05,6.693227e-05,6.684223e-05
0.2,6.66885e-05,6.69151e-05,6.683847e-05
0.22,6.668897e-05,6.690063e-05,6.68358e-05
0.24,6.66877e-05,6.688567e-05,6.683707e-05
0.26,6.66841e-05,6.687337e-05,6.683357e-05
0.28,6.668273e-05,6.686373e-05,6.683557e-05
0.3,6.668533e-05,6.68525e-05,6.68343e-05
0.32,6.668943e-05,6.68436e-05,6.683147e-05
0.34,6.669423e-05,6.683517e-05,6.683217e-05
0.36,6.669673e-05,6.682613e-05,6.683007e-05
0.38,6.670203e-05,6.682033e-05,6.682667e-05
0.4,6.670503e-05,6.681663e-05,6.682783e-05
0.42,6.670923e-05,6.680863e-05,6.683017e-05
0.44,6.671917e-05,6.680183e-05,6.682807e-05
0.46,6.67239e-05,6.679417e-05,6.682917e-05
0.48,6.673043e-05,6.67891e-05,6.683173e-05
0.5,6.673623e-05,6.678593e-05,6.683263e-05
0.52,6.674163e-05,6.67838e-05,6.68344e-05
0.54,6.675007e-05,6.678243e-05,6.684013e-05
0.56,6.675737e-05,6.678073e-05,6.684417e-05
0.58,6.67622e-05,6.678207e-05,6.68476e-05
0.6,6.676817e-05,6.67839e-05,6.684983e-05
-0.6,6.735167e-05,6.790087e-05,6.747727e-05
-0.58,6.726333e-05,6.780017e-05,6.73722e-05
-0.56,6.726057e-05,6.779643e-05,6.737547e-05
-0.54,6.725153e-05,6.77845e-05,6.737177e-05
-0.52,6.723803e-05,6.776517e-05,6.73613e-05
-0.5,6.72202e-05,6.774183e-05,6.734713e-05
-0.48,6.720367e-05,6.77184e-05,6.732993e-05
-0.46,6.718417e-05,6.769603e-05,6.731377e-05
-0.44,6.716123e-05,6.76721e-05,6.729777e-05
-0.42,6.713923e-05,6.764493e-05,6.72759e-05
-0.4,6.711713e-05,6.761827e-05,6.725593e-05
-0.38,6.709023e-05,6.759087e-05,6.723727e-05
-0.36,6.706987e-05,6.756443e-05,6.721677e-05
-0.34,6.70457e-05,6.753497e-05,6.71976e-05
-0.32,6.702503e-05,6.75048e-05,6.71756e-05
-0.3,6.700347e-05,6.747957e-05,6.715593e-05
-0.28,6.69792e-05,6.745283e-05,6.713867e-05
-0.26,6.695933e-05,6.74243e-05,6.711763e-05
-0.24,6.69384e-05,6.739827e-05,6.70992e-05
-0.22,6.69194e-05,6.736933e-05,6.70813e-05
-0.2,6.690053e-05,6.734327e-05,6.706203e-05
-0.18,6.688083e-05,6.731583e-05,6.70441e-05
-0.16,6.686093e-05,6.728967e-05,6.702513e-05
-0.14,6.684147e-05,6.726213e-05,6.70104e-05
-0.12,6.682673e-05,6.723927e-05,6.699403e-05
-0.1,6.681023e-05,6.72142e-05,6.697693e-05
-0.08,6.679317e-05,6.718793e-05,6.696297e-05
-0.06,6.67804e-05,6.716327e-05,6.694893e-05
-0.04,6.677153e-05,6.71355e-05,6.6938e-05
-0.02,6.675853e-05,6.711207e-05,6.692287e-05
0.0,6.674397e-05,6.708493e-05,6.691137e-05
0.02,6.67332e-05,6.706367e-05,6.69025e-05
0.04,6.672203e-05,6.70431e-05,6.689133e-05
0.06,6.67148e-05,6.702517e-05,6.688477e-05
0.08,6.670947e-05,6.700423e-05,6.68743e-05
0.1,6.67011e-05,6.698563e-05,6.68664e-05
0.12,6.669527e-05,6.697013e-05,6.68575e-05
0.14,6.668967e-05,6.695587e-05,6.68512e-05
0.16,6.66883e-05,6.69388e-05,6.684347e-05
0.18,6.668437e-05,6.692183e-05,6.684413e-05
0.2,6.66837e-05,6.690727e-05,6.684107e-05
0.22,6.66824e-05,6.68975e-05,6.68366e-05
0.24,6.668013e-05,6.688647e-05,6.683583e-05
0.26,6.668033e-05,6.68735e-05,6.683267e-05
0.28,6.668033e-05,6.68595e-05,6.682937e-05
0.3,6.668193e-05,6.684973e-05,6.68253e-05
0.32,6.668497e-05,6.684003e-05,6.682543e-05
0.34,6.668717e-05,6.682907e-05,6.682103e-05
0.36,6.669113e-05,6.682563e-05,6.681807e-05
0.38,6.66942e-05,6.681863e-05,6.68183e-05
0.4,6.669647e-05,6.681157e-05,6.6817e-05
0.42,6.67035e-05,6.680633e-05,6.68182e-05
0.44,6.67071e-05,6.680163e-05,6.68201e-05
0.46,6.671047e-05,6.679867e-05,6.681867e-05
0.48,6.671443e-05,6.679293e-05,6.68236e-05
0.5,6.672313e-05,6.679033e-05,6.682417e-05
0.52,6.672763e-05,6.678747e-05,6.682753e-05
0.54,6.673447e-05,6.678897e-05,6.683317e-05
0.56,6.674087e-05,6.678493e-05,6.683553e-05
0.58,6.674803e-05,6.678403e-05,6.683627e-05
0.6,6.67537e-05,6.678493e-05,6.68426e-05
-0.6,6.73574e-05,6.78399e-05,6.74744e-05
-0.58,6.727507e-05,6.774823e-05,6.7387e-05
-0.56,6.72757e-05,6.774933e-05,6.739127e-05
-0.54,6.7269e-05,6.773857e-05,6.738667e-05
-0.52,6.72526e-05,6.772693e-05,6.73737e-05
-0.5,6.723687e-05,6.771103e-05,6.735993e-05
-0.48,6.722283e-05,6.769277e-05,6.7348e-05
-0.46,6.72044e-05,6.76712e-05,6.733227e-05
-0.44,6.71824e-05,6.764673e-05,6.731323e-05
-0.42,6.716143e-05,6.76227e-05,6.729533e-05
-0.4,6.713737e-05,6.75911e-05,6.727223e-05
-0.38,6.71147e-05,6.756727e-05,6.724957e-05
-0.36,6.70911e-05,6.75383e-05,6.722673e-05
-0.34,6.706637e-05,6.751023e-05,6.720623e-05
-0.32,6.704613e-05,6.748157e-05,6.718667e-05
-0.3,6.702187e-05,6.745643e-05,6.716783e-05
-0.28,6.699857e-05,6.742873e-05,6.714827e-05
-0.26,6.697623e-05,6.740127e-05,6.712883e-05
-0.24,6.69527e-05,6.737043e-05,6.71121e-05
-0.22,6.693277e-05,6.734773e-05,6.70889e-05
-0.2,6.690997e-05,6.73242e-05,6.70701e-05
-0.18,6.68905e-05,6.7293e-05,6.705137e-05
-0.16,6.687073e-05,6.726933e-05,6.703437e-05
-0.14,6.68551e-05,6.724287e-05,6.701463e-05
-0.12,6.683997e-05,6.7215e-05,6.70005e-05
-0.1,6.682373e-05,6.719383e-05,6.69832e-05
-0.08,6.68112e-05,6.71704e-05,6.697213e-05
-0.06,6.679247e-05,6.714673e-05,6.695623e-05
-0.04,6.677983e-05,6.71235e-05,6.69423e-05
-0.02,6.6767e-05,6.710137e-05,6.692767e-05
0.0,6.67545e-05,6.708167e-05,6.691657e-05
0.02,6.674303e-05,6.705803e-05,6.690343e-05
0.04,6.673457e-05,6.70347e-05,6.689543e-05
0.06,6.67276e-05,6.701673e-05,6.688313e-05
0.08,6.672233e-05,6.69961e-05,6.687503e-05
0.1,6.671353e-05,6.697867e-05,6.68686e-05
0.12,6.670623e-05,6.696037e-05,6.686143e-05
0.14,6.670077e-05,6.69451e-05,6.68551e-05
0.16,6.669687e-05,6.693177e-05,6.685173e-05
0.18,6.669093e-05,6.69172e-05,6.68462e-05
0.2,6.66847e-05,6.690477e-05,6.684147e-05
0.22,6.668077e-05,6.689287e-05,6.68335e-05
0.24,6.66798e-05,6.688387e-05,6.683367e-05
0.26,6.667603e-05,6.687007e-05,6.683237e-05
0.28,6.66775e-05,6.685817e-05,6.682563e-05
0.3,6.66784e-05,6.683683e-05,6.68222e-05
0.32,6.667857e-05,6.68302e-05,6.681987e-05
0.34,6.667887e-05,6.682103e-05,6.68163e-05
0.36,6.667953e-05,6.6818e-05,6.681763e-05
0.38,6.668373e-05,6.68141e-05,6.681573e-05
0.4,6.668573e-05,6.680787e-05,6.681703e-05
0.42,6.669133e-05,6.680137e-05,6.681647e-05
0.44,6.669783e-05,6.679607e-05,6.681643e-05
0.46,6.670437e-05,6.67951e-05,6.681587e-05
0.48,6.671457e-05,6.679557e-05,6.681827e-05
0.5,6.67204e-05,6.679453e-05,6.682133e-05
0.52,6.67273e-05,6.679093e-05,6.682847e-05
0.54,6.673253e-05,6.67908e-05,6.68293e-05
0.56,6.674023e-05,6.678743e-05,6.683337e-05
0.58,6.67506e-05,6.679107e-05,6.68391e-05
0.6,6.675653e-05,6.67928e-05,6.684313e-05
