Type,Chip,Disp,Electrolyte,Potential [V],Pulse #,IDSdep (10sp 30sd) [A],Std IDSdep [A]
Standard,1,3,MgCl2,0.1,1,4.959439960079841e-06,3.8759467524701656e-08
Standard,1,3,MgCl2,0.1,2,4.931171556886228e-06,3.843357315123405e-08
Standard,1,3,MgCl2,0.1,3,4.812176966067863e-06,4.0037994449982695e-08
Standard,1,3,MgCl2,0.1,4,4.759591057884231e-06,3.9948629461830666e-08
Standard,1,3,MgCl2,0.1,5,4.650636686626747e-06,3.67669980145184e-08
Standard,1,3,MgCl2,0.1,6,4.685019600798403e-06,4.026471092458409e-08
Standard,1,3,MgCl2,0.1,7,4.521576427145709e-06,3.6914787933959166e-08
Standard,1,3,MgCl2,0.1,8,4.6023828742514965e-06,3.637356897696676e-08
Standard,1,3,MgCl2,0.1,9,4.462092295409182e-06,3.742727084520799e-08
Standard,1,3,MgCl2,0.1,10,4.568237784431138e-06,4.1603094006112536e-08
Standard,1,3,MgCl2,0.1,11,4.405722834331338e-06,4.1061494268359226e-08
Standard,1,3,MgCl2,0.1,12,4.525050379241518e-06,3.596576526164686e-08
Standard,1,3,MgCl2,0.1,13,4.412266007984031e-06,3.640104934795066e-08
Standard,1,3,MgCl2,0.1,14,4.423711457085828e-06,3.8754568010399176e-08
Standard,1,3,MgCl2,0.1,15,4.390184730538923e-06,3.389364917174378e-08
Standard,1,3,MgCl2,0.1,16,4.36715243512974e-06,3.141614279408417e-08
Standard,1,3,MgCl2,0.1,17,4.315781177644711e-06,4.019541088246726e-08
Standard,1,3,MgCl2,0.1,18,4.335387784431139e-06,3.909346150037674e-08
Standard,1,3,MgCl2,0.1,19,4.246681636726547e-06,3.557306309717752e-08
Standard,1,3,MgCl2,0.1,20,4.336244371257485e-06,3.599953438940416e-08
Standard,1,3,MgCl2,0.1,21,4.203425209580838e-06,3.61078191782055e-08
Standard,1,3,MgCl2,0.1,22,4.25177377245509e-06,3.665530080547863e-08
Standard,1,3,MgCl2,0.1,23,4.2197474251497e-06,4.03855209395259e-08
Standard,1,3,MgCl2,0.1,24,4.1994277445109775e-06,3.5296900876742644e-08
Standard,1,3,MgCl2,0.1,25,4.190052794411177e-06,3.62179090088819e-08
Standard,1,3,MgCl2,0.1,26,4.228813073852296e-06,3.4518919376662764e-08
Standard,1,3,MgCl2,0.1,27,4.171564331337325e-06,3.401241163754785e-08
Standard,1,3,MgCl2,0.1,28,4.151196047904192e-06,4.001689730038671e-08
Standard,1,3,MgCl2,0.1,29,4.120263433133733e-06,4.4464344180365625e-08
Standard,1,3,MgCl2,0.1,30,4.235046946107784e-06,3.662830548708328e-08
Standard,1,3,MgCl2,0.1,31,4.143105948103792e-06,4.044047927694844e-08
Standard,1,3,MgCl2,0.1,32,4.160928023952096e-06,4.0006445089353136e-08
Standard,1,3,MgCl2,0.1,33,4.153599401197606e-06,4.161390020222472e-08
Standard,1,3,MgCl2,0.1,34,4.16799508982036e-06,3.7885969036596064e-08
Standard,1,3,MgCl2,0.1,35,4.073580319361278e-06,3.5737400004726225e-08
Standard,1,3,MgCl2,0.1,36,4.094518263473053e-06,4.0371609935429144e-08
Standard,1,3,MgCl2,0.1,37,4.117241596806387e-06,4.7515887606621684e-08
Standard,1,3,MgCl2,0.1,38,4.076387584830339e-06,3.803017674893564e-08
Standard,1,3,MgCl2,0.1,39,4.030891936127745e-06,3.838848953063818e-08
Standard,1,3,MgCl2,0.1,40,4.093685788423154e-06,3.6417740221314455e-08
Standard,1,3,MgCl2,0.1,41,4.068725788423154e-06,3.8800960988448994e-08
Standard,1,3,MgCl2,0.1,42,4.115885489021955e-06,4.585326799269999e-08
Standard,1,3,MgCl2,0.1,43,4.082478862275449e-06,3.6167310772339546e-08
Standard,1,3,MgCl2,0.1,44,4.033105149700599e-06,4.0557673284195545e-08
Standard,1,3,MgCl2,0.1,45,4.070986207584831e-06,3.9498616264229074e-08
Standard,1,3,MgCl2,0.1,46,4.084001676646707e-06,3.3117572380584174e-08
Standard,1,3,MgCl2,0.1,47,4.052878522954091e-06,4.007281162850904e-08
Standard,1,3,MgCl2,0.1,48,3.998745648702595e-06,3.771742982532535e-08
Standard,1,3,MgCl2,0.1,49,4.036650778443115e-06,3.837154924671163e-08
Standard,1,3,MgCl2,0.1,50,3.9682654491017965e-06,4.1617429647299206e-08
Standard,1,3,MgCl2,0.1,51,3.972548363273453e-06,3.988682861441565e-08
Standard,1,3,MgCl2,0.1,52,3.957130299401198e-06,3.592366539915126e-08
Standard,1,3,MgCl2,0.1,53,4.023658522954092e-06,3.8195623244214464e-08
Standard,1,3,MgCl2,0.1,54,4.077553532934131e-06,3.540171651902504e-08
Standard,1,3,MgCl2,0.1,55,3.980234011976048e-06,3.50334863762066e-08
Standard,1,3,MgCl2,0.1,56,3.996937345309382e-06,3.672147597167791e-08
Standard,1,3,MgCl2,0.1,57,3.959461976047904e-06,3.5553851080964753e-08
Standard,1,3,MgCl2,0.1,58,3.967171097804391e-06,3.4954113380150454e-08
Standard,1,3,MgCl2,0.1,59,3.977640459081836e-06,3.4470896907229075e-08
Standard,1,3,MgCl2,0.1,60,4.016972255489022e-06,3.5192755673612667e-08
Standard,1,3,MgCl2,0.1,61,3.865997085828343e-06,3.719490685955032e-08
Standard,1,3,MgCl2,0.1,62,3.9388562874251504e-06,3.396863853305316e-08
Standard,1,3,MgCl2,0.1,63,3.860477105788423e-06,3.4173587394459924e-08
Standard,1,3,MgCl2,0.1,64,3.9651485628742525e-06,3.698881411360112e-08
Standard,1,3,MgCl2,0.1,65,3.904067724550898e-06,3.3563270210335275e-08
Standard,1,3,MgCl2,0.1,66,3.865497624750499e-06,3.89231989505861e-08
Standard,1,3,MgCl2,0.1,67,3.88510373253493e-06,3.6543421485136265e-08
Standard,1,3,MgCl2,0.1,68,3.9964374051896215e-06,3.6450772996652463e-08
Standard,1,3,MgCl2,0.1,69,3.918130858283433e-06,3.78625388353961e-08
Standard,1,3,MgCl2,0.1,70,3.89923754491018e-06,3.71427115833036e-08
Standard,1,3,MgCl2,0.1,71,3.861785568862276e-06,3.4167133937831984e-08
Standard,1,3,MgCl2,0.1,72,3.907232714570859e-06,3.7986459500937546e-08
Standard,1,3,MgCl2,0.1,73,3.965957704590819e-06,3.337549872167543e-08
Standard,1,3,MgCl2,0.1,74,3.951062814371258e-06,3.441567651323262e-08
Standard,1,3,MgCl2,0.1,75,3.835018103792415e-06,3.561154790509964e-08
Standard,1,3,MgCl2,0.1,76,3.97357141716567e-06,3.9321511422980936e-08
Standard,1,3,MgCl2,0.1,77,3.857574011976048e-06,3.686729869236229e-08
Standard,1,3,MgCl2,0.1,78,3.9107307784431136e-06,4.5980281512761776e-08
Standard,1,3,MgCl2,0.1,79,3.931312974051897e-06,4.045929088525068e-08
Standard,1,3,MgCl2,0.1,80,3.869399820359281e-06,4.6265153463137495e-08
Standard,1,3,MgCl2,0.1,81,3.857716906187624e-06,4.3130338211161533e-08
Standard,1,3,MgCl2,0.1,82,3.928885928143713e-06,4.067259055662456e-08
Standard,1,3,MgCl2,0.1,83,3.740910778443114e-06,3.994795951225557e-08
Standard,1,3,MgCl2,0.1,84,3.915370698602794e-06,3.808752772904778e-08
Standard,1,3,MgCl2,0.1,85,3.851697145708583e-06,3.6836558982032164e-08
Standard,1,3,MgCl2,0.1,86,3.883009860279441e-06,3.9156676035900175e-08
Standard,1,3,MgCl2,0.1,87,3.902354610778442e-06,3.525327017594541e-08
Standard,1,3,MgCl2,0.1,88,3.876680578842315e-06,3.946497309088497e-08
Standard,1,3,MgCl2,0.1,89,3.8642124750499e-06,4.033030148488697e-08
Standard,1,3,MgCl2,0.1,90,3.860477165668662e-06,3.618525093391654e-08
Standard,1,3,MgCl2,0.1,91,3.882296067864271e-06,3.8097137324310666e-08
Standard,1,3,MgCl2,0.1,92,3.923603373253493e-06,3.958408388226775e-08
Standard,1,3,MgCl2,0.1,93,3.9335256686626754e-06,4.0410805047684935e-08
Standard,1,3,MgCl2,0.1,94,3.93828499001996e-06,3.5868336078634855e-08
Standard,1,3,MgCl2,0.1,95,3.917297904191617e-06,3.698119980474953e-08
Standard,1,3,MgCl2,0.1,96,3.893003113772455e-06,3.4529428415266785e-08
Standard,1,3,MgCl2,0.1,97,3.898785648702596e-06,4.1045740195888114e-08
Standard,1,3,MgCl2,0.1,98,3.900641776447106e-06,4.5845612747982e-08
Standard,1,3,MgCl2,0.1,99,3.819932175648703e-06,4.1901330621557785e-08
Standard,1,3,MgCl2,0.1,100,3.954417664670659e-06,3.856523599740225e-08
