IDSant (5sp 1sa) [A]	IDSant (5sp 1sa) [A]	IDSdep (5sp 10sd) [A]	IDSdep (5sp 10sd) [A]	delIDS [A]	delIDS [A]	RatioIDS	RatioIDS
mean	std	mean	std	mean	std	mean	std
1.7589205157936745e-06	9.516495078113356e-07	1.7754505803012022e-06	9.905518093481268e-07	1.6530064507527716e-08	3.8993002807894405e-08	1.003853766808785	0.015668264628422406
4.611018003246737e-06	9.665711192009079e-07	4.600750192595888e-06	9.637030445608927e-07	-1.0267810650848166e-08	3.7460856812053306e-08	0.9978547365487467	0.009187768723139991
2.6353740186294062e-06	7.541488207179205e-07	2.636333606121089e-06	7.778718669565317e-07	9.595874916828404e-10	2.4170369325973555e-08	0.9988411820389831	0.008160333860548336
4.71288348636062e-06	1.449747332927723e-06	4.745751157684639e-06	1.4652282389844362e-06	3.286767132401919e-08	1.913741034810027e-08	1.00678027625904	0.0030300150371570813
2.7327538666666675e-06	8.733380675611558e-07	2.7182099333333346e-06	8.720348171176736e-07	-1.4543933333332642e-08	2.139052470729407e-08	0.9943691387231272	0.009689453618325851
4.849671933333333e-06	1.570503852985737e-06	4.8960053999999995e-06	1.5712341931494358e-06	4.6333466666667404e-08	6.03687832023768e-09	1.0101309071704607	0.0031106214901444416
3.0681763739188286e-06	8.771379149771757e-07	2.9374024351297427e-06	8.417805372332101e-07	-1.307739387890858e-07	6.73877203534507e-08	0.9572315505783037	0.02186545651463894
5.637726892880906e-06	1.7994120786277197e-06	5.449387445109776e-06	1.7537251838050566e-06	-1.883394477711301e-07	6.950713852061527e-08	0.9662401097294925	0.011154406723563902
3.5875057407407418e-06	9.983740161106916e-07	3.0252671957671948e-06	8.870351856399376e-07	-5.622385449735462e-07	1.3447303086967424e-07	0.8408939985635803	0.02738277403985949
6.71592997354497e-06	2.2678950471744725e-06	5.887519470899472e-06	2.0874741083216764e-06	-8.284105026454976e-07	1.8240228547326335e-07	0.8737012319631038	0.013713602565785658
1.7903236606690536e-06	1.0172951061989454e-06	1.7838126124216854e-06	1.0105927244642833e-06	-6.511048247368188e-09	5.387639661592472e-08	0.9982513057896027	0.044584304960123174
4.5928979315870835e-06	9.847395126681835e-07	4.59682262947624e-06	9.766223829726354e-07	3.924697889155815e-09	2.1895358924207095e-08	1.0010963986536927	0.005231291251032343
1.0171845865653687e-05	3.444048596078437e-06	1.0121295838997695e-05	3.4199060897185677e-06	-5.055002665599177e-08	3.195808804045014e-08	0.9952634608488434	0.0027207720109939278
2.624190698602792e-06	7.870420617077723e-07	2.6139987358616066e-06	7.810155098989004e-07	-1.0191962741185224e-08	3.10093074774816e-08	0.9964851897434936	0.014073562886334216
4.682046087824363e-06	1.4470936011576477e-06	4.685068030605466e-06	1.4616265196417112e-06	3.0219427811022864e-09	3.544688664781119e-08	1.0001091050334852	0.00886288765731563
1.0573015921490351e-05	3.2252781977629076e-06	1.043793681304059e-05	3.206441028018743e-06	-1.3507910844975963e-07	3.083974418261618e-08	0.9867295935417241	0.003826008276987493
2.719721133333333e-06	8.35558576998987e-07	2.7109779333333336e-06	8.097951755888482e-07	-8.743199999999884e-09	2.5909755337323496e-08	0.9983646941653584	0.007875223076011928
4.810333266666668e-06	1.5614293750780572e-06	4.818439666666667e-06	1.6003038213715075e-06	8.106399999999474e-09	3.8961034806071365e-08	1.0002239707209937	0.006794828347977838
1.0354916933333333e-05	3.2222902215886215e-06	1.0177213266666663e-05	3.1422663301293974e-06	-1.7770366666666982e-07	8.018257385351208e-08	0.9833505059090871	0.0026431563894906804
2.7799877045908194e-06	7.769984200323884e-07	2.77533994677312e-06	8.021563197418174e-07	-4.647757817698762e-09	8.978929323797851e-08	0.9968084561066243	0.03854848497241056
5.110113140385894e-06	1.6237041614131083e-06	5.175673938789086e-06	1.6483600800850476e-06	6.556079840319235e-08	3.0396103326088335e-08	1.012716832675911	0.004289920758448072
1.0606477285429144e-05	3.2403121118633677e-06	1.0359628456420497e-05	3.1325138647904507e-06	-2.4684882900864673e-07	1.0967396794950032e-07	0.9772704035876144	0.003202766160134958
3.184371640211641e-06	9.022716937372369e-07	3.0206946031746033e-06	8.253812307296989e-07	-1.636770370370372e-07	9.177052056041837e-08	0.9501387113594966	0.01894962004017321
5.962292962962963e-06	1.9440178568014316e-06	5.721667248677249e-06	1.9132479664086666e-06	-2.40625714285715e-07	6.582687694911301e-08	0.9580665802076717	0.01409434904139324
1.167411436507936e-05	3.658458983797276e-06	1.0664344814814813e-05	3.3265631833927637e-06	-1.0097695502645444e-06	3.403413592656504e-07	0.913597669377802	0.006978151371624224
1.8044831772624166e-06	9.795334680765154e-07	1.8112722375049865e-06	1.0322698606481e-06	6.789060242569838e-09	5.314154632332718e-08	0.9947609104231523	0.02600068954819575
4.6007375272934174e-06	9.509117752349779e-07	4.608311475429552e-06	9.323572237479444e-07	7.573948136134517e-09	2.5796761456278212e-08	1.0021902673699306	0.005795444027415924
1.0221365917632909e-05	3.4407882686242294e-06	1.021369838331331e-05	3.428858629397476e-06	-7.667534319600334e-09	3.586113027282989e-08	0.9993308915421037	0.0037323409068186464
2.6463668396540236e-06	8.236343627606801e-07	2.652307551563536e-06	8.196061902047132e-07	5.9407119095125655e-09	2.4381185703414406e-08	1.002758030040985	0.011379699318405207
4.6780330006653454e-06	1.4673312229858336e-06	4.670965914837006e-06	1.4895031467372827e-06	-7.067085828339322e-09	2.3771837147844767e-08	0.9975152511593585	0.0051613745006465275
1.0573920964737188e-05	3.2041446668353604e-06	1.0502706154357945e-05	3.190072705766358e-06	-7.121481037924445e-08	1.886108999082062e-08	0.9930855003519644	0.0017051313576701037
2.6617840666666663e-06	8.53260227732298e-07	2.6627376e-06	8.396235993528519e-07	9.535333333336928e-10	2.2332576344285153e-08	1.0014594975670674	0.009796380474955634
4.7592316e-06	1.5760043034132992e-06	4.8019880000000004e-06	1.57877763992029e-06	4.275639999999978e-08	1.8369204739454925e-08	1.0094714634845317	0.005238959221629068
1.0322412599999999e-05	3.205454473697415e-06	1.0267578533333336e-05	3.1693916772153106e-06	-5.483406666666335e-08	4.4369582024774846e-08	0.9951560653016945	0.0038623020924476096
2.620550053226876e-06	7.560131846872356e-07	2.691877258815697e-06	7.851046334326213e-07	7.132720558882086e-08	4.545375774689914e-08	1.0266862528083822	0.016547302103183885
4.85161186294079e-06	1.566393941259214e-06	4.999215894876912e-06	1.5820407140696095e-06	1.476040319361219e-07	1.832988402992746e-08	1.0316877591998115	0.006291737305014561
1.0109829627411843e-05	3.0865077507479665e-06	1.0150241190951432e-05	3.0635645848597563e-06	4.041156353958785e-08	4.4542825496464616e-08	1.0048011954588354	0.006253275324379493
2.884959021164019e-06	8.116825779097546e-07	2.857301904761904e-06	8.221649857839357e-07	-2.765711640211496e-08	9.040081893997614e-08	0.9894400939534824	0.0377612398051129
5.444112142857143e-06	1.7821617859895196e-06	5.455023994708995e-06	1.8268632483142887e-06	1.0911851851851798e-08	4.4711646841228975e-08	1.0005254694937382	0.006788603232523386
1.0826032328042323e-05	3.3792222533994285e-06	1.0550147671957674e-05	3.2839829083477096e-06	-2.758846560846484e-07	1.498393018054152e-07	0.9744369015186329	0.012260463624469704
1.7873985886978465e-06	1.0059669456595727e-06	1.8013007999466782e-06	1.016299057383331e-06	1.3902211248831592e-08	1.1674695235493305e-08	1.007369956890238	0.004573336699624631
4.600331283513791e-06	9.718950914120913e-07	4.5975894439216885e-06	1.0038612538739089e-06	-2.741839592101549e-09	3.469772232515397e-08	0.9984799303585494	0.007473301746526868
1.0249445970944923e-05	3.4213207136777206e-06	1.0267275345861624e-05	3.4527517382098184e-06	1.7829374916699254e-08	3.733783187119445e-08	1.001130465886019	0.003856346694033299
1.9485990297214333e-05	6.6019453019166355e-06	1.955997967479655e-05	6.7300636618155466e-06	7.398937758221412e-08	1.4564102628774002e-07	1.0027663300705558	0.005620656474801713
2.6130073386560185e-06	7.804305218668374e-07	2.6072173918828975e-06	7.816757078318314e-07	-5.789946773121452e-09	1.8636876743413872e-08	0.9976294043953825	0.008605160994590149
4.667420751829682e-06	1.4786375157287278e-06	4.68045978709249e-06	1.4668845728519898e-06	1.3039035262807738e-08	2.324420801927951e-08	1.0034476670500772	0.006098701658228182
1.0591709893546244e-05	3.2535494711883118e-06	1.05559953160346e-05	3.2830857665877267e-06	-3.5714577511642814e-08	3.326301252293212e-08	0.9958064737278507	0.004607513678320709
1.9650867731204263e-05	6.408332076713981e-06	1.9662798469727205e-05	6.47647929055787e-06	1.1930738522939398e-08	8.42302948870592e-08	1.0000061124221	0.003696897824175762
2.644537666666666e-06	8.567899032380184e-07	2.6744205333333333e-06	8.547121651473627e-07	2.9882866666666546e-08	1.3028328445864402e-08	1.0121223980204523	0.00688546633675917
4.762966733333334e-06	1.5293453257005931e-06	4.764477199999999e-06	1.5462786862305898e-06	1.5104666666655708e-09	2.6230176862791e-08	0.9996563032558802	0.006052872620070746
1.0297697200000001e-05	3.202271401662489e-06	1.0297221933333336e-05	3.167759520488151e-06	-4.752666666644404e-10	3.4629291971003904e-08	1.0006528341848753	0.0034828727790997163
1.9470688666666667e-05	6.462485284385368e-06	1.941156733333333e-05	6.416105563790018e-06	-5.912133333333985e-08	6.94675526079301e-08	0.9973467032145406	0.003754882740211203
2.6273550898203566e-06	7.402674531819539e-07	2.672461297405187e-06	7.792357737958339e-07	4.5106207584830474e-08	4.824029257116439e-08	1.0155348016602594	0.015757560974808234
4.749947125748508e-06	1.5639003689876699e-06	4.875945588822357e-06	1.6183594561769038e-06	1.2599846307384833e-07	7.107364055562163e-08	1.0261122478013238	0.012060807520397938
9.873335049900191e-06	2.980795871024578e-06	1.000100855622089e-05	3.0150007186099148e-06	1.276735063206976e-07	3.5121194941268416e-08	1.0130407446846668	0.0011358191858198505
1.951083206919496e-05	6.34280325393258e-06	1.9621627411842963e-05	6.359849070707371e-06	1.1079534264800685e-07	4.6388609401776086e-08	1.0059457943616472	0.0030191419037645596
2.7499188888888887e-06	7.995286843698524e-07	2.7847040476190487e-06	8.073004411844169e-07	3.478515873016e-08	5.635402460794264e-08	1.012660246869463	0.024145521668289503
5.1789180687830705e-06	1.6463725914431994e-06	5.2939337301587285e-06	1.748990836226285e-06	1.1501566137565885e-07	1.0420549302109908e-07	1.0198071863794753	0.0120193709253329
1.0163790132275132e-05	3.1855336873051277e-06	1.0262090185185177e-05	3.231492152559191e-06	9.830005291004615e-08	5.10678244544406e-08	1.0093139918177083	0.003270147412633425
2.0359364550264558e-05	6.8446415815963735e-06	1.993737592592592e-05	6.661441482278814e-06	-4.2198862433863903e-07	1.8632367382467938e-07	0.9796537831361719	0.0024000288074623446
1.8191989208316548e-06	1.029185345802302e-06	1.8251189241103442e-06	1.0040841813619397e-06	5.920003278689354e-09	2.6634421861185035e-08	1.0084786587061243	0.015182181532520808
4.607816117313657e-06	9.886992046889309e-07	4.583462941450094e-06	9.792167958798446e-07	-2.4353175863563294e-08	2.4853257125927022e-08	0.9948334402607194	0.005706109526982726
1.0383895332533672e-05	3.50587174977163e-06	1.0381594802079199e-05	3.5205387502731048e-06	-2.300530454474095e-09	1.490120396362627e-08	0.9994617461825502	0.0014080582650089597
1.9716967119818564e-05	6.672016700933014e-06	1.9785412741569886e-05	6.710968659744157e-06	6.8445621751323e-08	5.2254441189744325e-08	1.0033640045381917	0.001979938093446214
2.5995396806387194e-06	7.935821804308879e-07	2.610897558216898e-06	8.163916895160411e-07	1.1357877578178614e-08	3.2391300551108294e-08	1.003103423924751	0.012240435537548212
4.674796826347316e-06	1.4496618494605717e-06	4.663217085828355e-06	1.4761969736411136e-06	-1.1579740518961357e-08	2.6535226185606715e-08	0.9963278450712701	0.0057808976435807565
1.0617423186959417e-05	3.245572919200646e-06	1.0629684797072525e-05	3.244259763160041e-06	1.2261610113110395e-08	2.492526808725408e-08	1.0011778264499565	0.002605070664335042
1.9755840785096456e-05	6.405342359988178e-06	1.9816436793080497e-05	6.50748442154688e-06	6.059600798404145e-08	1.3418170896987176e-07	1.0023470803689012	0.005610084075556704
2.6702880666666672e-06	8.321540321987103e-07	2.679428e-06	8.409594305296543e-07	9.139933333332268e-09	8.812655720799478e-09	1.0030063446625626	0.0020060664023101708
4.719654533333333e-06	1.525578897981869e-06	4.769087733333333e-06	1.5418141082211617e-06	4.9433200000000616e-08	1.7323880549115136e-08	1.0104588015409657	0.0015844154951470538
1.0325911466666667e-05	3.1751343244015134e-06	1.0330281133333333e-05	3.209323344662262e-06	4.369666666667362e-09	4.299360999233838e-08	0.9998604480676617	0.0035925832273490488
1.950486466666667e-05	6.490781467959416e-06	1.9484441333333335e-05	6.468626297272191e-06	-2.0423333333337915e-08	2.7999772451459494e-08	0.9991520346995868	0.0014618747365619177
2.590450392548234e-06	7.827551167001841e-07	2.643186353958747e-06	7.501244611150647e-07	5.273596141051322e-08	3.61077677299559e-08	1.0237352773714845	0.017995196055239044
4.717570765136399e-06	1.5043164434647392e-06	4.81581734530939e-06	1.5354940862989172e-06	9.824658017299099e-08	3.2074789199124194e-08	1.0208424359698958	0.001976832832088674
9.822913932135726e-06	2.9976798759216024e-06	9.96153505655355e-06	3.018259655246666e-06	1.386211244178256e-07	2.2907813215734893e-08	1.014519627936706	0.0021728402742901033
1.9340032268795727e-05	6.337325317231125e-06	1.9554656353958762e-05	6.324799920231181e-06	2.1462408516303398e-07	3.915655695154289e-08	1.0120442341184186	0.0051941737060465865
2.7180034126984123e-06	8.23753204285991e-07	2.7420032539682552e-06	8.28295343739487e-07	2.3999841269842948e-08	6.238922922088897e-08	1.0088403974502202	0.027369227699822
5.0563979894179885e-06	1.5670867926266872e-06	5.161856825396827e-06	1.6512652390518483e-06	1.0545883597883832e-07	1.0292057750231079e-07	1.019100704817274	0.016543236879948978
9.8221205026455e-06	3.129351841235398e-06	1.0027268624338623e-05	3.1501636609618396e-06	2.0514812169312348e-07	3.560576265390679e-08	1.0217235977685857	0.004830153324702908
1.9825104761904762e-05	6.731883166483408e-06	2.0020569576719575e-05	6.729679454512689e-06	1.9546481481481467e-07	5.7418578052102887e-08	1.0105125936705417	0.004138328068307691
1.8489433837131727e-06	1.0678527367095e-06	1.8293277275756265e-06	1.039072630012578e-06	-1.9615656137546188e-08	3.2708501836793604e-08	0.9924246571804084	0.0139274164998164
4.5925037189528644e-06	9.747078651704213e-07	4.60156211309225e-06	9.851866195448941e-07	9.058394139385307e-09	1.1652078045805767e-08	1.0017259893415194	0.00218661509557205
1.050243448087439e-05	3.5430381218924766e-06	1.0513340482473769e-05	3.5459063673237933e-06	1.090600159937996e-08	7.285546782169594e-09	1.0010321460892593	0.0007381196901913517
2.0031326802612324e-05	6.743788600455703e-06	2.010452914834065e-05	6.7836431261872965e-06	7.320234572832601e-08	5.304739266088442e-08	1.0035561449467543	0.0019458229431369384
2.604282674650696e-06	7.89441918190489e-07	2.614419128409844e-06	8.018870692418962e-07	1.0136453759147323e-08	2.4229873150503807e-08	1.0033058045900052	0.010055161386910115
4.653294923486369e-06	1.4600571952945634e-06	4.66941137724552e-06	1.4570516770398842e-06	1.6116453759151035e-08	3.380426992392852e-08	1.003821381995045	0.009009452351640048
1.0666375668662686e-05	3.240351555718033e-06	1.0679018722554891e-05	3.286704006980799e-06	1.2643053892206235e-08	5.91754958462948e-08	1.000290776980207	0.00635852191148317
1.98475119760479e-05	6.4128497183297135e-06	1.994996280771789e-05	6.496905564112604e-06	1.0245083166999266e-07	8.484969427415808e-08	1.0046050187960889	0.0028036191871261278
2.6420738666666665e-06	8.492927353918974e-07	2.6419951333333336e-06	8.207335236897626e-07	-7.873333333235825e-11	3.1112430708211353e-08	1.0020176353568837	0.010848312891205518
4.7261708e-06	1.4962966863214245e-06	4.747707600000001e-06	1.4993762264467056e-06	2.1536800000001064e-08	1.6882338024102105e-08	1.0047169521911004	0.004374938559877736
1.0328770400000001e-05	3.1920144035646753e-06	1.0347605599999997e-05	3.205463817587038e-06	1.883519999999527e-08	3.258652749588088e-08	1.0017749054264675	0.0031283874881819986
1.9538719333333335e-05	6.452054150111376e-06	1.9600477333333333e-05	6.502065475297621e-06	6.17580000000035e-08	5.1104676380927084e-08	1.0028571673063364	0.0014366159708748872
2.629988463073848e-06	7.622837354032654e-07	2.6405848236859593e-06	7.781469831897067e-07	1.0596360612111203e-08	3.0397412294049304e-08	1.003253750527208	0.012506402112981714
4.7388189953426534e-06	1.5032590772348125e-06	4.811724610778448e-06	1.5139716647102252e-06	7.290561543579456e-08	2.0040380808681775e-08	1.0159029781824058	0.005077071046695584
9.833740372588162e-06	2.981498137988401e-06	9.955753113772451e-06	3.024373457723124e-06	1.2201274118428947e-07	4.299178554891007e-08	1.0122786932427095	0.0007871669347642795
1.9237635462408506e-05	6.305745550565181e-06	1.947791763140387e-05	6.395265123411801e-06	2.402821689953643e-07	1.1343843874595231e-07	1.012488354275183	0.004251466946107858
2.7423490740740734e-06	7.896778993252939e-07	2.7587813492063493e-06	8.267583351247871e-07	1.6432275132275884e-08	7.603362095230833e-08	1.0038394042331766	0.03210189388215724
5.084907354497356e-06	1.659645741427006e-06	5.1618257142857146e-06	1.6541904769221768e-06	7.691835978835898e-08	1.2619585946719823e-08	1.0162854503175398	0.005895109619739013
9.717133492063497e-06	3.068855985616934e-06	9.887244153439152e-06	3.1373813705592817e-06	1.7011066137565532e-07	7.0358230296003e-08	1.0171470175712878	0.0027494737065361778
1.9462241005291012e-05	6.534430226841585e-06	1.9892907142857144e-05	6.665505114134503e-06	4.306661375661325e-07	1.3676268552454592e-07	1.022215161645793	0.002362341703031509
1.8340322653605116e-06	1.067247843776491e-06	1.8347647676929098e-06	1.0988067030776975e-06	7.325023323981817e-10	4.164158037532696e-08	0.9938920806365031	0.029401604763110715
4.622758110334209e-06	9.78011380986438e-07	4.646631899117172e-06	9.917424993287753e-07	2.3873788782963472e-08	1.4364287270106086e-08	1.0049258833627108	0.0019378290303636919
1.0639135331200935e-05	3.5697259745782456e-06	1.0686739496201572e-05	3.5752017198713937e-06	4.7604165000636066e-08	8.083653242718186e-09	1.004669310734708	0.0010000486148163158
2.0447477902172614e-05	6.838508068417693e-06	2.047525755031333e-05	6.8900355631789455e-06	2.7779648140719395e-08	5.219993040389512e-08	1.0009176860297173	0.001980446208045054
2.593599101796405e-06	8.207633358126568e-07	2.6121348369926787e-06	8.05446647815945e-07	1.8535735196273392e-08	1.557151403623994e-08	1.0086887243624731	0.007381310049308345
4.67807245508983e-06	1.4123880528090125e-06	4.68118933466401e-06	1.4115833866529201e-06	3.116879574180428e-09	3.4847926728447966e-09	1.0007340056668035	0.000940148226553259
1.0746435495675312e-05	3.278565213236982e-06	1.0776067890884903e-05	3.2694829186108483e-06	2.9632395209589396e-08	1.4240212520827856e-08	1.0031272956112203	0.0023109079858127206
1.994605708582832e-05	6.460563678925834e-06	2.007042787757821e-05	6.494550196796924e-06	1.2437079174988976e-07	4.5272486171708156e-08	1.0063548556913509	0.0018786534574069772
2.6470818666666667e-06	8.455001295996431e-07	2.651372133333333e-06	8.457931572303553e-07	4.290266666666903e-09	2.3746106296682608e-08	1.0016742667180305	0.010975340231176628
4.713137533333332e-06	1.5097466363681054e-06	4.7383308e-06	1.4993319532776322e-06	2.519326666666757e-08	2.8170567422280297e-08	1.0060982999570032	0.007631332999142956
1.0364850066666668e-05	3.226377189373619e-06	1.0406092866666668e-05	3.2517204868282044e-06	4.124279999999826e-08	2.9012023873559577e-08	1.0036809529863806	0.002263948972569037
1.9578452e-05	6.488266227233287e-06	1.9682170666666667e-05	6.557093381417207e-06	1.0371866666666363e-07	6.899056701703585e-08	1.004929768089452	0.0016649074875884097
2.6308371190951395e-06	7.751619956378908e-07	2.6514668263473005e-06	7.831398163631699e-07	2.0629707252161152e-08	2.02150253403439e-08	1.007708268746869	0.008582818832236274
4.732370771789759e-06	1.4933288879053133e-06	4.783005222887563e-06	1.4961882064140112e-06	5.063445109780364e-08	1.965807253038824e-08	1.0112541110297897	0.0057445829193153875
9.888365349301393e-06	2.989378012304536e-06	9.978151071190942e-06	3.013881369890628e-06	8.978572188955007e-08	2.7557508172331698e-08	1.0090936813991982	0.001420610055693703
1.923017252162341e-05	6.348355310279496e-06	1.9461287159015312e-05	6.422923932408412e-06	2.311146373919022e-07	7.920390017576312e-08	1.01208125591729	0.00169372936133778
2.7433273015873025e-06	8.091721954926759e-07	2.8105953703703696e-06	8.386069712291405e-07	6.72680687830674e-08	2.9506106238258315e-08	1.0238887494923785	0.003396090628274893
5.110010211640213e-06	1.628268132787586e-06	5.1702776455026475e-06	1.631296312869014e-06	6.02674338624337e-08	2.1659253796787522e-08	1.0124160512834737	0.00596386536103483
9.759422566137566e-06	3.0729436578639504e-06	9.881220687830687e-06	3.127065431902043e-06	1.2179812169311968e-07	5.871193359971331e-08	1.0120829766081325	0.0035235813058399445
1.9212408730158736e-05	6.488932229039434e-06	1.959472619047618e-05	6.599371871089476e-06	3.823174603174442e-07	1.1630785709031752e-07	1.0201715266181481	0.002708845709596545
1.8433172888177993e-06	1.1149395837257694e-06	1.8483761705984168e-06	1.1025807267806825e-06	5.058881780617572e-09	1.24713617681872e-08	1.005858680973514	0.008002881570723926
4.661174812646162e-06	9.657860292783943e-07	4.637839335040894e-06	9.856125372792568e-07	-2.3335477605267827e-08	2.220645026108191e-08	0.9943322470692486	0.005254714726225897
1.0848371916566712e-05	3.6060926161146806e-06	1.0869692479008433e-05	3.637252569999145e-06	2.1320562441720865e-08	3.194404699257646e-08	1.0015102513920076	0.002092783905948736
2.1069690697054544e-05	6.923781548898714e-06	2.1067969652139158e-05	6.96092379223026e-06	-1.7210449153902201e-09	3.941120580028846e-08	0.9995059456885436	0.002146804523204827
2.5603109647371904e-06	8.217493547184032e-07	2.564808190286092e-06	8.465804198149972e-07	4.497225548901328e-09	2.5356115975312847e-08	1.0000140605314993	0.008464658340182075
4.684013173652705e-06	1.4378527190760351e-06	4.698019953426488e-06	1.4513572471641715e-06	1.4006779773783005e-08	1.4001603401228963e-08	1.0026307700178347	0.001997186793175953
1.0805396307385227e-05	3.272528091494173e-06	1.082733318030605e-05	3.2826655655610508e-06	2.19368729208233e-08	2.205379840201347e-08	1.0019115608134517	0.00220106438949523
2.0064033799068538e-05	6.483999591446102e-06	2.019261696606785e-05	6.518324567654327e-06	1.2858316699931314e-07	4.103750342497725e-08	1.0065249211492546	0.001461280556352188
2.6570154000000005e-06	8.308140209454337e-07	2.674977533333333e-06	8.29584352861849e-07	1.796213333333271e-08	1.3117197359699775e-08	1.007300902137979	0.006620257521062517
4.781087400000001e-06	1.5072114448522085e-06	4.768450333333334e-06	1.507214043505439e-06	-1.2637066666666405e-08	3.338100084379515e-09	0.9972000075942509	0.0011336221584304178
1.0393698933333329e-05	3.2368075039850293e-06	1.0438045066666665e-05	3.242519658466584e-06	4.4346133333336097e-08	1.9583157890731395e-08	1.0044969702795095	0.0024275466445289585
1.9621133333333334e-05	6.484798281234149e-06	1.9744161333333336e-05	6.545155441012641e-06	1.2302800000000197e-07	6.058307846255672e-08	1.0060465460445724	0.0011192716080941634
2.600729560878241e-06	7.820628168925e-07	2.627006220891546e-06	7.789453256928279e-07	2.62766600133046e-08	1.751110422611083e-08	1.0109095520003095	0.009031174220751316
4.769188749168337e-06	1.4894895081780662e-06	4.811685196274129e-06	1.495049388409787e-06	4.249644710579168e-08	4.0757589176119985e-08	1.0093099072917613	0.010559853050471826
1.00013419760479e-05	3.0515724972712426e-06	1.0032686280771791e-05	3.065533182778207e-06	3.134430472388884e-08	3.037371601385468e-08	1.0031354266623713	0.003006484492765844
1.92269514304724e-05	6.2705222911927805e-06	1.9437319161676675e-05	6.389188609437493e-06	2.1036773120427412e-07	1.2015786675947105e-07	1.0104313376278453	0.0024763930394039652
2.7589694973544964e-06	8.365389781972062e-07	2.770071507936508e-06	7.93534010137169e-07	1.1102010582010818e-08	4.303465757367986e-08	1.007121217982184	0.01542223043160507
5.147381984126983e-06	1.6517381459487336e-06	5.148547433862434e-06	1.671073725893523e-06	1.1654497354511868e-09	4.911628362509959e-08	0.9995315414896243	0.011325589044272038
9.923731349206347e-06	3.0584056705053355e-06	9.949720370370371e-06	3.0855960766993776e-06	2.5989021164022996e-08	5.5054099315468e-08	1.0021098721783082	0.00640044786541914
1.9191058730158733e-05	6.3676410354265045e-06	1.935624497354497e-05	6.5038138856209876e-06	1.6518624338623735e-07	1.367616755654016e-07	1.0076936231539415	0.004360335432251123
1.8386049123017367e-06	1.1255419799501094e-06	1.866992483673188e-06	1.1046590813241514e-06	2.8387571371451616e-08	2.3421553513076714e-08	1.023500528778925	0.02258697812235032
4.624626223537641e-06	9.313678536223156e-07	4.6462080395119075e-06	9.857063538793125e-07	2.1581815974266327e-08	5.6043157472967105e-08	1.0033014029042768	0.010909672047578792
1.0945585928295362e-05	3.6356018937843347e-06	1.0962752684259645e-05	3.669331732169069e-06	1.7166755964281457e-08	4.8661692376880637e-08	1.0009093688814445	0.0051313919845240585
2.1560291776622547e-05	7.008660559401101e-06	2.1504278621884397e-05	7.005150204678938e-06	-5.601315473815368e-08	9.60634489427974e-09	0.9972712917766158	0.0007031602593952524
2.600721663339985e-06	8.138312301218174e-07	2.5985800266134362e-06	8.248585149322279e-07	-2.1416367265490713e-09	1.3304956352110096e-08	0.9983532890582844	0.005195077252063178
4.632355848303402e-06	1.4770918595610566e-06	4.662193812375261e-06	1.46183017909015e-06	2.9837964071859086e-08	1.9385179399911057e-08	1.007466422589876	0.005782442887194785
1.0817545768463076e-05	3.2597755456276178e-06	1.0873937677977367e-05	3.271680427829203e-06	5.6391909514289514e-08	2.3790507941251806e-08	1.0053662666975687	0.0023685269349173785
2.0130618363273464e-05	6.486948055997733e-06	2.0216481636726555e-05	6.538350195582904e-06	8.586327345309074e-08	5.158373297544313e-08	1.0040097687753167	0.0012684417754694373
2.6513726666666665e-06	8.303877073346482e-07	2.6731494e-06	8.567481615600461e-07	2.1776733333333016e-08	3.6418909862505524e-08	1.0067893107121062	0.01377343726022205
4.7388876e-06	1.532814430528261e-06	4.7420656000000005e-06	1.5147849387078543e-06	3.1780000000003383e-09	1.8338620497735493e-08	1.0014471425863487	0.0037036087501282687
1.0429062533333329e-05	3.2325319995968572e-06	1.04266826e-05	3.2416464935211476e-06	-2.379933333329616e-09	3.2602792430304315e-08	0.9996854244189816	0.0032525270305100345
1.959776466666667e-05	6.452335222664847e-06	1.9736527333333334e-05	6.531200449704891e-06	1.3876266666666053e-07	1.0016422020528248e-07	1.0068335330110851	0.003614802995506244
2.6346442581503623e-06	8.082054117618884e-07	2.647469427811041e-06	7.711335365063015e-07	1.2825169660679601e-08	5.032938126626924e-08	1.007759359858267	0.020788097300171948
4.78418705256155e-06	1.536129766167927e-06	4.790548017298745e-06	1.5058919371341447e-06	6.360964737195127e-09	3.4058100140788984e-08	1.0026042817590637	0.007007926314647495
1.004006268795741e-05	3.024630872198744e-06	1.003071926813041e-05	3.0532304964021284e-06	-9.343419826999615e-09	3.756185699023456e-08	0.9983798293383396	0.004729322214529009
1.9235351363938797e-05	6.321139307779342e-06	1.9410726613439778e-05	6.37196305018964e-06	1.7537524950098084e-07	5.629798370022057e-08	1.009232274749292	0.0016312837240185366
2.759948280423281e-06	8.199833087040588e-07	2.7815501587301594e-06	8.00083379286942e-07	2.16018783068788e-08	2.0145590375235585e-08	1.0095816130709705	0.00911004071071423
5.190492724867725e-06	1.6795169005174409e-06	5.169583544973546e-06	1.640751591073619e-06	-2.0909179894180108e-08	3.906111036395985e-08	0.9971653034520754	0.005661339192347685
9.999986428571427e-06	3.078317895250881e-06	1.0003802222222222e-05	3.064551714486837e-06	3.815793650794763e-09	3.054226358192269e-08	1.0006008146751477	0.003146681426141377
1.922703650793651e-05	6.296065796599003e-06	1.938756825396825e-05	6.403419579840761e-06	1.6053174603174243e-07	1.0746598577111278e-07	1.007764438703571	0.0026807252950735994
1.8375515898973643e-06	1.1263753011235224e-06	1.8768478705850876e-06	1.1174777668062537e-06	3.929628068772311e-08	1.758009059089014e-08	1.0285477728683896	0.02286360417694407
4.633715423596339e-06	9.650591731300203e-07	4.634352153263869e-06	9.50021704007249e-07	6.367296675301967e-10	3.832857461162101e-08	1.0006346717101342	0.00938450491419665
1.071739569772096e-05	3.573745719142766e-06	1.0766116894575545e-05	3.597635598023515e-06	4.8721196854583405e-08	2.396163107789017e-08	1.0043983418667628	0.000670227490316623
2.0740732413701158e-05	6.887471989490879e-06	2.073674846061574e-05	6.942403445700786e-06	-3.983953085414808e-09	5.6886430314937585e-08	0.9991832645202289	0.003108170649183718
2.569662122421822e-06	8.21110749155435e-07	2.5735722621423805e-06	8.260448651303272e-07	3.9101397205584845e-09	1.6899419925181758e-08	1.0012441619168782	0.007858363359141238
4.662796813040601e-06	1.4551467627642857e-06	4.695593020625426e-06	1.450785264755005e-06	3.2796207584826806e-08	2.4267695103326616e-08	1.0076313435171818	0.006881124772181019
1.0758776833000666e-05	3.2409592021854142e-06	1.0784608383233532e-05	3.279265668696881e-06	2.583155023286671e-08	3.912798714145991e-08	1.0018669852092328	0.002692227892520934
1.999198549567531e-05	6.444668676894916e-06	2.010928496340654e-05	6.504178071864112e-06	1.1729946773122845e-07	6.122056389331305e-08	1.0056644216179313	0.0011527452518264312
2.647398733333333e-06	8.542804369357012e-07	2.6608300666666666e-06	8.424207547750544e-07	1.3431333333333652e-08	1.4928446533156878e-08	1.0062317919699935	0.006665470387184749
4.760423599999999e-06	1.4681162338704243e-06	4.755178066666666e-06	1.4950276671148828e-06	-5.245533333333159e-09	3.041823537047003e-08	0.9977953527766822	0.006491320213202609
1.03718428e-05	3.2445224140035815e-06	1.0420563333333333e-05	3.2638584317106487e-06	4.872053333333306e-08	2.2095928499462637e-08	1.004652402286574	0.0011202652313557038
1.957543066666667e-05	6.457477556562577e-06	1.971404066666667e-05	6.5256044343402705e-06	1.3860999999999743e-07	6.922680899766864e-08	1.00685896811136	0.00115417775531682
2.6032514836992642e-06	7.659578312484452e-07	2.608716307385229e-06	7.435212073858429e-07	5.464823685964026e-09	4.535548850104864e-08	1.0039161411213373	0.020489070200946306
4.75412687292083e-06	1.4867150165587524e-06	4.758504990019965e-06	1.5230218998917033e-06	4.378117099135932e-09	3.797114122273531e-08	0.9995283793710624	0.007373148577813417
9.928746087824355e-06	3.006203477337194e-06	9.965222302062538e-06	2.999002088052267e-06	3.647621423818273e-08	3.594800922551908e-08	1.0041529668818623	0.004930236124651885
1.919948463073853e-05	6.275353831980992e-06	1.9427706121091156e-05	6.363189779405022e-06	2.2822149035262457e-07	8.887642382167271e-08	1.0117656500976715	0.0009255583187319781
2.7413721164021172e-06	8.490025378603922e-07	2.7433284126984128e-06	8.23071054533638e-07	1.956296296295946e-09	2.7393099317299992e-08	1.002491155591357	0.009163855763524825
5.09995015873016e-06	1.6340499643475047e-06	5.1408848677248675e-06	1.6754210480729528e-06	4.093470899470751e-08	5.5766297714695686e-08	1.0070224741145086	0.010111720716936057
9.802314444444443e-06	3.0612175258217176e-06	9.798719576719577e-06	3.07609660058044e-06	-3.594867724865212e-09	1.9363440129092057e-08	0.9993443221813222	0.001854474590032467
1.910754550264551e-05	6.396712818177217e-06	1.938434417989418e-05	6.503432054472801e-06	2.7679867724866977e-07	1.178920704921133e-07	1.0144168628607957	0.003056885869626007
1.8096422375049875e-06	1.0939780901111557e-06	1.8213089288284586e-06	1.0577104165862236e-06	1.1666691323471029e-08	3.813613222218791e-08	1.0150521598885087	0.02260665084119004
4.642423909016676e-06	9.42458655950936e-07	4.645506225077525e-06	9.561457519084266e-07	3.082316060848976e-09	1.628253504155435e-08	1.0003227883508201	0.0032539045179573465
1.0582502063174813e-05	3.5907894548635607e-06	1.0602991713981165e-05	3.590668200702611e-06	2.048965080635179e-08	1.8746019802223456e-08	1.0020182647469564	0.0020041558670187815
2.0229375516460106e-05	6.789687882913648e-06	2.0302244902039257e-05	6.829937351773682e-06	7.286938557915284e-08	4.88311680094946e-08	1.0034838360722544	0.0015388896239838523
2.623167611443776e-06	7.887832381626019e-07	2.603727318695939e-06	7.849534022452592e-07	-1.9440292747836586e-08	4.152198219296098e-08	0.9925021889457847	0.019025196071502225
4.650471197604801e-06	1.4374284360678154e-06	4.6879469328010755e-06	1.4538400541868699e-06	3.7475735196274305e-08	1.6583513307436612e-08	1.007867015897989	0.00111882011606562
1.0681040445775123e-05	3.2738677098227402e-06	1.0750345236194283e-05	3.287413775788559e-06	6.930479041915835e-08	1.3752587691014251e-08	1.0066398766625084	0.0008261582101936289
1.9922233865602126e-05	6.429752173159639e-06	2.0034210046573533e-05	6.476142172128343e-06	1.1197618097140512e-07	5.013185324529306e-08	1.005545598530275	0.001090764105348804
2.6477179999999997e-06	8.366831130564056e-07	2.6482730666666662e-06	8.410829324699035e-07	5.550666666666313e-10	6.011761106242817e-08	1.0004869446549638	0.027271485374417457
4.727283600000001e-06	1.4830165478328558e-06	4.755336600000001e-06	1.4834904944165836e-06	2.8052999999999262e-08	1.8132215409045282e-08	1.0062776085910417	0.004979567939462835
1.0329008066666667e-05	3.257314347784849e-06	1.0382731933333334e-05	3.2171670742632956e-06	5.372386666666544e-08	5.061293563717796e-08	1.0062562749394697	0.005571492321047503
1.9548492000000002e-05	6.469454814430966e-06	1.9697429999999998e-05	6.530002278214917e-06	1.489379999999968e-07	7.323479380731316e-08	1.0075706663969461	0.002404274203930796
2.604742794411175e-06	7.460967076407627e-07	2.6343902594810343e-06	7.244611969336455e-07	2.964746506985942e-08	3.100948497415796e-08	1.0134586168055095	0.015087458515405128
4.74593352628078e-06	1.506740279227767e-06	4.74832091151032e-06	1.5155011569334922e-06	2.387385229540194e-09	9.164504873384459e-09	1.0001807093410886	0.001687859769502325
9.84705731204258e-06	2.974843790848766e-06	9.894099667332003e-06	2.98893092396466e-06	4.704235528942398e-08	1.4139987260736126e-08	1.0047835641244107	0.00014733127747088468
1.91745017298736e-05	6.3089873993464e-06	1.9495905322687956e-05	6.432968979473061e-06	3.21403592814357e-07	1.2850137377667873e-07	1.0166195321196974	0.0020780593504538198
2.705766587301587e-06	8.042098090228089e-07	2.715133227513228e-06	8.208481516285552e-07	9.366640211640754e-09	1.7881865084664547e-08	1.0024953880821765	0.005896238333425863
5.046527089947091e-06	1.632839927168376e-06	5.087745873015875e-06	1.6407970364542274e-06	4.1218783068786176e-08	3.275830193236902e-08	1.0083598248829178	0.007786455009650529
9.690391243386242e-06	3.0578752041563325e-06	9.721421058201057e-06	3.066918325939822e-06	3.102981481481507e-08	3.26149434988419e-08	1.0033194592612935	0.0038315902037802867
1.9159869312169315e-05	6.4443627955102225e-06	1.972554444444445e-05	6.588224033925706e-06	5.656751322751348e-07	1.6568142052762574e-07	1.0301782266935462	0.006247635715143646
1.799202041303469e-06	1.042073361162043e-06	1.8363710073303942e-06	1.043919982982169e-06	3.716896602692511e-08	2.4431749053331672e-08	1.0251265206608842	0.024337157190145224
4.595993917928134e-06	9.836393070301537e-07	4.619998767046535e-06	9.684255287178149e-07	2.4004849118399907e-08	1.6024462432723854e-08	1.0058104026851806	0.004346875206754675
1.0417122918832533e-05	3.5191004901729453e-06	1.0462628911102311e-05	3.506130344278766e-06	4.550599226977924e-08	1.380067266995621e-08	1.0049499405298796	0.0025833665463771936
1.9816875942956032e-05	6.695473369499293e-06	1.9932849300279886e-05	6.7423656909050935e-06	1.1597335732385887e-07	4.9983175759563684e-08	1.005800590191744	0.0009765108871451836
2.6060832401862906e-06	8.086618493033303e-07	2.6320188622754458e-06	7.926699913887104e-07	2.5935622089155174e-08	1.6070643926465273e-08	1.011664896260208	0.008320096423461943
4.6367021556886305e-06	1.4572988965869864e-06	4.6896047039254925e-06	1.4601487569170545e-06	5.290254823686206e-08	4.902479358253429e-08	1.012062744279554	0.01334313449069705
1.0640075469061886e-05	3.232544592947513e-06	1.0672213459747176e-05	3.256959737302119e-06	3.213799068529091e-08	4.270273624754317e-08	1.002854836306938	0.0036363641290289637
1.9823723819028606e-05	6.433581622481475e-06	1.992812029274783e-05	6.460372001340371e-06	1.0439647371922572e-07	2.679038906338586e-08	1.0053413535532076	0.0003518416208497955
2.6345261333333343e-06	7.926413125760571e-07	2.6497849333333336e-06	8.036275403595445e-07	1.5258799999999292e-08	1.568748031903036e-08	1.0053158967533682	0.00577921340764474
4.736503666666667e-06	1.523026128854162e-06	4.747391666666667e-06	1.5126955622896818e-06	1.0887999999999852e-08	1.1401084469469752e-08	1.0028565194381471	0.0028645946833296917
1.0312242266666667e-05	3.1912211113403722e-06	1.0395050266666663e-05	3.2196182202424976e-06	8.280799999999628e-08	3.682346176502255e-08	1.007898237404388	0.0027057374338644016
1.9469664666666665e-05	6.439386780346195e-06	1.966507933333333e-05	6.5237279353799994e-06	1.9541466666666947e-07	8.43908431604672e-08	1.0098265467335086	0.0009541270676521942
2.5673459214903516e-06	7.54530240782035e-07	2.6003089820359266e-06	7.475141340460521e-07	3.2963060545575246e-08	8.474735887970152e-09	1.0139968760400067	0.0063641870294740875
4.690786360612112e-06	1.5160004806834645e-06	4.7680860944777205e-06	1.5281456920665454e-06	7.729973386560796e-08	1.2705542861106849e-08	1.017004103366945	0.0026051700937686387
9.763566393878907e-06	2.9265051316424723e-06	9.889015515635388e-06	2.9757675851173886e-06	1.2544912175647926e-07	5.3274455716823046e-08	1.0126795723145918	0.002377018944291232
1.914883619427813e-05	6.2716907603377755e-06	1.961417358616099e-05	6.455663091278963e-06	4.6533739188286156e-07	1.9912427406144728e-07	1.0240864652924355	0.004661754457830803
2.6692150264550255e-06	8.071775449673295e-07	2.6864981481481483e-06	8.185610310125768e-07	1.7283121693122292e-08	4.051374844983253e-08	1.0063664513114499	0.01732831012018473
5.032209576719577e-06	1.5878063397019551e-06	5.093390476190479e-06	1.630673531403024e-06	6.118089947090155e-08	4.9784409034805853e-08	1.0112481620649802	0.0076929510069351755
9.588528121693123e-06	3.039894048848275e-06	9.836816481481484e-06	3.1048469333263086e-06	2.4828835978836e-07	7.005372594307976e-08	1.0262726277453211	0.003877599735694366
1.929976560846561e-05	6.508986474020433e-06	2.0301561640211644e-05	6.816101408584654e-06	1.0017960317460327e-06	3.319137688432523e-07	1.0524750658742226	0.008581849414476823
1.7911434466213384e-06	1.0024883275132707e-06	1.7901075597760819e-06	1.0334743429367482e-06	-1.0358868452566697e-09	3.1581879750640104e-08	0.9934420604163027	0.017092175427590048
4.623950831147118e-06	1.0092202083687027e-06	4.624751208867117e-06	9.79195123269232e-07	8.003777200000814e-10	3.307253371438438e-08	1.0010365332884206	0.006754706788396251
1.0277189704118316e-05	3.516478881047018e-06	1.0348927819538851e-05	3.5030898913772336e-06	7.17381154205349e-08	1.5079707309156884e-08	1.0077776279916872	0.003499230758450058
1.957100009329584e-05	6.661513556518206e-06	1.9685721711315292e-05	6.723964698026075e-06	1.147216180194543e-07	6.825614799679845e-08	1.0056510824483904	0.0017153452841311546
2.5881659614105096e-06	8.005638803689421e-07	2.627323725881568e-06	7.908461028029492e-07	3.915776447105755e-08	1.375092027678763e-08	1.01668241611886	0.008724115864564983
4.657680645375926e-06	1.4250963506356025e-06	4.6696017764471155e-06	1.4222922707701626e-06	1.192113107118868e-08	1.5841793290494734e-08	1.0028128582197333	0.004240223200523529
1.0548285888223556e-05	3.2352255505535383e-06	1.0641272501663353e-05	3.264027568750225e-06	9.298661343979697e-08	2.9407652032289617e-08	1.0087917430231323	0.0006586427324067932
1.968046946107784e-05	6.42610002904898e-06	1.982467558216898e-05	6.4864052741013176e-06	1.4420612109114432e-07	6.340692004683595e-08	1.0071531493349257	0.001504527748789196
2.644936266666666e-06	8.13436852639227e-07	2.6435041999999998e-06	8.590887493521012e-07	-1.4320666666666253e-09	4.566605906461924e-08	0.9962423344508999	0.015687058874807862
4.759710066666668e-06	1.5243897397274024e-06	4.7828359999999995e-06	1.5051800228222146e-06	2.3125933333331804e-08	2.05248575793679e-08	1.0059243830696423	0.005292927472754088
1.0252878266666666e-05	3.215981957205639e-06	1.0358334066666667e-05	3.219193939384493e-06	1.0545580000000012e-07	2.0101906179265527e-08	1.0109639511257773	0.004215533331410085
1.9384780666666666e-05	6.41523349781201e-06	1.9624714666666663e-05	6.485501641066896e-06	2.3993399999999826e-07	8.890743800156233e-08	1.0123867578813768	0.003263131757254177
2.577506107784429e-06	7.268526825708048e-07	2.5878566799733856e-06	7.546879932907517e-07	1.0350572188957022e-08	2.8484239748078256e-08	1.0023664117465796	0.009296633598883327
4.709242648037263e-06	1.5374568308655658e-06	4.804086872920828e-06	1.5915448253532987e-06	9.484422488356516e-08	5.8791031641063095e-08	1.0191560925916219	0.00772924382547933
9.730976420492344e-06	2.9309526539554816e-06	9.936978988689275e-06	3.006397792374671e-06	2.060025681969323e-07	1.0198550793843643e-07	1.0211305495674565	0.007974314142746877
1.9205758216899557e-05	6.201972856064574e-06	1.9981507185628742e-05	6.482010599852653e-06	7.757489687291813e-07	2.909995916053438e-07	1.0402047807710169	0.004859060104344303
2.6753331481481478e-06	8.190583438948543e-07	2.743611111111112e-06	7.944199186760347e-07	6.827796296296397e-08	6.202442570656965e-08	1.0293243545710278	0.032547648518381614
4.960651878306877e-06	1.5831891715598777e-06	5.154918386243385e-06	1.657446579895231e-06	1.9426650793650674e-07	7.572603574373837e-08	1.0386753756203153	0.0044440507406808055
9.657656825396824e-06	3.0092577101265135e-06	1.0179118518518513e-05	3.180535040216526e-06	5.214616931216894e-07	1.9391164090848817e-07	1.0541281348410139	0.011164995664661378
1.9270122486772488e-05	6.535356126425857e-06	2.1128268253968248e-05	7.075862393875382e-06	1.8581457671957573e-06	6.033730326205266e-07	1.0979778967739813	0.019241553987324907
1.7725764848727072e-06	1.004031961314534e-06	1.8255462702918726e-06	9.906807793672853e-07	5.2969785419165283e-08	1.7443224439667633e-08	1.0384342391035666	0.025225922505398915
4.619218018661752e-06	9.509682379948472e-07	4.609560746347061e-06	9.60356733946153e-07	-9.657272314690068e-09	1.7660117352631206e-08	0.9976179588123119	0.00415934998134707
1.0203943687858135e-05	3.463789948708788e-06	1.0296508561908539e-05	3.4802550776014323e-06	9.256487405040499e-08	3.079715085365095e-08	1.0093012077635206	0.0029461939281132973
2.6030931071190926e-06	8.007775367350777e-07	2.6228818097139017e-06	7.553361536296863e-07	1.9788702594809512e-08	4.934718155878958e-08	1.0112464589757926	0.01970526679104813
4.669863546240861e-06	1.4736181744148901e-06	4.683854431137732e-06	1.4686672882519361e-06	1.3990884896870844e-08	1.878563757173811e-08	1.0033745795595823	0.005057566403931754
1.0501642761144384e-05	3.2643506998852575e-06	1.0654747771124416e-05	3.272773538401668e-06	1.5310500998003305e-07	6.267087518772261e-08	1.0151545252730296	0.006768214507585516
2.655108133333333e-06	8.494586213785416e-07	2.6954819999999994e-06	8.316055873565777e-07	4.0373866666666524e-08	2.5614879976554945e-08	1.0175579352745134	0.014289287533190632
4.7495364666666665e-06	1.5316984350136322e-06	4.804133733333334e-06	1.5670443429631634e-06	5.459726666666777e-08	3.55531223913367e-08	1.0107755613002027	0.0035002082350407706
1.0224417866666668e-05	3.1705242685836115e-06	1.0402439333333332e-05	3.2228302683723044e-06	1.7802146666666416e-07	5.355580132957982e-08	1.0175098321423304	0.0014125920011868426
2.543004377910843e-06	7.254439233986322e-07	2.654123739188287e-06	7.395831008032994e-07	1.111193612774436e-07	1.7240510965017577e-08	1.044921269602409	0.008130785280902775
4.7205450432468465e-06	1.5432965778329647e-06	4.932940871590154e-06	1.5778848268084108e-06	2.1239582834330696e-07	4.4740444567815714e-08	1.0463947167796366	0.009608071723431293
9.721521623419824e-06	2.9408258191845626e-06	1.0169196759813702e-05	3.119740478292289e-06	4.476751363938769e-07	2.0408132273231e-07	1.04551414096811	0.01162785800321762
2.6558436243386255e-06	7.599888500552697e-07	2.8544323015873008e-06	8.207518375874975e-07	1.9858867724867603e-07	7.720851145621454e-08	1.0749451289222502	0.021784432972336655
5.027352063492065e-06	1.701324217309869e-06	5.4151617460317445e-06	1.7660457138589204e-06	3.8780968253968036e-07	6.568699494448952e-08	1.0798251616422971	0.012308033659034143
9.80200121693122e-06	3.0736749144670935e-06	1.0769295820105817e-05	3.3202417619096263e-06	9.672946031745998e-07	2.700930728043463e-07	1.1002178855001692	0.016252061491042094
1.7785297755564338e-06	1.0174282847350447e-06	1.7887332155137878e-06	9.94048014925108e-07	1.0203439957353986e-08	2.3571548320983095e-08	1.01136636570292	0.014826986322767258
4.586982569413083e-06	9.770102902953544e-07	4.588044232179817e-06	9.895655229875895e-07	1.0616627667352784e-09	1.6160540539614043e-08	0.9998737798023726	0.0036291289932761594
1.0147390726376062e-05	3.3939958616691532e-06	1.0270550354524838e-05	3.436037909766726e-06	1.231596281487756e-07	4.5426153668406376e-08	1.012057427389844	0.002041198628357283
2.621708190286092e-06	7.746993529201208e-07	2.6430910844976666e-06	7.710094419811573e-07	2.1382894211575185e-08	1.6291970490622958e-08	1.0088618361110593	0.008163877358284199
4.6691498003992085e-06	1.47629839696076e-06	4.703468829008657e-06	1.4705776511417851e-06	3.431902860944778e-08	6.473409962441668e-09	1.0080222474936547	0.0032938968034420452
1.045654330006654e-05	3.1904398510274466e-06	1.070106039920159e-05	3.2302377007723936e-06	2.4451709913505176e-07	4.451490739678474e-08	1.0239915424990478	0.0034089072206777097
2.647241333333333e-06	8.221587537223779e-07	2.7186884000000006e-06	8.434854255487297e-07	7.144706666666786e-08	2.1823222141868732e-08	1.0270357050208032	0.0021486230509461146
4.751999733333334e-06	1.5742330990687037e-06	4.865805999999999e-06	1.5734188965336206e-06	1.138062666666648e-07	2.0275988613465328e-08	1.0255633600292111	0.009048950205959415
1.0152339133333333e-05	3.174111447788185e-06	1.042199086666667e-05	3.2109570703726616e-06	2.6965173333333544e-07	3.6873466617793325e-08	1.0275260134423732	0.004674421846825049
2.5735959680638693e-06	7.195651720838413e-07	2.7762122155688637e-06	7.860503513698803e-07	2.02616247504994e-07	6.774094000233677e-08	1.0780612674983712	0.0073270714575688935
4.76566717897539e-06	1.53505305596394e-06	5.169344836992675e-06	1.6612553288873668e-06	4.0367765801728593e-07	1.2691410678709383e-07	1.084886369499486	0.003717553985089944
9.847146373918819e-06	3.0011122369209928e-06	1.06874561942781e-05	3.332003421159804e-06	8.403098203592804e-07	3.4285974710154043e-07	1.08415014633844	0.011712503295133202
2.690788386243387e-06	7.555975328716288e-07	3.09909544973545e-06	8.685812945487403e-07	4.083070634920623e-07	1.3360526262842212e-07	1.1525673798920515	0.03361595281514655
5.141138121693122e-06	1.7259712011627785e-06	5.852861269841271e-06	1.868536944662816e-06	7.117231481481483e-07	1.436978928165166e-07	1.1422124463274292	0.017568841562710102
9.998221587301584e-06	3.1464754339507835e-06	1.1671062777777777e-05	3.565515106612018e-06	1.6728411904761924e-06	4.379547989272676e-07	1.1699651073535626	0.021482984068469265
1.7842924278288594e-06	9.94438010045466e-07	1.8113358627215658e-06	9.922197056009307e-07	2.7043434892706435e-08	5.8222577301574684e-09	1.0183416340323317	0.009410764141723628
4.596446265385063e-06	9.760919802612768e-07	4.63295585270818e-06	9.910344814541136e-07	3.650958732311766e-08	1.6510543694052776e-08	1.0077319473980066	0.002339773244787259
2.6481831603459687e-06	7.575922514588416e-07	2.6769584431137706e-06	7.391883843065198e-07	2.877528276780201e-08	3.233756755755334e-08	1.0125971171159414	0.014826133045027414
4.6707914770459165e-06	1.4830055252668017e-06	4.7142475049900266e-06	1.4769235834843945e-06	4.3456027944110335e-08	1.4301081710928679e-08	1.0100980395559762	0.004966970675028797
2.675214466666666e-06	8.317670999817271e-07	2.7485682e-06	8.540901573742913e-07	7.335373333333378e-08	2.8382195350138656e-08	1.0275683830554876	0.008054083449268336
4.763205266666666e-06	1.564737018265567e-06	4.8696980000000005e-06	1.5882887153065227e-06	1.0649273333333441e-07	9.103403028106222e-08	1.02299687295733	0.023165951103202864
2.612245741849632e-06	7.667865873019489e-07	3.091922860944777e-06	8.867154130857906e-07	4.796771190951447e-07	1.1992965866931725e-07	1.1850423401188976	0.007238262249474972
4.935724677312041e-06	1.5810964641455625e-06	5.7079356952761145e-06	1.8083928875037005e-06	7.722110179640734e-07	2.2831833509270685e-07	1.1572093145001758	0.006629263479703686
2.8150745767195766e-06	7.656830269106038e-07	3.5057307671957655e-06	9.447024582578678e-07	6.906561904761897e-07	1.9600282131456702e-07	1.246643972890668	0.03762670412928336
5.389710634920634e-06	1.8061748256031796e-06	6.5639222751322705e-06	2.0875464530362595e-06	1.1742116402116373e-06	2.827449143339164e-07	1.2220970563679356	0.020475317655848518
2.3718283974410144e-06	8.615320695166904e-07	2.3604984046381447e-06	8.700400749544349e-07	-1.1329992802869383e-08	3.262792033545505e-08	0.9945655705264643	0.012897674372214245
4.757584430227911e-06	1.877943931688829e-06	4.772482836198858e-06	1.8600861176789557e-06	1.4898405970948036e-08	3.7520653584021045e-08	1.004494559654928	0.00738876581687344
3.0209599600798434e-06	8.587816836695766e-07	3.0192945442448473e-06	8.589513280254518e-07	-1.6654158349963904e-09	3.200730520403246e-08	0.9990890151181336	0.011237496479108853
5.294645508982031e-06	1.7350793240374559e-06	5.2572250099800356e-06	1.7809552020113796e-06	-3.742049900199567e-08	4.592123667729345e-08	0.9901614695991962	0.01297003680739004
3.2296178e-06	9.132811361058112e-07	3.196715000000001e-06	8.904636200748687e-07	-3.2902799999999295e-08	3.918413072712035e-08	0.9904694187427979	0.009319034547928191
5.657433866666665e-06	1.9019486372891392e-06	5.595049e-06	1.8881288130839706e-06	-6.238486666666615e-08	1.1142484294632254e-07	0.9878600547972485	0.021586727271445765
3.7717089487691263e-06	1.0523080052954578e-06	3.4644219427811075e-06	9.817664269263949e-07	-3.0728700598801823e-07	7.27835020471958e-08	0.9175265049850622	0.006996310618331484
7.1504479640718565e-06	2.363843691203568e-06	6.528306839654019e-06	2.194454231682108e-06	-6.221411244178366e-07	2.2098634374396197e-07	0.9110354994164404	0.023238494779563117
4.066929497354497e-06	1.243655928924761e-06	3.427740132275132e-06	1.0718491933971387e-06	-6.391893650793657e-07	1.723433596974062e-07	0.8412613000775885	0.008215987845662612
7.903290423280423e-06	2.6203627227787117e-06	6.653139523809527e-06	2.26762607403881e-06	-1.2501508994708948e-06	3.6779850933567703e-07	0.839416385824851	0.018268151408047096
2.367759413701184e-06	8.499507065375499e-07	2.3874035966946497e-06	8.424772592516107e-07	1.9644182993464928e-08	7.770139314652073e-09	1.0099836388612207	0.007449398496638882
4.766154535519129e-06	1.8552761711892461e-06	4.7534979914700714e-06	1.8658580517309864e-06	-1.2656544049057553e-08	2.3501447761932278e-08	0.9959620546733413	0.007201851319333356
1.1304235938957774e-05	4.024549902446223e-06	1.1250781880581107e-05	4.027704939109936e-06	-5.3454058376664397e-08	1.5765056714127586e-08	0.9946286371457457	0.0029111936751771037
2.9888379507651413e-06	8.466066722622332e-07	3.0239424351297445e-06	8.313197950044458e-07	3.510448436460328e-08	1.6746079235890935e-08	1.0134006145319792	0.0088060293812485
5.2492538456420426e-06	1.7256148859064889e-06	5.25873202262142e-06	1.7404105501817782e-06	9.478176979377721e-09	4.7647617995150864e-08	1.0016594587809038	0.008231290684660173
1.1443639654025284e-05	3.834205118780628e-06	1.1387325608782439e-05	3.79072560949391e-06	-5.6314045242844996e-08	4.3498080660828387e-08	0.9957352734754732	0.0029420557223282942
3.1022224666666667e-06	8.53246537767493e-07	3.0894275333333336e-06	8.580897535000483e-07	-1.279493333333328e-08	1.5546663907519115e-08	0.9951788474230794	0.006370032569764145
5.411623599999999e-06	1.7873072152619774e-06	5.4331614e-06	1.7865445441514524e-06	2.1537800000000033e-08	1.3585014795724019e-08	1.004224189655785	0.002546669344203819
1.1521021466666667e-05	3.883678555032285e-06	1.1358101133333333e-05	3.833649037163817e-06	-1.6292033333333427e-07	5.018864868008917e-08	0.9857250568818919	0.0006712715886211213
3.3481631071190912e-06	9.498861012969704e-07	3.3038899667332007e-06	8.946195118323582e-07	-4.427314038589055e-08	5.94263471521716e-08	0.9895129899304487	0.015016200765218667
6.177000139720557e-06	2.075534003614369e-06	6.075533739188286e-06	2.0333696296739093e-06	-1.0146640053227005e-07	9.019774873062682e-08	0.9833370510983933	0.013175508281923275
1.2378113339986697e-05	4.2198066460800925e-06	1.1773779214903516e-05	4.038951861618191e-06	-6.043341250831823e-07	1.8463778533471148e-07	0.9504949191038659	0.0040254555891770915
3.7319459788359787e-06	1.0645073812094663e-06	3.397874708994709e-06	1.038110763159133e-06	-3.340712698412695e-07	8.683725135945341e-08	0.9059756296507766	0.031104502640858515
7.067375899470899e-06	2.3492405755021802e-06	6.496685582010582e-06	2.211477538947924e-06	-5.706903174603162e-07	1.3805452942105504e-07	0.9174542329902895	0.008109875034811911
1.3514610820105819e-05	4.612792801083688e-06	1.1987126587301592e-05	4.1222551252844795e-06	-1.5274842328042253e-06	4.908261955455457e-07	0.8862497490197926	0.0033780736690742115
2.386796682526985e-06	8.501600145930922e-07	2.391466160469144e-06	8.591218321998236e-07	4.669477942158552e-09	9.941750839992562e-09	1.0012604904947364	0.003194061305056063
4.74638797814207e-06	1.8721612017727156e-06	4.765279095028662e-06	1.8914956351882566e-06	1.889111688659169e-08	2.1715900652281076e-08	1.0032069077101773	0.00324309307351186
1.1347796449420234e-05	4.05208672998086e-06	1.134160637744903e-05	4.074473106867451e-06	-6.190071971205001e-09	2.6687474864508102e-08	0.9987175225411514	0.00330246015685385
2.987854431137727e-06	8.203863940909309e-07	2.99323195608783e-06	8.123890804011088e-07	5.377524950103494e-09	1.0549502907871e-08	1.0023529329995071	0.00353053492250215
5.236063998669323e-06	1.6942827442859857e-06	5.2407593945442404e-06	1.724263075718698e-06	4.695395874917332e-09	3.004049716841341e-08	0.9995542261454807	0.006268488320428053
1.1427047824351295e-05	3.802737406773091e-06	1.143474804391218e-05	3.819783321409243e-06	7.700219560883755e-09	2.2512213345814186e-08	1.000299244633053	0.001989213741868495
3.0249752e-06	7.979572557714096e-07	3.043651333333332e-06	8.008549009336782e-07	1.8676133333333078e-08	3.1317407122132485e-08	1.006051126610801	0.010169451237066003
5.300601533333333e-06	1.7293415194510574e-06	5.3350929333333325e-06	1.7492390657991756e-06	3.44913999999997e-08	2.0040038581799682e-08	1.0060802009212328	0.0021203040077972532
1.1289918200000001e-05	3.810659477494009e-06	1.1277597e-05	3.836209986569169e-06	-1.2321200000000252e-08	2.5926077657837684e-08	0.9981020636891248	0.0035918734409054686
3.1030503127079185e-06	8.558612202147868e-07	3.1336259547571537e-06	8.785679088118866e-07	3.057564204923533e-08	6.679598300436738e-08	1.008433264196901	0.02182739240001535
5.606564544244848e-06	1.8429534683826829e-06	5.745118702594818e-06	1.8752361428990925e-06	1.3855415834996964e-07	4.306568213308747e-08	1.0250638138243853	0.005088665248187527
1.1489793120425814e-05	3.901178888222049e-06	1.1405117511643382e-05	3.887385077003944e-06	-8.467560878243467e-08	1.5022541980233634e-08	0.9922206668287017	0.0018892269467595626
3.3749482539682536e-06	9.825496531087952e-07	3.2952849470899474e-06	9.618468568221191e-07	-7.966330687830604e-08	5.921252060831143e-08	0.9760745867660118	0.014319005659837515
6.256248201058199e-06	2.0698340632213006e-06	6.218846031746033e-06	2.0796172720465702e-06	-3.7402169312166215e-08	9.932864820483308e-09	0.9931377257834434	0.004035664146869989
1.2369349973544973e-05	4.28056393960531e-06	1.1713447645502646e-05	4.075582267192294e-06	-6.559023280423256e-07	2.2966738070884388e-07	0.9463085047175895	0.007581137491037337
2.4130869181660655e-06	8.906877994138487e-07	2.4332966969212304e-06	8.834694121035748e-07	2.020977875516481e-08	1.316926771722604e-08	1.0103482643276456	0.01024992673743903
4.7457969598827075e-06	1.858114709875728e-06	4.765442754898034e-06	1.8625129419895623e-06	1.9645795015325212e-08	3.232202528798009e-08	1.004762645299872	0.006636709718229268
1.1474380575769707e-05	4.0814139112767364e-06	1.1484667680927623e-05	4.110152653865885e-06	1.0287105157914736e-08	2.9603360110413153e-08	1.0001728414844238	0.003084503250131362
2.1051165067306383e-05	7.300215176465862e-06	2.1105345021991228e-05	7.316334839907591e-06	5.41799546848441e-08	2.0125424929597013e-08	1.0026101817878235	0.0005000143850561895
2.9953576513639425e-06	8.170398724875644e-07	2.991384038589491e-06	8.191763675823374e-07	-3.973612774451129e-09	2.5381742803228313e-08	0.9982286077388723	0.009247431878846454
5.1932023286759785e-06	1.6840307936842539e-06	5.232272787757817e-06	1.7346341563418493e-06	3.9070459081838486e-08	5.409140760732979e-08	1.0058480960132288	0.008063012743743015
1.146465163672655e-05	3.838486176816184e-06	1.1481973020625416e-05	3.8390868599321344e-06	1.7321383898864574e-08	2.284360678642464e-08	1.0016619046151456	0.0018143849884003623
2.0803053226879583e-05	7.014148568947527e-06	2.0854893280106443e-05	7.00883925873835e-06	5.184005322686154e-08	4.1368868138700086e-08	1.0028474473608873	0.002321184901040378
3.034274066666666e-06	8.082630901360843e-07	3.045003533333332e-06	8.152051771396537e-07	1.0729466666666717e-08	9.365676510179783e-09	1.0032090550654946	0.0028999018287076484
5.2947213333333325e-06	1.7493035264656991e-06	5.314351133333333e-06	1.726747310342197e-06	1.962979999999988e-08	2.452626156347423e-08	1.0050079799445808	0.005942991818222491
1.1192875800000002e-05	3.750328789578234e-06	1.1247002733333336e-05	3.7721784059292337e-06	5.412693333333282e-08	2.37967638348851e-08	1.004739557070461	0.0008227816948696259
2.0661434666666668e-05	6.909448643582016e-06	2.0695359333333333e-05	6.966767399956552e-06	3.3924666666666156e-08	8.168624594956951e-08	1.000996018444327	0.0036932477934081536
3.0118391550232895e-06	8.037779077088456e-07	3.052431989354625e-06	8.022014692551949e-07	4.059283433133571e-08	2.0016244656594954e-08	1.0141210384570323	0.006897443209455272
5.3632362940785e-06	1.778268034707503e-06	5.532405821689951e-06	1.8221693910542846e-06	1.6916952761145117e-07	4.400907731836518e-08	1.0320817159880649	0.0024423380420544065
1.0970736852960745e-05	3.703810283592487e-06	1.1112885149700585e-05	3.7578685640703164e-06	1.4214829673984095e-07	5.6451152163109736e-08	1.0128092844260808	0.0013921788725397562
2.082190971390553e-05	6.973473603801058e-06	2.1055454025282774e-05	7.097137813176366e-06	2.3354431137724326e-07	1.2587971299911967e-07	1.0105585828741324	0.0030796523284946898
3.1399661375661372e-06	9.140651997307215e-07	3.1935793121693136e-06	9.145318918465005e-07	5.3613174603175915e-08	7.204465958647896e-09	1.0182165393522762	0.0060893279020185565
5.805964312169311e-06	1.911820282362892e-06	5.970525105820105e-06	2.0446759773508483e-06	1.6456079365079313e-07	1.3331793827705936e-07	1.0249267024587947	0.016331999243378425
1.1328322830687834e-05	3.920622841803428e-06	1.1308831164021163e-05	3.9267585985189595e-06	-1.949166666667073e-08	1.923121036650477e-08	0.9978978285612041	0.002176111175453808
2.1741220105820106e-05	7.3386677036022895e-06	2.1702052645502642e-05	7.5939599148041245e-06	-3.916746031746311e-08	3.765213270867823e-07	0.9944736389187824	0.019755399964682764
2.3949743252032497e-06	8.934035551596337e-07	2.402481466746635e-06	8.882038928038655e-07	7.507141543385292e-09	1.8269025272008138e-08	1.0036332817365075	0.007424256408534083
4.7390270198587175e-06	1.8350362485678934e-06	4.767851398107415e-06	1.8415151118575348e-06	2.8824378248696247e-08	1.052613650821237e-08	1.0063376545456553	0.0017032997415235623
1.1606941608689834e-05	4.088461768774067e-06	1.1642940395841643e-05	4.123580106687194e-06	3.599878715180874e-08	3.5711771376597246e-08	1.002471572410636	0.002712242785752242
2.131193711848595e-05	7.369488132447067e-06	2.1361811382113777e-05	7.387477270177317e-06	4.987426362783232e-08	4.832029906900212e-08	1.002313206586318	0.0017670098568406897
2.9901386094477757e-06	8.294681795730053e-07	2.982849560878247e-06	8.233350463630283e-07	-7.2890485695288555e-09	1.388924781509335e-08	0.9979758653492934	0.0050521033320348975
5.204314451097802e-06	1.7781035233042055e-06	5.213911516966065e-06	1.7626286382822314e-06	9.597065868262408e-09	1.7323250903805902e-08	1.0028883888063282	0.005123522124328813
1.1496353339986693e-05	3.827736200029871e-06	1.1518719168330004e-05	3.820662940249753e-06	2.236582834331274e-08	7.49090674714844e-09	1.0023282855938682	0.001738012408286686
2.091806646706588e-05	7.0133747233916184e-06	2.0991201929474402e-05	7.058845705255614e-06	7.313546240851724e-08	4.9178540753632e-08	1.0031979254260153	0.0015173313408963622
3.020605666666666e-06	8.148108849551367e-07	3.0124978666666654e-06	7.958568645113589e-07	-8.107800000000739e-09	2.7094539155335748e-08	0.9982376896495833	0.007476955511337817
5.248785333333335e-06	1.6952388941670778e-06	5.2777928e-06	1.7026043805433725e-06	2.9007466666665297e-08	3.947564498286587e-08	1.0053106608673794	0.0075041804988973245
1.1192081733333335e-05	3.7031729900340605e-06	1.1212429933333333e-05	3.744422970923451e-06	2.0348199999998563e-08	5.220043995714764e-08	1.000907734222505	0.004757541063207062
2.0584740666666672e-05	6.8927599954181905e-06	2.0666595333333336e-05	6.955358410145187e-06	8.185466666666204e-08	7.535859436940824e-08	1.0034757072332257	0.00278911377307175
2.9528690751829687e-06	7.888853263268356e-07	3.0533045642049266e-06	8.275990470820849e-07	1.0043548902195729e-07	3.877059957765829e-08	1.0331813052676326	0.004859038752528293
5.369034138389877e-06	1.7731844810836072e-06	5.488060918163675e-06	1.8120870302815478e-06	1.190267797737978e-07	4.676957071833839e-08	1.0219662834836736	0.005157251637181769
1.075914065868264e-05	3.5666654931673616e-06	1.0967763346640066e-05	3.705477986914223e-06	2.0862268795742575e-07	1.391132357798196e-07	1.0174456026464724	0.008866955697126835
2.0121277178975413e-05	6.622545623946896e-06	2.0391292149035285e-05	6.661619376064691e-06	2.7001497005987294e-07	1.7214223376363562e-07	1.0141898784074412	0.007854595011529058
3.1007658465608468e-06	8.709005752382447e-07	3.1891963227513223e-06	8.989621172915526e-07	8.843047619047502e-08	3.146204555662705e-08	1.0282097999014699	0.004507017336011455
5.7112291798941785e-06	1.9211041584104156e-06	5.901679708994707e-06	2.0080868778092515e-06	1.9045052910052812e-07	1.1681784694603152e-07	1.0317228124373283	0.017059435598143796
1.0808713835978835e-05	3.6686060835954164e-06	1.1028656481481479e-05	3.824181615179986e-06	2.1994264550264495e-07	1.5572301775957977e-07	1.0180225819927113	0.010320208450906013
2.0888178571428576e-05	7.117167366843194e-06	2.1238997089947086e-05	7.390647902626664e-06	3.5081851851850877e-07	3.043614901283818e-07	1.0145212972901136	0.011364225441462919
2.413687499266959e-06	8.966439864562237e-07	2.414416747967478e-06	9.295378654166946e-07	7.292487005193149e-10	4.81940831702359e-08	0.9975441050908364	0.017069194960826053
4.750785870984936e-06	1.8090515817908137e-06	4.759589545515114e-06	1.828134619611798e-06	8.803674530178473e-09	2.0192389381245623e-08	1.0006367547343151	0.00515040840478125
1.1792444967346386e-05	4.169169486248281e-06	1.1804215323204067e-05	4.176686380514222e-06	1.1770355857681886e-08	4.9697582063496996e-08	1.0008705733050147	0.0035304160454723336
2.179355792349732e-05	7.519057688186158e-06	2.1822936532053875e-05	7.534995605370361e-06	2.937860855655923e-08	5.029001935323436e-08	1.0012465449083017	0.0018952664103459762
2.957937132401867e-06	8.461025060610328e-07	2.9720232268795796e-06	8.641790778077274e-07	1.408609447771221e-08	3.206572891183705e-08	1.0040936775543166	0.009020169331827381
5.192528230206247e-06	1.7985238020527542e-06	5.220375568862275e-06	1.7851551268298265e-06	2.7847338656026548e-08	2.444854065203002e-08	1.0063777560413218	0.0052940838633557955
1.1574028456420483e-05	3.8617592640629376e-06	1.1583758203592805e-05	3.904717471748202e-06	9.729747172322326e-09	4.769768129768891e-08	0.9997903990247003	0.004992239652875782
2.1055835861610115e-05	7.088087322591181e-06	2.1153718895542226e-05	7.168360136762314e-06	9.788303393210793e-08	8.346320652642133e-08	1.003967076414372	0.0031534517966882608
2.9958886666666663e-06	8.080368020141984e-07	3.0355456e-06	8.380533505526241e-07	3.965693333333319e-08	3.09646682949023e-08	1.0120141715905266	0.006964923911890223
5.2413152666666685e-06	1.7263141081502465e-06	5.283116733333333e-06	1.7368777828195098e-06	4.1801466666662987e-08	1.1184857442690153e-08	1.008163348608978	0.0012000692885024834
1.1214729266666667e-05	3.752202744372754e-06	1.12587592e-05	3.7442744812111653e-06	4.4029933333333696e-08	1.1706362749095858e-08	1.004538462344876	0.002811872788905689
2.0606122e-05	6.893257784001697e-06	2.0703237999999996e-05	6.944514629538624e-06	9.711599999999708e-08	7.255542788792597e-08	1.004456187210626	0.002371786252800378
2.9494665003326704e-06	8.242300690747797e-07	3.026924777112446e-06	8.187001103342702e-07	7.745827677977439e-08	1.4700331530347979e-08	1.0280803873144342	0.01019957722115658
5.349911330671985e-06	1.7829734812236387e-06	5.458143652694607e-06	1.8037575030387559e-06	1.082323220226221e-07	2.233228064841718e-08	1.0208829064600973	0.0030883216869584226
1.0782822109115104e-05	3.612719505263648e-06	1.0948465469061877e-05	3.700235025722174e-06	1.6564335994677277e-07	9.028819727535381e-08	1.0144371431769514	0.004562436035802579
2.0205950698602806e-05	6.765032595792049e-06	2.0542598070525603e-05	6.931932684083468e-06	3.3664737192279584e-07	1.6748485679297716e-07	1.015850791921979	0.0036623279121640313
3.1130968518518513e-06	8.662444974589359e-07	3.2014949735449734e-06	9.409955583053654e-07	8.839812169312212e-08	7.507453030501411e-08	1.0246328399916764	0.020561890742731386
5.776099550264547e-06	1.8773766333852304e-06	5.920097063492062e-06	1.986662818611255e-06	1.4399751322751516e-07	1.1024823869892329e-07	1.0224082323127879	0.011644494528910542
1.0728426746031746e-05	3.6208766020121515e-06	1.0972016058201058e-05	3.7564789636339423e-06	2.435893121693119e-07	1.4135447559684402e-07	1.0211364825373643	0.007790812596849175
2.0332881216931214e-05	6.934648112458606e-06	2.0809214021164025e-05	7.196993635360287e-06	4.763328042328135e-07	2.6599968472317295e-07	1.0218817462713419	0.007061665856100745
2.473997575236573e-06	8.993871792362795e-07	2.472640728775159e-06	8.919618490186975e-07	-1.3568464614141931e-09	7.733671375088722e-09	1.0002290192811143	0.00359106307221362
4.756790001332794e-06	1.7935508781864705e-06	4.771558111422086e-06	1.8078889272279762e-06	1.4768110089292371e-08	2.7869075771527713e-08	1.002242425954025	0.0059833861654160665
1.1951401952552305e-05	4.212511786559469e-06	1.1994347555644401e-05	4.252281966597879e-06	4.2945603092095486e-08	3.9848278432087954e-08	1.0029179315926884	0.002876175529217835
2.2322247740903605e-05	7.72726183655041e-06	2.2324051765960213e-05	7.747254428499584e-06	1.8040250566099878e-09	3.592418233839842e-08	0.9997921315712458	0.0017022136968144763
2.980961962741189e-06	8.403562128047555e-07	3.0146230671989403e-06	8.411049497525396e-07	3.366110445775143e-08	2.0311687582071753e-08	1.0116804378827238	0.006803632264580634
5.2154343512974024e-06	1.7479624494248504e-06	5.212491803060544e-06	1.7428329829920349e-06	-2.9425482368584122e-09	8.439513921404523e-09	0.9997064916972862	0.001892579018969575
1.165093872255488e-05	3.859571384282192e-06	1.1718337651363946e-05	3.911348959485214e-06	6.739892880906461e-08	5.179848267445496e-08	1.0050261523268695	0.0034396993695523987
2.1189242514970037e-05	7.14763719005097e-06	2.1308903193612765e-05	7.167024191303406e-06	1.1966067864272892e-07	2.464722952552695e-08	1.0059468193004075	0.0014494581956993717
3.0067779999999996e-06	8.368861082292144e-07	3.010511999999999e-06	8.101307545443018e-07	3.733999999999734e-09	2.7010394241477336e-08	1.003123406732015	0.010147057176681979
5.245367600000002e-06	1.7339023617220899e-06	5.275329933333333e-06	1.69315858563992e-06	2.996233333333222e-08	4.4942968769021104e-08	1.0080009535655128	0.010503958948647661
1.1260355266666667e-05	3.71634389015242e-06	1.1295636266666666e-05	3.7268385225019113e-06	3.528099999999916e-08	1.2765779686336559e-08	1.0031606855122122	0.0005555616858382156
2.0656188666666664e-05	6.9183415096551385e-06	2.0768323333333332e-05	6.992008954615646e-06	1.1213466666666383e-07	7.44749897706193e-08	1.0049009774928206	0.002394132602127039
2.995119720558886e-06	8.147876700798916e-07	3.030382594810384e-06	8.316999381475193e-07	3.5262874251497756e-08	1.9363312822321257e-08	1.0113788729977473	0.0035143559512302476
5.398007651363932e-06	1.7771225895753937e-06	5.434048023952093e-06	1.7972284183530521e-06	3.604037258816112e-08	3.4850426066279476e-08	1.0065592240788002	0.0052272748399530096
1.0854817744510983e-05	3.643376262156113e-06	1.0987408602794408e-05	3.663489800805042e-06	1.3259085828342388e-07	2.0113566917426998e-08	1.0128997429027695	0.0030624160188782545
2.02019620758483e-05	6.807906445531225e-06	2.0467029807052553e-05	6.935453777523523e-06	2.6506773120425226e-07	1.2767825883689684e-07	1.012541901345861	0.0025832868151193884
3.1055587830687834e-06	8.937415995317885e-07	3.1780005291005276e-06	9.153132536277803e-07	7.244174603174436e-08	3.4507443852900316e-08	1.02316341364006	0.007743475600913853
5.8450709788359806e-06	1.9019701355851676e-06	5.985883835978836e-06	1.9470213734219415e-06	1.408128571428552e-07	4.604193638819288e-08	1.0241990154276133	0.0017928530532590396
1.0825366878306874e-05	3.6599303497585156e-06	1.0991002592592596e-05	3.744261539746687e-06	1.656357142857195e-07	8.48033152032647e-08	1.014502408145552	0.0035902340776992085
2.0127257407407413e-05	6.87608132217398e-06	2.0520078571428562e-05	7.044541383916175e-06	3.928211640211464e-07	1.7004108091575237e-07	1.0189791598493825	0.002562527106070766
2.5028156653338673e-06	9.186859492318044e-07	2.5244665664400906e-06	9.151030302224106e-07	2.1650901106223465e-08	7.485565919413537e-09	1.0097322762292762	0.004773193175039743
4.814302139144335e-06	1.8321920345716428e-06	4.828034387578291e-06	1.8276073872203993e-06	1.3732248433955795e-08	2.9388253010892423e-08	1.0032615632385744	0.00529458256507936
1.221650255897646e-05	4.288685883567253e-06	1.2225446710649122e-05	4.297986966902868e-06	8.944151672661402e-09	2.7022437583487218e-08	1.0005864248656577	0.0018257563774987991
2.3166156070904936e-05	7.955890151537981e-06	2.3089847154471544e-05	7.96416073778302e-06	-7.630891643338655e-08	8.008109400189288e-08	0.9962050712153842	0.0036773582593372135
2.9897897870924863e-06	7.9315846659363e-07	2.9940646773120464e-06	8.011912496695829e-07	4.2748902195595615e-09	2.4305784925597612e-08	1.0012355272530924	0.007603225597718116
5.215679999999998e-06	1.8043152974321568e-06	5.233034031936126e-06	1.798056331916515e-06	1.735403193612766e-08	1.4209854334467823e-08	1.00409840207932	0.004475789055812916
1.1731837292082511e-05	3.902572613113939e-06	1.1760055129740526e-05	3.924115324557533e-06	2.8217837658014662e-08	2.3530174703331805e-08	1.002098403006095	0.0015283951337635964
2.1368093147039262e-05	7.191756212093652e-06	2.1470939454424504e-05	7.2474311369135925e-06	1.0284630738524322e-07	6.226693519102189e-08	1.0045015827586161	0.001792325657181657
3.0455582666666667e-06	8.372146653800409e-07	3.033320333333333e-06	7.899551600997694e-07	-1.223793333333379e-08	4.7944496403376884e-08	0.99897661890816	0.017107754741448093
5.266189733333333e-06	1.7136229930124584e-06	5.271513866666666e-06	1.715345031864662e-06	5.324133333332972e-09	4.308866415396542e-08	1.0006667838544718	0.008420945014643305
1.13320328e-05	3.7525415371160277e-06	1.1340219666666669e-05	3.76427966325914e-06	8.186866666668065e-09	1.213663305259552e-08	1.0004848953209422	0.0010968713754589646
2.0714759999999994e-05	6.956493507633563e-06	2.083818266666667e-05	7.031346196932802e-06	1.234226666666733e-07	7.709228211263731e-08	1.0054586835698978	0.0023733049275202513
3.0339755688622804e-06	8.362624312325528e-07	3.0440406719893584e-06	8.538697126463536e-07	1.006510312707851e-08	1.985835785315819e-08	1.002202983192735	0.007141785092940602
5.411245229540911e-06	1.7811623586600714e-06	5.409309953426477e-06	1.8288009004138544e-06	-1.935276114433718e-09	5.152181636275287e-08	0.9975970212810362	0.009509478757340992
1.0957880818363278e-05	3.6902591198540007e-06	1.1046203413173645e-05	3.7021215821952274e-06	8.832259481036864e-08	1.2118469033360242e-08	1.0085574640984383	0.002217708690687331
2.0249081170991348e-05	6.841520892119185e-06	2.0460916833000674e-05	6.935456879778495e-06	2.118356620093255e-07	9.709709158085832e-08	1.0101102536857745	0.001893446141789325
3.113192724867725e-06	8.540148696583526e-07	3.1573754761904757e-06	8.803046604164032e-07	4.418275132275118e-08	4.984072653185065e-08	1.013316372163586	0.012747350636521017
5.932838544973543e-06	1.953008431866383e-06	5.99875023809524e-06	1.9998257335516365e-06	6.591169312169821e-08	4.695122783722784e-08	1.0100823034284272	0.00468962353519496
1.1009923095238097e-05	3.7559702505299178e-06	1.1096717592592598e-05	3.7546502252388895e-06	8.679449735449982e-08	2.6274052182682588e-08	1.008729888564735	0.00415434051527279
1.9911613756613752e-05	6.60683677626222e-06	2.018263730158731e-05	6.825270510258444e-06	2.7102354497355716e-07	2.503858289542406e-07	1.0116530087071538	0.010378472758087292
2.5371373713181388e-06	9.5003921402186e-07	2.5532020078635206e-06	9.378491019778233e-07	1.6064636545381908e-08	1.9502513052982122e-08	1.007938205819791	0.008088609347198726
4.853407831534047e-06	1.8112389781549023e-06	4.82649475809675e-06	1.8206289210395193e-06	-2.6913073437297277e-08	1.0075641061654099e-08	0.9930864015309151	0.005697316904442597
1.2357129562841586e-05	4.356009246987111e-06	1.236996144875388e-05	4.3485726455954455e-06	1.283188591229731e-08	1.0549474277421847e-08	1.0013621502069034	0.0014808699988167683
2.384197343729173e-05	8.284965169646466e-06	2.3671997534319545e-05	8.2005045244645e-06	-1.69975902972185e-07	1.1077158808355856e-07	0.9931779923524253	0.002785938560479515
2.997975029940124e-06	8.113675211746432e-07	3.004050339321363e-06	8.189672828020297e-07	6.075309381239019e-09	8.262788288787151e-09	1.0016712496852318	0.0021160582729353897
5.206281363938784e-06	1.7801121185153757e-06	5.246692035928143e-06	1.7870301803908502e-06	4.041067198935925e-08	7.1319008918788016e-09	1.0081337524523366	0.0017482665003492445
1.1753433386560228e-05	3.920177700953032e-06	1.1818421989354622e-05	3.939183653796006e-06	6.49886027943937e-08	2.2855706479403908e-08	1.0055903348927886	0.000943524394409686
2.1470192548236845e-05	7.202712328685053e-06	2.1569906852960753e-05	7.269175568355117e-06	9.971430472391165e-08	8.010989603204242e-08	1.0041621608734321	0.0028121823898444136
3.0277573333333326e-06	8.066630158440464e-07	3.0221947333333328e-06	8.073255223990459e-07	-5.562599999999996e-09	4.145312740916394e-09	0.9980645685989323	0.0013597434143888412
5.256334599999999e-06	1.7353280828982278e-06	5.260705466666668e-06	1.7514089026878485e-06	4.3708666666667716e-09	3.150828926510162e-08	1.0003774365798404	0.005107207283300162
1.1302551333333332e-05	3.761103694084667e-06	1.1346812266666669e-05	3.775798181553805e-06	4.426093333333705e-08	3.391552132303625e-08	1.0039306475237122	0.0022759234592150185
2.067598e-05	6.910068127520309e-06	2.082618666666667e-05	7.000289166166306e-06	1.5020666666667348e-07	9.040471130053704e-08	1.006679446108487	0.0026327064809143477
3.049679780439125e-06	8.512849439204677e-07	3.044008908848972e-06	8.478957430034041e-07	-5.6708715901518254e-09	4.637405127950349e-09	0.998299383099647	0.001391573232066515
5.407279314703924e-06	1.847195814427766e-06	5.416606766467064e-06	1.8217513590254012e-06	9.327451763140345e-09	2.928286420208618e-08	1.0032442627135076	0.007744182248044317
1.1085363206919484e-05	3.714317134445202e-06	1.1097657924151697e-05	3.7246277566195938e-06	1.2294717232213313e-08	1.1075203579195936e-08	1.000935165872704	0.0008490578637745023
2.0328764071856308e-05	6.870596662513235e-06	2.049868463073853e-05	6.901395297114899e-06	1.6992055888222303e-07	3.660657635759493e-08	1.0087525331463494	0.0019065502430102813
3.183014285714284e-06	8.986857537941829e-07	3.1516664550264543e-06	8.942150211899301e-07	-3.134783068783038e-08	1.7861692238360484e-08	0.989786469863684	0.00513718269420338
5.991780555555558e-06	2.00345591589555e-06	5.975855026455029e-06	1.9627304260969924e-06	-1.5925529100528863e-08	4.170823011316904e-08	0.998761919304958	0.006374565799218246
1.1103780079365089e-05	3.7853555271250114e-06	1.106662531746032e-05	3.7834802617240244e-06	-3.715476190476779e-08	1.804242988807287e-08	0.9963745017508128	0.0017923102915125167
2.0095220105820112e-05	6.783298229016032e-06	2.026197936507936e-05	6.813008633491583e-06	1.667592592592492e-07	9.109724990080657e-08	1.008708425331426	0.004021680574758425
2.4885098190057375e-06	9.004450076332681e-07	2.485292465680391e-06	9.147270606251578e-07	-3.217353325346463e-09	3.30478424555746e-08	0.9965038095169741	0.017456548898988653
4.77875703451951e-06	1.8089938433842662e-06	4.780387197121149e-06	1.807916399268502e-06	1.630162601637674e-09	2.0346588883701293e-08	1.000251272598428	0.0038148953445340675
1.2079314894042403e-05	4.226918521017899e-06	1.2095453393309388e-05	4.255795689482183e-06	1.6138499266986207e-08	3.37280977134911e-08	1.0006996399332622	0.003013237288563806
2.2703870078635146e-05	7.814733809202904e-06	2.2668485938957703e-05	7.809457725625966e-06	-3.538413967744665e-08	5.4393185214343407e-08	0.9983256477887358	0.0020709523088466423
2.9962697471723276e-06	8.340577369439948e-07	2.9841266400532314e-06	8.30116130762372e-07	-1.2143107119096552e-08	1.2081140552387124e-08	0.9961133751730884	0.003989196282538086
5.199960093147036e-06	1.7800479375978429e-06	5.215124936793076e-06	1.7477044864039428e-06	1.516484364604127e-08	3.457056715352933e-08	1.004983543635104	0.009870189382205304
1.1674407485029934e-05	3.902626845907616e-06	1.169501982035928e-05	3.893296619989452e-06	2.061233532934599e-08	3.5841660214108265e-08	1.0022084334954173	0.00320995366036981
2.126040339321356e-05	7.166774720373298e-06	2.1394488423153707e-05	7.216963716677473e-06	1.340850299401486e-07	5.040274621160165e-08	1.0062361881746709	0.0003603016737412445
3.026009399999999e-06	8.168141921673242e-07	3.033002333333333e-06	8.132282482748939e-07	6.992933333333921e-09	4.0532382121132194e-08	1.0023271404061724	0.013193706877548983
5.2637266e-06	1.7038163473546912e-06	5.2713546666666655e-06	1.7279329083424206e-06	7.62806666666557e-09	2.422126633876379e-08	1.0004465646223963	0.004664734860145404
1.1284911200000003e-05	3.7182235140675884e-06	1.1279663733333335e-05	3.734766934466598e-06	-5.247466666667293e-09	2.6678877938423134e-08	0.9990438570012267	0.002754288370720751
2.0673354000000002e-05	6.943089049746375e-06	2.080782199999999e-05	7.000596461846086e-06	1.3446799999999305e-07	5.928221574805879e-08	1.0063163070033578	0.0010382541106954872
3.0096500665336016e-06	8.227230449469921e-07	2.9807480172987406e-06	8.14466739044989e-07	-2.8902049234861453e-08	1.6265212899414026e-08	0.9905650020350546	0.004611614655300637
5.407089081836317e-06	1.7882524142512158e-06	5.384365495675312e-06	1.8286455907974838e-06	-2.2723586161005312e-08	4.146387669170994e-08	0.9935087435148552	0.01102374400666812
1.089877626081171e-05	3.6247054993348448e-06	1.089007555555556e-05	3.652577237392517e-06	-8.700705256149185e-09	2.827560630514115e-08	0.998348514555376	0.003882025139718555
2.020151064537591e-05	6.776521696741614e-06	2.0442435795076514e-05	6.9193385585213414e-06	2.409251497006037e-07	1.4575797614200374e-07	1.0109790050797343	0.004440726347167462
3.0919353174603176e-06	8.754913088524043e-07	3.104487592592593e-06	8.583112307287369e-07	1.2552275132275225e-08	1.7180104048445857e-08	1.0056519369341734	0.0084518531766008
5.9039817195767185e-06	1.9294001301406396e-06	5.8541535714285724e-06	1.9110492749769604e-06	-4.982814814814547e-08	1.8921021153863983e-08	0.9916106534001082	0.0007650396300772723
1.0896392698412698e-05	3.711851978457589e-06	1.0842903095238093e-05	3.6449281860313063e-06	-5.3489603174602945e-08	7.100411384117032e-08	0.996509395300461	0.006567788077069464
1.990438227513228e-05	6.71561992495548e-06	2.033331772486772e-05	6.932906840830424e-06	4.289354497354399e-07	3.0411587788143225e-07	1.0204610029481964	0.010320015484455337
2.428795593762495e-06	9.120395788784362e-07	2.4364044204984645e-06	8.876839028449708e-07	7.608826735969117e-09	2.4732963764718036e-08	1.0063064306020355	0.013507949991824529
4.77007574170331e-06	1.810709659152762e-06	4.768466296148209e-06	1.7977221000997465e-06	-1.6094455551014624e-09	2.3406875777104943e-08	1.0007634366824185	0.0060162887519675185
1.1879184703451941e-05	4.201781681878965e-06	1.1901109598827133e-05	4.207533441674859e-06	2.192489537519121e-08	2.864228424300719e-08	1.0018800633065934	0.0019691799679610487
2.1997418819138932e-05	7.628156072085231e-06	2.2013719045714996e-05	7.585381393510412e-06	1.630022657606478e-08	6.657807327000915e-08	1.00142639977629	0.0034910429526727755
3.013123858948773e-06	8.557729035714453e-07	2.9973326879574235e-06	8.402119403312466e-07	-1.5791170991349726e-08	3.074962240291753e-08	0.9952495932135833	0.008693428118181249
5.201411663339982e-06	1.761582418850026e-06	5.227394856952754e-06	1.7635461678400718e-06	2.5983193612772606e-08	3.4739333717318417e-09	1.0053174090152606	0.0014510140582089453
1.1587533972055878e-05	3.8277293691975805e-06	1.163433053226879e-05	3.862886057236106e-06	4.6796560212911966e-08	3.67068614026762e-08	1.0035369991272172	0.002389248318043459
2.1114871124417828e-05	7.121558286090819e-06	2.124087511643378e-05	7.156465247831558e-06	1.2600399201594536e-07	4.145205497704837e-08	1.006070503808347	0.0009907976915144066
2.999782933333333e-06	7.966170171734303e-07	2.9939016666666655e-06	7.924479399755251e-07	-5.881266666667835e-09	4.173268437727564e-09	0.9982080734787697	0.0009558326713433976
5.214453600000001e-06	1.711379757132204e-06	5.248308933333334e-06	1.710512168825541e-06	3.385533333333345e-08	1.1563816467470806e-08	1.007179243590433	0.004144960965125352
1.1220693733333335e-05	3.7123370899946337e-06	1.1264960866666668e-05	3.7369183895010414e-06	4.4267133333332705e-08	3.594831720475071e-08	1.0036715207317286	0.002345062995487612
2.0579412e-05	6.895452369693232e-06	2.077897e-05	6.986733450609951e-06	1.9955799999999962e-07	9.300659402429423e-08	1.009329123944054	0.001819793773542923
2.963917538256824e-06	8.426304060109357e-07	2.986561709913508e-06	7.985593623200298e-07	2.2644171656683583e-08	4.6477029245851875e-08	1.0115245015514964	0.02185789358636236
5.3661710578842235e-06	1.757111633543137e-06	5.361919680638717e-06	1.748343978229959e-06	-4.251377245508073e-09	1.0431233295386327e-08	0.9995926701203537	0.00224180730619865
1.0767022035928145e-05	3.6565383185145343e-06	1.0835424637391898e-05	3.656079414064945e-06	6.840260146375442e-08	1.9244534676300693e-08	1.0070566966593189	0.0035021108278612476
2.0086729141716562e-05	6.7524469919953525e-06	2.052803905522287e-05	6.912315432194137e-06	4.4130991350630624e-07	1.6073000856137181e-07	1.0218023418122022	0.001012871231854416
3.0821601058201053e-06	8.540038716526017e-07	3.080992513227513e-06	8.703847463821875e-07	-1.1675925925921378e-09	2.308919915392271e-08	0.9983062513321367	0.008763305381428024
5.774018756613755e-06	1.923861163676773e-06	5.74273423280423e-06	1.8703107370139549e-06	-3.128452380952453e-08	5.384907898811006e-08	0.9964970541623677	0.009012235336795592
1.0691814603174598e-05	3.618105949467325e-06	1.0716727275132272e-05	3.6422627138525276e-06	2.491267195767269e-08	2.6455084445346456e-08	1.0018878586665139	0.002109904466770963
1.999045343915344e-05	6.8113769815132765e-06	2.0732517460317455e-05	7.104562254966626e-06	7.420640211640151e-07	3.1009883038970535e-07	1.0365165959490368	0.00504646950965555
2.4099965780354474e-06	8.906080516126005e-07	2.4108609226975833e-06	9.028073963170924e-07	8.643446621358609e-10	1.6813847208730218e-08	0.9987684069060906	0.009187361227666122
4.752001318139405e-06	1.8194398626730694e-06	4.744289141676654e-06	1.814436954144023e-06	-7.712176462751389e-09	1.8806799095733172e-08	0.9987211049280043	0.0037455874458545793
1.1676479428228701e-05	4.1207227864217e-06	1.1728433703851799e-05	4.155963397057888e-06	5.195427562309741e-08	3.524397747410473e-08	1.0039733886128779	0.002023677028026651
2.1555636545381786e-05	7.438821453833278e-06	2.1614717019858686e-05	7.475483988301519e-06	5.908047447689461e-08	6.446090200799713e-08	1.0024826180009807	0.0023724287361826576
2.974275695276118e-06	8.257834192758442e-07	2.980842987358619e-06	8.243267985802761e-07	6.5672920825010204e-09	2.722192013461918e-08	1.0021643976764567	0.009234998419942374
5.193813166999329e-06	1.8049927241089189e-06	5.193139041916164e-06	1.782957530448656e-06	-6.741250831652572e-10	2.901898743836945e-08	1.0008439506930111	0.004983256928420088
1.1523462880904853e-05	3.843557173138081e-06	1.1579937664670647e-05	3.86012114313727e-06	5.647478376579703e-08	4.987711326725049e-08	1.0049911751543374	0.003465819580607036
2.094901536926147e-05	7.068496317904784e-06	2.1102583033932157e-05	7.072597258661442e-06	1.535676646706856e-07	1.6294547368229762e-08	1.0080374420568132	0.0032206282055403756
3.040631533333334e-06	8.18868029822397e-07	3.0293467333333333e-06	8.046277015430511e-07	-1.1284800000000695e-08	1.662076408472264e-08	0.9971059267104275	0.00568858359882189
5.258639866666668e-06	1.712247259629431e-06	5.261977733333336e-06	1.7185394530147574e-06	3.337866666667974e-09	8.605615850905052e-09	1.0004385285452402	0.001293619215546829
1.1161242666666667e-05	3.683815131615771e-06	1.1215050266666669e-05	3.7148342747572733e-06	5.380760000000041e-08	3.660725219516084e-08	1.004460417114087	0.0022166997731362906
2.0509244666666667e-05	6.87456138353462e-06	2.0754417333333335e-05	6.971622650013221e-06	2.4517266666666697e-07	9.885976298440553e-08	1.0117259611595897	0.0012985645354510916
2.9364192747837674e-06	7.801238298029153e-07	2.979090232867601e-06	7.93818897711027e-07	4.267095808383388e-08	1.4488003851924286e-08	1.0143263366674564	0.0020581385696559675
5.388569201596799e-06	1.7717340516242661e-06	5.41213357285429e-06	1.7788792903786297e-06	2.3564371257490516e-08	1.755493739832484e-08	1.0045429580658756	0.003221529136911633
1.0660936041250842e-05	3.5755673701846796e-06	1.0866372880904865e-05	3.6322076564470767e-06	2.0543683965402218e-07	6.182121309307146e-08	1.0196476089490936	0.002639536912593639
1.9950254624085163e-05	6.656295500724998e-06	2.074611616766467e-05	6.951079520125297e-06	7.958615435795034e-07	3.0713605115535553e-07	1.039481089180067	0.004112185908835372
3.061597671957672e-06	8.650490971106827e-07	3.073360714285714e-06	8.599808440560053e-07	1.1763042328042466e-08	2.167495203353221e-08	1.004609708222575	0.007440715407517893
5.68615740740741e-06	1.8936370617757105e-06	5.683192222222223e-06	1.8969637712921169e-06	-2.965185185186426e-09	1.0923656439162096e-08	0.9993770356280942	0.0017925077664941826
1.0558220291005296e-05	3.5929211988197017e-06	1.0817140846560845e-05	3.6541272649411282e-06	2.589205555555495e-07	7.632792099396625e-08	1.025375180702574	0.005342736734059488
2.007228412698414e-05	6.874793688668726e-06	2.164377433862434e-05	7.4449369267031305e-06	1.5714902116401996e-06	6.040006249091284e-07	1.0778730867806472	0.008804827975585404
2.402463990670399e-06	8.864043739159998e-07	2.401774475809675e-06	8.767223346845277e-07	-6.895148607239543e-10	1.3500531247305297e-08	1.0005507121476096	0.004767609025834167
4.753200911368778e-06	1.8486917894079624e-06	4.76317231773956e-06	1.8097371631218502e-06	9.971406370782612e-09	5.793312985443038e-08	1.0058176758163522	0.0174620518862736
1.1531839181660653e-05	4.115886859059984e-06	1.1557038259362898e-05	4.1212179422207e-06	2.5199077702246073e-08	2.5774120862605216e-08	1.0022732048892529	0.0018455400426360099
2.1145515047314465e-05	7.303600896343243e-06	2.1260983953085442e-05	7.369029596755538e-06	1.1546890577097606e-07	7.616924773928466e-08	1.0050622155599716	0.0023511910619761944
2.9941598802395255e-06	8.421610316969459e-07	3.012172222222227e-06	8.252470663222455e-07	1.80123419827015e-08	1.919447939216601e-08	1.0074109238571571	0.0076538483891707395
5.183867092481695e-06	1.7322830419092265e-06	5.204243107119091e-06	1.7433765269815785e-06	2.03760146373954e-08	1.2988633934289123e-08	1.0037770224042541	0.001325186433880702
1.145092738522955e-05	3.8031677212193366e-06	1.1551842135728529e-05	3.856863588208658e-06	1.0091475049897832e-07	5.374485855138641e-08	1.008281270082052	0.0024107570489067726
2.0812397272122442e-05	6.991620187124529e-06	2.099480086493681e-05	7.080174166050804e-06	1.8240359281436506e-07	8.961125482085974e-08	1.0083582692858577	0.0019109539553016587
2.984683066666666e-06	7.826838046140044e-07	3.0213201999999994e-06	8.19622206293631e-07	3.663713333333314e-08	4.164708753050194e-08	1.0103438649676264	0.01367472954049778
5.2711963333333335e-06	1.7202182261010306e-06	5.286297200000001e-06	1.6974136091791756e-06	1.5100866666667066e-08	3.496615379325158e-08	1.0044178110494044	0.009437470221245936
1.1102039066666665e-05	3.6946224815230342e-06	1.1254153666666664e-05	3.7420334123377785e-06	1.5211460000000083e-07	4.744879641760855e-08	1.013789872722317	0.0004265272683660019
2.0436604e-05	6.824019735349831e-06	2.0869252e-05	6.997083007800028e-06	4.32647999999995e-07	1.9594433271721851e-07	1.0207942016947482	0.004139289534044517
2.9351978310046554e-06	7.974672742529746e-07	3.025266892880909e-06	8.200327486872891e-07	9.006906187625329e-08	3.995600540418258e-08	1.0311872491895262	0.011380900177833577
5.288411503659345e-06	1.7637985994465323e-06	5.423007538256812e-06	1.7652966272385728e-06	1.3459603459746802e-07	2.5394376240725976e-08	1.0277618629796752	0.01238631402490215
1.061005622089155e-05	3.5458467553018612e-06	1.1068923206919496e-05	3.702925919851113e-06	4.588669860279453e-07	1.8512932505946833e-07	1.043292873054538	0.007958028408450484
1.9669795342648035e-05	6.3395824137198195e-06	2.1098820625415816e-05	6.794286894567493e-06	1.4290252827677858e-06	4.5487059705413276e-07	1.0727324683755062	0.0006584026950516763
3.0346650000000004e-06	8.647199873043185e-07	3.1165981216931197e-06	8.852880754317284e-07	8.193312169311952e-08	3.482597622665182e-08	1.027404425443379	0.00859333332237766
5.631504312169312e-06	1.9067345652473048e-06	5.792435714285714e-06	1.9396847978809774e-06	1.6093140211640104e-07	4.152006374590843e-08	1.0297851103976496	0.007725356185873105
1.0532931216931218e-05	3.5591842176721443e-06	1.1349354947089952e-05	3.9104941221524555e-06	8.164237301587341e-07	3.6726610656041964e-07	1.0754585430833667	0.01256508466555685
2.0291057407407413e-05	6.9494790822012096e-06	2.3271037566137566e-05	7.949288101199655e-06	2.9799801587301535e-06	1.056816188417968e-06	1.1473748931943806	0.015258894094959391
2.4071748813807784e-06	8.778351283330257e-07	2.394543724643473e-06	8.788055778429691e-07	-1.2631156737305233e-08	1.0172091524422785e-08	0.994379480393618	0.00431996466235007
4.748099198987067e-06	1.876495804245638e-06	4.761138612554965e-06	1.871879336877231e-06	1.3039413567898172e-08	1.3577666740695669e-08	1.0033507880924812	0.00303896440969824
1.1371555872317748e-05	4.0772531938510435e-06	1.1462321671331471e-05	4.1232249313624095e-06	9.076579901372212e-08	4.758297220852393e-08	1.0075746698853045	0.0019482358050980002
2.959444011976051e-06	8.356715343397293e-07	2.999989427811049e-06	8.360080779415333e-07	4.054541583499743e-08	6.742131839457525e-09	1.0143993988494642	0.004067863222911744
5.219170039920155e-06	1.735977274367924e-06	5.223159421157679e-06	1.7263700073089807e-06	3.989381237523781e-09	9.710592829724347e-09	1.0013227268662082	0.002617028379279435
1.140241152361943e-05	3.7739079220390018e-06	1.1545204497671317e-05	3.823797737026088e-06	1.4279297405188488e-07	5.036358370738123e-08	1.0124503618521155	0.0006142291068295396
3.003755733333333e-06	8.215900016785091e-07	3.0281543999999994e-06	8.078394951243466e-07	2.4398666666666203e-08	2.86733383234906e-08	1.00980517745971	0.013056602975627172
5.262932933333334e-06	1.6654023800708625e-06	5.350748533333331e-06	1.7296974113276276e-06	8.781559999999853e-08	8.587625241590565e-08	1.0155136912592304	0.011187026333299745
1.1086783466666665e-05	3.7082685713534895e-06	1.1374080266666669e-05	3.808346152034427e-06	2.872968000000037e-07	1.0993341685002102e-07	1.025836410749104	0.003499885824718448
2.943755834996674e-06	7.822226607221445e-07	3.1247030738522985e-06	8.191078210206688e-07	1.8094723885562414e-07	3.710070784916035e-08	1.0621970581928304	0.004183624297317255
5.335960126413835e-06	1.7290343312427666e-06	5.629708349966739e-06	1.8159335956425556e-06	2.9374822355290436e-07	8.696353161668291e-08	1.0554546361835366	0.002116676171221275
1.0683001437125756e-05	3.542351415496752e-06	1.1655882135728541e-05	3.969990060778159e-06	9.728806986027856e-07	4.524690397470342e-07	1.0884227101619774	0.016821183692799155
3.000510026455026e-06	8.470091730437247e-07	3.3292823544973555e-06	9.82248387603346e-07	3.2877232804232933e-07	1.4923199397777544e-07	1.106745836929381	0.024065091444952613
5.611320608465608e-06	1.9028797862327456e-06	6.199828915343916e-06	2.0680396071323406e-06	5.885083068783082e-07	1.6629917235492937e-07	1.1062744561612874	0.006621691240263368
1.0683644206349202e-05	3.648769431203826e-06	1.2405591904761908e-05	4.243368648904545e-06	1.7219476984127052e-06	6.199514470021409e-07	1.1613273184928457	0.014902927654670665
2.4048106998533914e-06	8.440703221383671e-07	2.4265061003598523e-06	8.602596448219001e-07	2.1695400506461376e-08	2.1736028088794268e-08	1.008429775287772	0.006217785462070392
4.749471865920294e-06	1.8833939349261848e-06	4.762064918032777e-06	1.8639974394854197e-06	1.2593052112484593e-08	2.328201744572262e-08	1.0043501876889158	0.006560572784786884
1.1289761591363442e-05	4.025416734468145e-06	1.1387701278155412e-05	4.093791656205209e-06	9.793968679197043e-08	6.850285172499821e-08	1.0076886239525171	0.0041543383173534305
2.986157245508986e-06	8.01806561826363e-07	3.0254254357950784e-06	8.204333312432581e-07	3.9268190286092656e-08	3.826115756649115e-08	1.0130018422850864	0.01104619166601343
5.231495502328671e-06	1.6933823304325552e-06	5.246065568862271e-06	1.7350235855360882e-06	1.457006653359929e-08	4.757001406005992e-08	1.001228636632267	0.007820695433866582
1.1324043087159014e-05	3.767354911640816e-06	1.1553920778443114e-05	3.840803459085525e-06	2.2987769128409716e-07	7.350577117804422e-08	1.0203790069447969	0.00041344873778488165
3.0055042e-06	8.283096939481506e-07	3.0997581333333333e-06	8.552006710473594e-07	9.425393333333347e-08	2.9170238527879776e-08	1.0314124680644732	0.003642549047352364
5.288045333333331e-06	1.7528725617417185e-06	5.425292933333334e-06	1.7861203617686727e-06	1.3724760000000116e-07	6.902223653171423e-08	1.0271387495617128	0.01341906257502153
1.1100924733333334e-05	3.718655901153645e-06	1.1620836933333332e-05	3.956616408570659e-06	5.199121999999981e-07	2.4713566932864644e-07	1.045154478400907	0.009033792807753478
2.9841664537591523e-06	8.253056171643198e-07	3.382688463073849e-06	9.919936162012183e-07	3.9852200931469734e-07	1.667424982606227e-07	1.129502352096108	0.022407035162526512
5.4421697937458356e-06	1.766697044410127e-06	6.217712275449107e-06	2.0478685244600385e-06	7.755424817032711e-07	2.9144104071940815e-07	1.1419444907449179	0.014743790281262702
1.0813846746506984e-05	3.617299521590346e-06	1.2714704537591476e-05	4.343398340644329e-06	1.900857791084491e-06	7.595331124916747e-07	1.17381542579462	0.02059967278821744
3.0571514550264557e-06	8.881292417117735e-07	3.7056104232804254e-06	1.1001185677543681e-06	6.484589682539702e-07	2.12136955668959e-07	1.210268574942121	0.00970055553610299
5.785907962962963e-06	1.948809071394878e-06	7.026757380952382e-06	2.3130384046413904e-06	1.2408494179894199e-06	3.66428635658191e-07	1.217230084458068	0.01577356896831799
1.0996077328042327e-05	3.7315907332150656e-06	1.3840071878306885e-05	4.715303523853144e-06	2.843994550264556e-06	1.00220988352589e-06	1.2584711638755526	0.016434376605740326
2.3879770858323327e-06	8.518561419178905e-07	2.3954572962814837e-06	8.419521662128294e-07	7.480210449151288e-09	1.206040231132573e-08	1.0043817503575243	0.005559721737714362
4.765024854058369e-06	1.8358669696616022e-06	4.77492641743303e-06	1.8576821976683962e-06	9.901563374659853e-09	3.653800771152516e-08	1.0011292170833848	0.006124507159600004
3.0189456753160392e-06	8.260275720226995e-07	3.051733938789091e-06	8.609785235115704e-07	3.27882634730519e-08	4.235438477321514e-08	1.0094229831978492	0.010401748788131382
5.230971929474382e-06	1.738000082588546e-06	5.292852947438453e-06	1.7916557640150983e-06	6.188101796407087e-08	6.842968681471864e-08	1.0106213869309817	0.008881039762919608
3.0326850666666658e-06	8.199980866878236e-07	3.2662548000000003e-06	8.86356566489762e-07	2.3356973333333455e-07	6.82307969850386e-08	1.0769611519301894	0.005091597781723496
5.332073533333334e-06	1.7519585641054926e-06	5.679290133333333e-06	1.9495084808412032e-06	3.4721659999999927e-07	2.2726862119386262e-07	1.0624331430088823	0.02319449662934449
3.096808416500333e-06	8.311184477489843e-07	3.8504045841650055e-06	1.0565176697520731e-06	7.535961676646728e-07	2.2546460548262888e-07	1.241778441530584	0.008810439464966976
5.759625156353963e-06	1.8471305227548195e-06	7.20944153692614e-06	2.370312934268539e-06	1.449816380572177e-06	5.28533631525815e-07	1.2500331753053964	0.015493545727961133
3.1447597089947092e-06	9.396786656652097e-07	4.1132567460317465e-06	1.2488843598916745e-06	9.684970370370368e-07	3.1057837457527555e-07	1.3065046335926953	0.011520913197357681
6.100456084656085e-06	2.019986392828635e-06	8.008214391534389e-06	2.6076742283823284e-06	1.9077583068783036e-06	5.913653270657407e-07	1.3151288769366472	0.018060434494101302
