Time,Current SMUb (A),Current SMUb (A),Current SMUb (A),Current SMUb (A),Current SMUb (A)
0.0,1.47104e-05,1.46627e-05,1.46389e-05,1.46627e-05,1.46389e-05
0.100001,1.4019e-05,1.39475e-05,1.39475e-05,1.39356e-05,1.39594e-05
0.200002,1.39594e-05,1.38879e-05,1.38402e-05,1.38521e-05,1.38521e-05
0.300003,1.39117e-05,1.3876e-05,1.38164e-05,1.38521e-05,1.38164e-05
0.400004,1.39117e-05,1.38879e-05,1.38044e-05,1.38521e-05,1.38164e-05
0.500005,1.38998e-05,1.3864e-05,1.38283e-05,1.38044e-05,1.38164e-05
0.600006,1.39356e-05,1.3876e-05,1.38283e-05,1.38283e-05,1.38521e-05
0.700007,1.39356e-05,1.38998e-05,1.38402e-05,1.38283e-05,1.37925e-05
0.800008,1.38998e-05,1.38998e-05,1.38521e-05,1.38402e-05,1.38283e-05
0.900009,1.39833e-05,1.38998e-05,1.38521e-05,1.3864e-05,1.38402e-05
1.00001,1.39713e-05,1.39117e-05,1.3876e-05,1.3864e-05,1.38879e-05
1.10001,1.39952e-05,1.39117e-05,1.3864e-05,1.38521e-05,1.3876e-05
1.20001,1.40071e-05,1.38998e-05,1.38998e-05,1.39117e-05,1.38879e-05
1.30001,1.40071e-05,1.39236e-05,1.39117e-05,1.3864e-05,1.38879e-05
1.40001,1.39713e-05,1.39594e-05,1.38998e-05,1.38879e-05,1.3876e-05
1.50001,1.40071e-05,1.39356e-05,1.38879e-05,1.38998e-05,1.39117e-05
1.60002,1.40667e-05,1.39356e-05,1.39356e-05,1.39356e-05,1.39117e-05
1.70002,1.4019e-05,1.39236e-05,1.39356e-05,1.39356e-05,1.39356e-05
1.80002,1.40309e-05,1.39356e-05,1.39475e-05,1.39236e-05,1.39236e-05
1.90002,1.40429e-05,1.39475e-05,1.39475e-05,1.39117e-05,1.39594e-05
2.00002,1.40548e-05,1.39236e-05,1.39594e-05,1.39475e-05,1.39594e-05
2.10002,1.40429e-05,1.39356e-05,1.39475e-05,1.39236e-05,1.39356e-05
2.20002,1.40786e-05,1.39356e-05,1.39833e-05,1.39356e-05,1.39475e-05
2.30002,1.40548e-05,1.39236e-05,1.39952e-05,1.39594e-05,1.39952e-05
2.40002,1.40786e-05,1.39833e-05,1.39833e-05,1.39952e-05,1.39833e-05
2.50002,1.40905e-05,1.39833e-05,1.40071e-05,1.39594e-05,1.39833e-05
2.60003,1.40429e-05,1.39833e-05,1.40071e-05,1.40071e-05,1.39713e-05
2.70003,1.40429e-05,1.39713e-05,1.4019e-05,1.39952e-05,1.39952e-05
2.80003,1.40309e-05,1.39833e-05,1.39952e-05,1.40071e-05,1.39952e-05
2.90003,1.40429e-05,1.39713e-05,1.39952e-05,1.40548e-05,1.40071e-05
3.00003,1.40786e-05,1.39833e-05,1.4019e-05,1.40548e-05,1.39952e-05
3.10003,1.41025e-05,1.39952e-05,1.4019e-05,1.40786e-05,1.4019e-05
3.20003,1.40667e-05,1.40071e-05,1.40309e-05,1.40548e-05,1.4019e-05
3.30003,1.40786e-05,1.39952e-05,1.40071e-05,1.4019e-05,1.4019e-05
3.40003,1.41263e-05,1.40429e-05,1.39833e-05,1.40667e-05,1.40429e-05
3.50004,1.40786e-05,1.40309e-05,1.4019e-05,1.40309e-05,1.40309e-05
3.60004,1.40786e-05,1.40309e-05,1.40071e-05,1.40429e-05,1.40309e-05
3.70004,1.40667e-05,1.40786e-05,1.40071e-05,1.40786e-05,1.40309e-05
3.80004,1.40548e-05,1.40786e-05,1.40071e-05,1.40071e-05,1.40667e-05
3.90004,1.40786e-05,1.40667e-05,1.39952e-05,1.40667e-05,1.40548e-05
4.00004,1.40905e-05,1.40667e-05,1.40071e-05,1.40309e-05,1.40905e-05
4.10004,1.41025e-05,1.40667e-05,1.40071e-05,1.40786e-05,1.40667e-05
4.20004,1.41025e-05,1.40667e-05,1.4019e-05,1.40667e-05,1.40548e-05
4.30004,1.41144e-05,1.40905e-05,1.40429e-05,1.40905e-05,1.40786e-05
4.40004,1.41025e-05,1.41025e-05,1.40667e-05,1.40548e-05,1.40548e-05
4.50005,1.41144e-05,1.41144e-05,1.40548e-05,1.40667e-05,1.40667e-05
4.60005,1.41144e-05,1.40667e-05,1.40309e-05,1.40667e-05,1.40548e-05
4.70005,1.41382e-05,1.40905e-05,1.40667e-05,1.40667e-05,1.40905e-05
4.80005,1.41025e-05,1.41144e-05,1.40429e-05,1.40786e-05,1.40667e-05
4.90005,1.41382e-05,1.41025e-05,1.40548e-05,1.40548e-05,1.40905e-05
5.00005,1.41025e-05,1.40905e-05,1.40667e-05,1.40786e-05,1.40905e-05
5.10005,1.41144e-05,1.41025e-05,1.40548e-05,1.40786e-05,1.41025e-05
5.20005,1.41025e-05,1.40786e-05,1.40786e-05,1.40786e-05,1.40786e-05
5.30005,1.4174e-05,1.40786e-05,1.40667e-05,1.4019e-05,1.41263e-05
5.40005,1.41382e-05,1.41144e-05,1.40786e-05,1.40429e-05,1.41263e-05
5.50005,1.41144e-05,1.41263e-05,1.40905e-05,1.40667e-05,1.41144e-05
5.60006,1.41263e-05,1.41382e-05,1.40548e-05,1.40548e-05,1.41263e-05
5.70006,1.41501e-05,1.41144e-05,1.40786e-05,1.40548e-05,1.41263e-05
5.80006,1.41501e-05,1.41144e-05,1.40548e-05,1.40548e-05,1.40905e-05
5.90006,1.41382e-05,1.41382e-05,1.40905e-05,1.40786e-05,1.41144e-05
6.00006,1.41621e-05,1.41501e-05,1.41382e-05,1.40786e-05,1.41382e-05
6.10006,1.41621e-05,1.41382e-05,1.41025e-05,1.40905e-05,1.41382e-05
6.20006,1.41382e-05,1.41263e-05,1.41025e-05,1.40667e-05,1.41144e-05
6.30006,1.41263e-05,1.41382e-05,1.41025e-05,1.40429e-05,1.41025e-05
6.40006,1.41621e-05,1.41263e-05,1.41263e-05,1.40548e-05,1.40429e-05
6.50006,1.41501e-05,1.41025e-05,1.41501e-05,1.41025e-05,1.40667e-05
6.60007,1.41621e-05,1.40905e-05,1.41382e-05,1.40786e-05,1.40905e-05
6.70007,1.4174e-05,1.41501e-05,1.41382e-05,1.40667e-05,1.41263e-05
6.80007,1.41501e-05,1.41382e-05,1.41501e-05,1.41025e-05,1.41025e-05
6.90007,1.41859e-05,1.41621e-05,1.40786e-05,1.40786e-05,1.41263e-05
7.00007,1.41621e-05,1.41501e-05,1.41263e-05,1.40905e-05,1.41144e-05
7.10007,1.41621e-05,1.41621e-05,1.41382e-05,1.41382e-05,1.41382e-05
7.20007,1.41978e-05,1.41978e-05,1.41263e-05,1.41144e-05,1.41263e-05
7.30007,1.41382e-05,1.41501e-05,1.41263e-05,1.41144e-05,1.40905e-05
7.40007,1.41501e-05,1.41859e-05,1.41263e-05,1.41025e-05,1.41263e-05
7.50007,1.41621e-05,1.41263e-05,1.41382e-05,1.41144e-05,1.41144e-05
7.60008,1.4174e-05,1.41621e-05,1.41144e-05,1.41025e-05,1.41263e-05
7.70008,1.41621e-05,1.41501e-05,1.41382e-05,1.40786e-05,1.40905e-05
7.80008,1.41382e-05,1.41382e-05,1.41501e-05,1.40786e-05,1.41263e-05
7.90008,1.4174e-05,1.41263e-05,1.41144e-05,1.40786e-05,1.40905e-05
8.00008,1.41382e-05,1.41501e-05,1.41501e-05,1.40548e-05,1.41501e-05
8.10008,1.41501e-05,1.4174e-05,1.41025e-05,1.40905e-05,1.41263e-05
8.20008,1.41263e-05,1.42217e-05,1.41382e-05,1.41144e-05,1.41144e-05
8.30008,1.41621e-05,1.42097e-05,1.40786e-05,1.41025e-05,1.41025e-05
8.40008,1.41501e-05,1.41978e-05,1.40786e-05,1.40905e-05,1.41263e-05
8.50009,1.41382e-05,1.41978e-05,1.40905e-05,1.41144e-05,1.41263e-05
8.60009,1.41144e-05,1.41978e-05,1.41263e-05,1.40905e-05,1.41263e-05
8.70009,1.41621e-05,1.41978e-05,1.41025e-05,1.41025e-05,1.41263e-05
8.80009,1.4174e-05,1.42217e-05,1.40905e-05,1.41025e-05,1.41382e-05
8.90009,1.41382e-05,1.42097e-05,1.41263e-05,1.41144e-05,1.41859e-05
9.00009,1.41621e-05,1.42336e-05,1.4174e-05,1.40905e-05,1.41501e-05
9.10009,1.41859e-05,1.41859e-05,1.41382e-05,1.40786e-05,1.41025e-05
9.20009,1.4174e-05,1.42097e-05,1.41382e-05,1.40786e-05,1.41859e-05
9.30009,1.42217e-05,1.42217e-05,1.41621e-05,1.40905e-05,1.41501e-05
9.40009,1.42097e-05,1.41859e-05,1.41263e-05,1.40786e-05,1.41501e-05
9.50009,1.41978e-05,1.42217e-05,1.41501e-05,1.41144e-05,1.41025e-05
9.6001,1.41978e-05,1.42217e-05,1.41501e-05,1.40548e-05,1.41144e-05
9.7001,1.42217e-05,1.4174e-05,1.41263e-05,1.41144e-05,1.41501e-05
9.8001,1.42217e-05,1.41859e-05,1.4174e-05,1.41263e-05,1.41382e-05
9.9001,1.42336e-05,1.41859e-05,1.41621e-05,1.41263e-05,1.41501e-05
10.0001,1.42217e-05,1.41978e-05,1.42217e-05,1.41263e-05,1.41501e-05
10.1001,1.41859e-05,1.41978e-05,1.41621e-05,1.41382e-05,1.41382e-05
10.2001,1.42097e-05,1.41621e-05,1.4174e-05,1.41382e-05,1.41263e-05
10.3001,1.41978e-05,1.42217e-05,1.4174e-05,1.41263e-05,1.41382e-05
10.4001,1.41978e-05,1.42217e-05,1.42097e-05,1.41144e-05,1.41501e-05
10.5001,1.42217e-05,1.42097e-05,1.41859e-05,1.40905e-05,1.41621e-05
10.6001,1.41978e-05,1.42097e-05,1.42217e-05,1.41144e-05,1.41621e-05
10.7001,1.42217e-05,1.42217e-05,1.42097e-05,1.41859e-05,1.4174e-05
10.8001,1.42574e-05,1.42217e-05,1.42097e-05,1.41263e-05,1.41501e-05
10.9001,1.42455e-05,1.42097e-05,1.41621e-05,1.41501e-05,1.41382e-05
11.0001,1.42336e-05,1.42097e-05,1.4174e-05,1.41263e-05,1.41501e-05
11.1001,1.42336e-05,1.42097e-05,1.4174e-05,1.41382e-05,1.41501e-05
11.2001,1.42217e-05,1.41859e-05,1.41978e-05,1.41263e-05,1.41382e-05
11.3001,1.42217e-05,1.41978e-05,1.41978e-05,1.41144e-05,1.4174e-05
11.4001,1.42336e-05,1.41859e-05,1.41978e-05,1.41382e-05,1.4174e-05
11.5001,1.42455e-05,1.41859e-05,1.42336e-05,1.41621e-05,1.41621e-05
11.6001,1.42455e-05,1.41859e-05,1.42097e-05,1.41382e-05,1.4174e-05
11.7001,1.42574e-05,1.42097e-05,1.42217e-05,1.41382e-05,1.41978e-05
11.8001,1.42455e-05,1.4174e-05,1.41978e-05,1.41382e-05,1.41978e-05
11.9001,1.42694e-05,1.41859e-05,1.41978e-05,1.41501e-05,1.4174e-05
12.0001,1.42574e-05,1.41621e-05,1.42097e-05,1.4174e-05,1.4174e-05
12.1001,1.42574e-05,1.41859e-05,1.42336e-05,1.41859e-05,1.41501e-05
12.2001,1.42574e-05,1.42097e-05,1.41978e-05,1.41859e-05,1.41859e-05
12.3001,1.42813e-05,1.42097e-05,1.42217e-05,1.4174e-05,1.41978e-05
12.4001,1.42574e-05,1.41859e-05,1.41978e-05,1.4174e-05,1.41859e-05
12.5001,1.42097e-05,1.41978e-05,1.41978e-05,1.41621e-05,1.42336e-05
12.6001,1.42217e-05,1.42097e-05,1.42097e-05,1.4174e-05,1.42217e-05
12.7001,1.42217e-05,1.42336e-05,1.42336e-05,1.4174e-05,1.41859e-05
12.8001,1.42574e-05,1.41859e-05,1.41978e-05,1.4174e-05,1.41621e-05
12.9001,1.42217e-05,1.41978e-05,1.42336e-05,1.41978e-05,1.41859e-05
13.0001,1.42097e-05,1.41621e-05,1.42217e-05,1.41859e-05,1.41859e-05
13.1001,1.42217e-05,1.4174e-05,1.42097e-05,1.41621e-05,1.41978e-05
13.2001,1.42574e-05,1.41859e-05,1.42097e-05,1.41621e-05,1.41978e-05
13.3001,1.42455e-05,1.41859e-05,1.42097e-05,1.41621e-05,1.41978e-05
13.4001,1.42455e-05,1.41621e-05,1.42336e-05,1.4174e-05,1.42097e-05
13.5001,1.42574e-05,1.41859e-05,1.42694e-05,1.4174e-05,1.41859e-05
13.6001,1.42813e-05,1.41978e-05,1.42813e-05,1.41859e-05,1.42217e-05
13.7001,1.42455e-05,1.42217e-05,1.42813e-05,1.41859e-05,1.42336e-05
13.8001,1.42336e-05,1.42336e-05,1.42813e-05,1.41978e-05,1.42336e-05
13.9001,1.42336e-05,1.42336e-05,1.42694e-05,1.4174e-05,1.42336e-05
14.0001,1.42574e-05,1.42813e-05,1.42574e-05,1.4174e-05,1.42336e-05
14.1001,1.41978e-05,1.42097e-05,1.42574e-05,1.41501e-05,1.42336e-05
14.2001,1.42336e-05,1.42217e-05,1.42694e-05,1.41263e-05,1.42217e-05
14.3001,1.42097e-05,1.41978e-05,1.42574e-05,1.41382e-05,1.42336e-05
14.4001,1.42336e-05,1.42336e-05,1.42694e-05,1.41501e-05,1.42336e-05
14.5001,1.42097e-05,1.42217e-05,1.42574e-05,1.41263e-05,1.42097e-05
14.6001,1.42217e-05,1.42574e-05,1.42574e-05,1.41501e-05,1.41978e-05
14.7001,1.42336e-05,1.42336e-05,1.42574e-05,1.4174e-05,1.42336e-05
14.8001,1.42574e-05,1.42217e-05,1.42574e-05,1.41978e-05,1.42097e-05
14.9001,1.42336e-05,1.42574e-05,1.42694e-05,1.41621e-05,1.41978e-05
15.0001,1.42336e-05,1.42455e-05,1.42694e-05,1.4174e-05,1.4174e-05
15.1002,1.42694e-05,1.41978e-05,1.42932e-05,1.41859e-05,1.42097e-05
15.2002,1.4317e-05,1.42336e-05,1.42574e-05,1.4174e-05,1.42097e-05
15.3002,1.42694e-05,1.42336e-05,1.42455e-05,1.41621e-05,1.42217e-05
15.4002,1.43051e-05,1.42097e-05,1.42574e-05,1.41382e-05,1.42336e-05
15.5002,1.4317e-05,1.42217e-05,1.42455e-05,1.41263e-05,1.42336e-05
15.6002,1.42217e-05,1.42455e-05,1.42574e-05,1.41382e-05,1.42455e-05
15.7002,1.42455e-05,1.42574e-05,1.42455e-05,1.41501e-05,1.42217e-05
15.8002,1.42336e-05,1.42574e-05,1.42217e-05,1.41263e-05,1.42097e-05
15.9002,1.42574e-05,1.42932e-05,1.42694e-05,1.41621e-05,1.42217e-05
16.0002,1.57237e-05,1.82271e-05,2.14815e-05,2.53081e-05,3.0005e-05
16.1002,1.5521e-05,1.77503e-05,2.06709e-05,2.40088e-05,2.81215e-05
16.2002,1.54853e-05,1.76787e-05,2.04802e-05,2.37346e-05,2.76327e-05
16.3002,1.5521e-05,1.7643e-05,2.04206e-05,2.36154e-05,2.74181e-05
16.4002,1.54972e-05,1.7643e-05,2.03371e-05,2.35319e-05,2.72632e-05
16.5002,1.54972e-05,1.76072e-05,2.03013e-05,2.34604e-05,2.71559e-05
16.6002,1.55091e-05,1.75834e-05,2.03371e-05,2.34127e-05,2.7144e-05
16.7002,1.5521e-05,1.75953e-05,2.02656e-05,2.34365e-05,2.7132e-05
16.8002,1.55091e-05,1.75953e-05,2.02775e-05,2.34127e-05,2.7132e-05
16.9002,1.5521e-05,1.75595e-05,2.02894e-05,2.33769e-05,2.71201e-05
17.0002,1.42574e-05,1.42813e-05,1.42932e-05,1.42217e-05,1.42097e-05
17.1002,1.43766e-05,1.44839e-05,1.46031e-05,1.46508e-05,1.48296e-05
17.2002,1.4329e-05,1.44124e-05,1.46031e-05,1.45197e-05,1.46627e-05
17.3002,1.42932e-05,1.43528e-05,1.44958e-05,1.4472e-05,1.45912e-05
17.4002,1.4317e-05,1.43766e-05,1.44482e-05,1.44243e-05,1.45316e-05
17.5002,1.43051e-05,1.4329e-05,1.44362e-05,1.43528e-05,1.44958e-05
17.6002,1.43051e-05,1.4329e-05,1.44005e-05,1.43528e-05,1.44839e-05
17.7002,1.4329e-05,1.42813e-05,1.43886e-05,1.4329e-05,1.44362e-05
17.8002,1.42813e-05,1.42694e-05,1.43647e-05,1.43409e-05,1.44243e-05
17.9002,1.42932e-05,1.43051e-05,1.43409e-05,1.42932e-05,1.44243e-05
18.0002,1.42813e-05,1.42574e-05,1.4329e-05,1.42813e-05,1.43766e-05
18.1002,1.42694e-05,1.43051e-05,1.43409e-05,1.42932e-05,1.43766e-05
18.2002,1.43051e-05,1.42813e-05,1.4329e-05,1.42932e-05,1.43528e-05
18.3002,1.42694e-05,1.42932e-05,1.4329e-05,1.43051e-05,1.43528e-05
18.4002,1.43051e-05,1.42813e-05,1.43528e-05,1.42574e-05,1.43528e-05
18.5002,1.42813e-05,1.42813e-05,1.4329e-05,1.42813e-05,1.43409e-05
18.6002,1.42813e-05,1.42455e-05,1.43051e-05,1.42455e-05,1.42932e-05
18.7002,1.43051e-05,1.42574e-05,1.4317e-05,1.42336e-05,1.42932e-05
18.8002,1.43051e-05,1.42574e-05,1.43051e-05,1.42336e-05,1.42932e-05
18.9002,1.42813e-05,1.42574e-05,1.4329e-05,1.42336e-05,1.43528e-05
19.0002,1.42813e-05,1.42694e-05,1.42813e-05,1.42455e-05,1.43051e-05
19.1002,1.42932e-05,1.42694e-05,1.43051e-05,1.42217e-05,1.43051e-05
19.2002,1.42932e-05,1.42455e-05,1.43409e-05,1.42217e-05,1.42932e-05
19.3002,1.4317e-05,1.42455e-05,1.4317e-05,1.42336e-05,1.42932e-05
19.4002,1.42932e-05,1.42455e-05,1.4329e-05,1.42336e-05,1.42694e-05
19.5002,1.4317e-05,1.42455e-05,1.42932e-05,1.42336e-05,1.42455e-05
19.6002,1.42932e-05,1.42217e-05,1.42574e-05,1.42455e-05,1.42813e-05
19.7002,1.43051e-05,1.42574e-05,1.43051e-05,1.42574e-05,1.42932e-05
19.8002,1.4329e-05,1.42574e-05,1.42813e-05,1.42455e-05,1.42574e-05
19.9002,1.4329e-05,1.42455e-05,1.42813e-05,1.42455e-05,1.42455e-05
20.0002,1.4329e-05,1.42455e-05,1.42813e-05,1.42455e-05,1.42694e-05
20.1002,1.43409e-05,1.42694e-05,1.42932e-05,1.42694e-05,1.42694e-05
20.2002,1.4317e-05,1.42336e-05,1.42694e-05,1.42455e-05,1.42574e-05
20.3002,1.43051e-05,1.42574e-05,1.42694e-05,1.42455e-05,1.42813e-05
20.4002,1.4329e-05,1.42694e-05,1.43051e-05,1.41978e-05,1.42574e-05
20.5002,1.43409e-05,1.42813e-05,1.4329e-05,1.41978e-05,1.42813e-05
20.6002,1.4329e-05,1.42574e-05,1.42932e-05,1.42217e-05,1.42932e-05
20.7002,1.4317e-05,1.42694e-05,1.42813e-05,1.42097e-05,1.42694e-05
20.8002,1.43051e-05,1.42932e-05,1.42694e-05,1.42336e-05,1.42574e-05
20.9002,1.42813e-05,1.42574e-05,1.42694e-05,1.42097e-05,1.42336e-05
21.0002,1.42932e-05,1.42574e-05,1.42574e-05,1.42336e-05,1.42813e-05
21.1002,1.42574e-05,1.42574e-05,1.42574e-05,1.42217e-05,1.42694e-05
21.2002,1.42932e-05,1.42336e-05,1.42932e-05,1.42574e-05,1.42694e-05
21.3002,1.4317e-05,1.42574e-05,1.42932e-05,1.42097e-05,1.42455e-05
21.4002,1.42813e-05,1.42574e-05,1.42932e-05,1.42217e-05,1.42455e-05
21.5002,1.43051e-05,1.42694e-05,1.42932e-05,1.42336e-05,1.42694e-05
21.6002,1.4317e-05,1.42694e-05,1.42694e-05,1.42336e-05,1.42455e-05
21.7002,1.43051e-05,1.42813e-05,1.42813e-05,1.42097e-05,1.42336e-05
21.8002,1.42932e-05,1.42574e-05,1.42574e-05,1.42455e-05,1.42455e-05
21.9002,1.4329e-05,1.42455e-05,1.42574e-05,1.41978e-05,1.42336e-05
22.0002,1.42932e-05,1.42813e-05,1.42574e-05,1.42217e-05,1.42574e-05
22.1002,1.42813e-05,1.42813e-05,1.42932e-05,1.41978e-05,1.42336e-05
22.2002,1.42932e-05,1.43051e-05,1.42813e-05,1.41978e-05,1.42455e-05
22.3002,1.42813e-05,1.43051e-05,1.42932e-05,1.42336e-05,1.42455e-05
22.4002,1.43051e-05,1.42694e-05,1.42694e-05,1.42217e-05,1.42813e-05
22.5002,1.4317e-05,1.42932e-05,1.42574e-05,1.42336e-05,1.42694e-05
22.6002,1.43051e-05,1.42813e-05,1.42813e-05,1.41978e-05,1.42694e-05
22.7002,1.42813e-05,1.42813e-05,1.42813e-05,1.41978e-05,1.42574e-05
22.8002,1.43051e-05,1.43051e-05,1.43051e-05,1.41978e-05,1.42574e-05
22.9002,1.4329e-05,1.42336e-05,1.42932e-05,1.42097e-05,1.42455e-05
23.0002,1.42455e-05,1.42813e-05,1.42574e-05,1.41859e-05,1.42455e-05
23.1002,1.42932e-05,1.42574e-05,1.42694e-05,1.42097e-05,1.42574e-05
23.2002,1.43051e-05,1.42455e-05,1.42813e-05,1.42455e-05,1.42574e-05
23.3002,1.43051e-05,1.42694e-05,1.42694e-05,1.42097e-05,1.42455e-05
23.4002,1.42455e-05,1.42694e-05,1.42694e-05,1.42217e-05,1.42336e-05
23.5002,1.42694e-05,1.42932e-05,1.42574e-05,1.42097e-05,1.42574e-05
23.6002,1.4329e-05,1.42694e-05,1.42694e-05,1.42097e-05,1.42217e-05
23.7002,1.4329e-05,1.42813e-05,1.42694e-05,1.41978e-05,1.42097e-05
23.8002,1.4329e-05,1.42813e-05,1.42813e-05,1.4174e-05,1.42455e-05
23.9002,1.4329e-05,1.42694e-05,1.4317e-05,1.41501e-05,1.42455e-05
24.0002,1.43409e-05,1.42455e-05,1.43051e-05,1.4174e-05,1.42217e-05
24.1002,1.43051e-05,1.42932e-05,1.42932e-05,1.4174e-05,1.42455e-05
24.2002,1.42574e-05,1.42574e-05,1.43051e-05,1.41978e-05,1.42097e-05
24.3002,1.42574e-05,1.42455e-05,1.43051e-05,1.41859e-05,1.41978e-05
24.4002,1.42932e-05,1.42574e-05,1.42932e-05,1.4174e-05,1.41978e-05
24.5002,1.42336e-05,1.42574e-05,1.42694e-05,1.4174e-05,1.41859e-05
24.6002,1.42694e-05,1.42455e-05,1.42336e-05,1.41501e-05,1.42455e-05
24.7002,1.42813e-05,1.42574e-05,1.42932e-05,1.41501e-05,1.42336e-05
24.8002,1.42574e-05,1.42574e-05,1.42813e-05,1.41621e-05,1.42097e-05
24.9002,1.42813e-05,1.42813e-05,1.42574e-05,1.4174e-05,1.42336e-05
25.0002,1.42813e-05,1.42694e-05,1.42455e-05,1.41501e-05,1.42097e-05
25.1003,1.43051e-05,1.42694e-05,1.42694e-05,1.4174e-05,1.41859e-05
25.2003,1.43051e-05,1.42813e-05,1.42694e-05,1.41978e-05,1.4174e-05
25.3003,1.4329e-05,1.42813e-05,1.42574e-05,1.41859e-05,1.41501e-05
25.4003,1.43051e-05,1.43528e-05,1.42336e-05,1.41382e-05,1.41859e-05
25.5003,1.42932e-05,1.42932e-05,1.42455e-05,1.41501e-05,1.41978e-05
25.6003,1.42574e-05,1.43051e-05,1.42574e-05,1.41859e-05,1.42217e-05
25.7003,1.42574e-05,1.43051e-05,1.42455e-05,1.42097e-05,1.41859e-05
25.8003,1.42694e-05,1.42694e-05,1.42455e-05,1.41978e-05,1.41978e-05
25.9003,1.42455e-05,1.42932e-05,1.42455e-05,1.41859e-05,1.41859e-05
26.0003,1.42217e-05,1.43051e-05,1.42455e-05,1.41978e-05,1.41859e-05
26.1003,1.42694e-05,1.4329e-05,1.42574e-05,1.41621e-05,1.41978e-05
26.2003,1.42694e-05,1.42813e-05,1.42455e-05,1.41621e-05,1.41978e-05
26.3003,1.42813e-05,1.42932e-05,1.42694e-05,1.41859e-05,1.41859e-05
26.4003,1.42813e-05,1.42455e-05,1.42336e-05,1.41859e-05,1.41859e-05
26.5003,1.42455e-05,1.42694e-05,1.42455e-05,1.41978e-05,1.42097e-05
26.6003,1.42932e-05,1.42574e-05,1.42813e-05,1.42217e-05,1.42097e-05
26.7003,1.42932e-05,1.42455e-05,1.42813e-05,1.42097e-05,1.41978e-05
26.8003,1.42813e-05,1.42694e-05,1.42574e-05,1.42336e-05,1.41859e-05
26.9003,1.42694e-05,1.42694e-05,1.42574e-05,1.42097e-05,1.41859e-05
27.0003,1.42574e-05,1.42455e-05,1.42694e-05,1.41621e-05,1.41859e-05
27.1003,1.42813e-05,1.42455e-05,1.42813e-05,1.41382e-05,1.41978e-05
27.2003,1.42813e-05,1.42574e-05,1.42574e-05,1.4174e-05,1.41859e-05
27.3003,1.42813e-05,1.42455e-05,1.42336e-05,1.41859e-05,1.42217e-05
27.4003,1.42813e-05,1.42813e-05,1.42455e-05,1.4174e-05,1.42217e-05
27.5003,1.42694e-05,1.42455e-05,1.42217e-05,1.41621e-05,1.42217e-05
27.6003,1.42813e-05,1.42694e-05,1.42455e-05,1.4174e-05,1.42574e-05
27.7003,1.42932e-05,1.42574e-05,1.42455e-05,1.4174e-05,1.42694e-05
27.8003,1.42932e-05,1.42694e-05,1.42574e-05,1.4174e-05,1.42455e-05
27.9003,1.43051e-05,1.42336e-05,1.42813e-05,1.4174e-05,1.41859e-05
28.0003,1.43051e-05,1.42694e-05,1.42694e-05,1.41621e-05,1.42097e-05
28.1003,1.4317e-05,1.42455e-05,1.42932e-05,1.41859e-05,1.42217e-05
28.2003,1.43051e-05,1.42694e-05,1.42932e-05,1.41859e-05,1.41859e-05
28.3003,1.43051e-05,1.42574e-05,1.42813e-05,1.41978e-05,1.41859e-05
28.4003,1.4317e-05,1.42455e-05,1.42336e-05,1.41501e-05,1.4174e-05
28.5003,1.42694e-05,1.42694e-05,1.42455e-05,1.41978e-05,1.41621e-05
28.6003,1.43051e-05,1.42694e-05,1.42455e-05,1.41382e-05,1.4174e-05
28.7003,1.42932e-05,1.42336e-05,1.42574e-05,1.41859e-05,1.41621e-05
28.8003,1.4329e-05,1.42455e-05,1.42217e-05,1.41978e-05,1.42097e-05
28.9003,1.42694e-05,1.42455e-05,1.42574e-05,1.4174e-05,1.4174e-05
29.0003,1.42455e-05,1.42336e-05,1.42217e-05,1.41859e-05,1.42097e-05
29.1003,1.42336e-05,1.42217e-05,1.42455e-05,1.41978e-05,1.42336e-05
29.2003,1.42694e-05,1.42455e-05,1.42217e-05,1.41621e-05,1.41978e-05
29.3003,1.42694e-05,1.42336e-05,1.42694e-05,1.4174e-05,1.41859e-05
29.4003,1.42694e-05,1.42455e-05,1.42217e-05,1.41859e-05,1.41859e-05
29.5003,1.42813e-05,1.42694e-05,1.42336e-05,1.41621e-05,1.42217e-05
29.6003,1.4317e-05,1.42455e-05,1.42574e-05,1.41859e-05,1.42217e-05
29.7003,1.42813e-05,1.42574e-05,1.42574e-05,1.41501e-05,1.41978e-05
29.8003,1.43051e-05,1.42574e-05,1.42574e-05,1.41501e-05,1.42336e-05
29.9003,1.43051e-05,1.41859e-05,1.42455e-05,1.41859e-05,1.42455e-05
30.0003,1.4329e-05,1.42336e-05,1.42097e-05,1.41859e-05,1.42217e-05
30.1003,1.43051e-05,1.41978e-05,1.42336e-05,1.41501e-05,1.42217e-05
30.2003,1.4317e-05,1.42217e-05,1.42336e-05,1.41501e-05,1.42336e-05
30.3003,1.4329e-05,1.42574e-05,1.42217e-05,1.41501e-05,1.42455e-05
30.4003,1.43409e-05,1.42694e-05,1.42336e-05,1.41382e-05,1.42574e-05
30.5003,1.43409e-05,1.42574e-05,1.42217e-05,1.41621e-05,1.42455e-05
30.6003,1.4329e-05,1.42574e-05,1.42097e-05,1.4174e-05,1.42217e-05
30.7003,1.43409e-05,1.42813e-05,1.42574e-05,1.41978e-05,1.41859e-05
30.8003,1.4329e-05,1.42694e-05,1.42694e-05,1.41859e-05,1.42217e-05
30.9003,1.4329e-05,1.42813e-05,1.42455e-05,1.41382e-05,1.41978e-05
31.0003,1.43051e-05,1.42574e-05,1.42455e-05,1.4174e-05,1.41978e-05
31.1003,1.43528e-05,1.42694e-05,1.42694e-05,1.41501e-05,1.41978e-05
31.2003,1.43409e-05,1.42813e-05,1.42813e-05,1.41501e-05,1.41859e-05
31.3003,1.43647e-05,1.42813e-05,1.42694e-05,1.41382e-05,1.42097e-05
31.4003,1.4329e-05,1.42932e-05,1.42574e-05,1.41501e-05,1.41978e-05
31.5003,1.4317e-05,1.42694e-05,1.42694e-05,1.41263e-05,1.4174e-05
31.6003,1.43409e-05,1.42694e-05,1.42694e-05,1.41382e-05,1.41978e-05
31.7003,1.4329e-05,1.42694e-05,1.42694e-05,1.41621e-05,1.42217e-05
31.8003,1.42813e-05,1.42932e-05,1.42694e-05,1.41501e-05,1.41978e-05
31.9003,1.42932e-05,1.42813e-05,1.42932e-05,1.4174e-05,1.41978e-05
32.0003,1.42932e-05,1.42574e-05,1.42694e-05,1.4174e-05,1.41978e-05
32.1003,1.4317e-05,1.42813e-05,1.42932e-05,1.41501e-05,1.41859e-05
32.2003,1.4317e-05,1.42574e-05,1.42694e-05,1.41501e-05,1.42217e-05
32.3003,1.42694e-05,1.42336e-05,1.42932e-05,1.41859e-05,1.42217e-05
32.4003,1.4329e-05,1.42813e-05,1.4317e-05,1.4174e-05,1.42336e-05
32.5003,1.42932e-05,1.42574e-05,1.4329e-05,1.41978e-05,1.42336e-05
32.6003,1.43051e-05,1.42455e-05,1.42932e-05,1.41859e-05,1.42097e-05
32.7003,1.4317e-05,1.42574e-05,1.43051e-05,1.4174e-05,1.42217e-05
32.8003,1.42932e-05,1.42694e-05,1.4329e-05,1.41621e-05,1.41978e-05
32.9003,1.42932e-05,1.42932e-05,1.4317e-05,1.41621e-05,1.41859e-05
33.0003,1.4329e-05,1.42694e-05,1.43051e-05,1.4174e-05,1.41978e-05
33.1003,1.4317e-05,1.42694e-05,1.4329e-05,1.41621e-05,1.41978e-05
33.2003,1.4317e-05,1.42932e-05,1.4317e-05,1.41382e-05,1.41978e-05
33.3003,1.43051e-05,1.42932e-05,1.4317e-05,1.41144e-05,1.41859e-05
33.4003,1.42694e-05,1.42694e-05,1.43051e-05,1.41382e-05,1.41978e-05
33.5003,1.42932e-05,1.42574e-05,1.42932e-05,1.41501e-05,1.41978e-05
33.6003,1.4329e-05,1.42694e-05,1.42574e-05,1.41501e-05,1.4174e-05
33.7003,1.43051e-05,1.42694e-05,1.42574e-05,1.41621e-05,1.41621e-05
33.8003,1.42932e-05,1.42455e-05,1.42932e-05,1.41621e-05,1.41859e-05
33.9003,1.4317e-05,1.42574e-05,1.42694e-05,1.41382e-05,1.41501e-05
34.0003,1.4317e-05,1.42813e-05,1.42455e-05,1.41859e-05,1.41859e-05
34.1003,1.42813e-05,1.42932e-05,1.42574e-05,1.41621e-05,1.41501e-05
34.2003,1.4317e-05,1.42932e-05,1.42813e-05,1.4174e-05,1.41501e-05
34.3003,1.4329e-05,1.42813e-05,1.42694e-05,1.4174e-05,1.41621e-05
34.4003,1.43051e-05,1.42694e-05,1.42813e-05,1.4174e-05,1.41501e-05
34.5003,1.4329e-05,1.42694e-05,1.42813e-05,1.41501e-05,1.4174e-05
34.6003,1.4317e-05,1.42694e-05,1.42932e-05,1.41382e-05,1.41501e-05
34.7003,1.4329e-05,1.42455e-05,1.42932e-05,1.41382e-05,1.41501e-05
34.8003,1.4329e-05,1.42694e-05,1.42813e-05,1.41859e-05,1.4174e-05
34.9003,1.4329e-05,1.42574e-05,1.43051e-05,1.41859e-05,1.41621e-05
35.0003,1.43647e-05,1.42813e-05,1.43051e-05,1.41978e-05,1.41859e-05
35.1004,1.43528e-05,1.42694e-05,1.43051e-05,1.4174e-05,1.41859e-05
35.2004,1.4329e-05,1.42455e-05,1.42694e-05,1.4174e-05,1.41859e-05
35.3004,1.4317e-05,1.42813e-05,1.42932e-05,1.41978e-05,1.41859e-05
35.4004,1.42932e-05,1.42574e-05,1.42574e-05,1.41621e-05,1.41859e-05
35.5004,1.42932e-05,1.42336e-05,1.42694e-05,1.4174e-05,1.41621e-05
35.6004,1.4329e-05,1.42336e-05,1.42813e-05,1.41978e-05,1.41621e-05
35.7004,1.43409e-05,1.42574e-05,1.42694e-05,1.41501e-05,1.41621e-05
35.8004,1.4329e-05,1.42574e-05,1.42932e-05,1.41978e-05,1.41621e-05
35.9004,1.43051e-05,1.42217e-05,1.42813e-05,1.42097e-05,1.41621e-05
36.0004,1.43409e-05,1.42455e-05,1.42574e-05,1.42097e-05,1.41859e-05
36.1004,1.4329e-05,1.42455e-05,1.42574e-05,1.42217e-05,1.41621e-05
36.2004,1.43409e-05,1.42813e-05,1.42574e-05,1.41978e-05,1.41501e-05
36.3004,1.4329e-05,1.42694e-05,1.42574e-05,1.42097e-05,1.41382e-05
36.4004,1.43528e-05,1.42574e-05,1.42694e-05,1.42217e-05,1.41978e-05
36.5004,1.43409e-05,1.42813e-05,1.42574e-05,1.41978e-05,1.4174e-05
36.6004,1.4317e-05,1.42694e-05,1.42694e-05,1.42097e-05,1.41621e-05
36.7004,1.43051e-05,1.42813e-05,1.42455e-05,1.41978e-05,1.4174e-05
36.8004,1.43409e-05,1.42455e-05,1.42574e-05,1.4174e-05,1.4174e-05
36.9004,1.43409e-05,1.42455e-05,1.42574e-05,1.41859e-05,1.41978e-05
