Time,Current SMUb (A),Current SMUb (A),Current SMUb (A),Current SMUb (A),Current SMUb (A),Current SMUb (A),Current SMUb (A)
0.0,7.7486e-06,7.71284e-06,7.60555e-06,7.70092e-06,7.65324e-06,7.60555e-06,7.55787e-06
0.100001,7.51019e-06,7.45058e-06,7.36713e-06,7.41482e-06,7.39098e-06,7.35521e-06,7.29561e-06
0.200002,7.51019e-06,7.4625e-06,7.37906e-06,7.42674e-06,7.33137e-06,7.36713e-06,7.27177e-06
0.300003,7.47442e-06,7.45058e-06,7.36713e-06,7.41482e-06,7.35521e-06,7.34329e-06,7.29561e-06
0.400004,7.49826e-06,7.45058e-06,7.34329e-06,7.4029e-06,7.37906e-06,7.34329e-06,7.29561e-06
0.500005,7.52211e-06,7.42674e-06,7.37906e-06,7.39098e-06,7.39098e-06,7.39098e-06,7.29561e-06
0.600006,7.53403e-06,7.48634e-06,7.37906e-06,7.4029e-06,7.4029e-06,7.36713e-06,7.28369e-06
0.700007,7.51019e-06,7.48634e-06,7.41482e-06,7.4029e-06,7.35521e-06,7.36713e-06,7.28369e-06
0.800008,7.52211e-06,7.51019e-06,7.39098e-06,7.42674e-06,7.34329e-06,7.37906e-06,7.28369e-06
0.900009,7.52211e-06,7.51019e-06,7.39098e-06,7.41482e-06,7.37906e-06,7.37906e-06,7.33137e-06
1.00001,7.54595e-06,7.47442e-06,7.4029e-06,7.41482e-06,7.36713e-06,7.37906e-06,7.30753e-06
1.10001,7.53403e-06,7.45058e-06,7.42674e-06,7.42674e-06,7.34329e-06,7.35521e-06,7.33137e-06
1.20001,7.59363e-06,7.49826e-06,7.42674e-06,7.39098e-06,7.35521e-06,7.35521e-06,7.34329e-06
1.30001,7.56979e-06,7.47442e-06,7.43866e-06,7.41482e-06,7.35521e-06,7.37906e-06,7.34329e-06
1.40001,7.59363e-06,7.47442e-06,7.43866e-06,7.42674e-06,7.35521e-06,7.36713e-06,7.33137e-06
1.50001,7.55787e-06,7.49826e-06,7.43866e-06,7.45058e-06,7.37906e-06,7.37906e-06,7.34329e-06
1.60002,7.55787e-06,7.51019e-06,7.43866e-06,7.45058e-06,7.39098e-06,7.36713e-06,7.35521e-06
1.70002,7.54595e-06,7.51019e-06,7.43866e-06,7.4625e-06,7.37906e-06,7.37906e-06,7.33137e-06
1.80002,7.53403e-06,7.48634e-06,7.4625e-06,7.4625e-06,7.37906e-06,7.39098e-06,7.34329e-06
1.90002,7.55787e-06,7.47442e-06,7.43866e-06,7.42674e-06,7.4029e-06,7.39098e-06,7.30753e-06
2.00002,7.53403e-06,7.4625e-06,7.43866e-06,7.4625e-06,7.37906e-06,7.41482e-06,7.33137e-06
2.10002,7.53403e-06,7.49826e-06,7.41482e-06,7.45058e-06,7.39098e-06,7.37906e-06,7.35521e-06
2.20002,7.53403e-06,7.49826e-06,7.39098e-06,7.48634e-06,7.41482e-06,7.37906e-06,7.35521e-06
2.30002,7.52211e-06,7.47442e-06,7.4029e-06,7.45058e-06,7.4029e-06,7.37906e-06,7.35521e-06
2.40002,7.53403e-06,7.48634e-06,7.4029e-06,7.43866e-06,7.43866e-06,7.41482e-06,7.30753e-06
2.50002,7.54595e-06,7.49826e-06,7.4029e-06,7.47442e-06,7.4029e-06,7.4029e-06,7.33137e-06
2.60003,7.56979e-06,7.48634e-06,7.42674e-06,7.48634e-06,7.39098e-06,7.4029e-06,7.30753e-06
2.70003,7.54595e-06,7.47442e-06,7.42674e-06,7.47442e-06,7.37906e-06,7.39098e-06,7.33137e-06
2.80003,7.52211e-06,7.49826e-06,7.37906e-06,7.4625e-06,7.4029e-06,7.39098e-06,7.36713e-06
2.90003,7.52211e-06,7.49826e-06,7.37906e-06,7.51019e-06,7.39098e-06,7.41482e-06,7.33137e-06
3.00003,7.52211e-06,7.48634e-06,7.4029e-06,7.47442e-06,7.37906e-06,7.41482e-06,7.37906e-06
3.10003,7.52211e-06,7.47442e-06,7.4029e-06,7.47442e-06,7.4029e-06,7.42674e-06,7.34329e-06
3.20003,7.54595e-06,7.4625e-06,7.45058e-06,7.49826e-06,7.39098e-06,7.42674e-06,7.34329e-06
3.30003,7.53403e-06,7.49826e-06,7.45058e-06,7.47442e-06,7.4029e-06,7.41482e-06,7.34329e-06
3.40003,7.54595e-06,7.49826e-06,7.4625e-06,7.49826e-06,7.37906e-06,7.42674e-06,7.33137e-06
3.50004,7.54595e-06,7.52211e-06,7.45058e-06,7.52211e-06,7.4029e-06,7.41482e-06,7.36713e-06
3.60004,7.53403e-06,7.53403e-06,7.4625e-06,7.47442e-06,7.42674e-06,7.41482e-06,7.35521e-06
3.70004,7.53403e-06,7.54595e-06,7.47442e-06,7.51019e-06,7.4029e-06,7.41482e-06,7.37906e-06
3.80004,7.51019e-06,7.53403e-06,7.43866e-06,7.49826e-06,7.4029e-06,7.43866e-06,7.36713e-06
3.90004,7.54595e-06,7.54595e-06,7.42674e-06,7.49826e-06,7.35521e-06,7.43866e-06,7.34329e-06
4.00004,7.53403e-06,7.51019e-06,7.4029e-06,7.4625e-06,7.4029e-06,7.41482e-06,7.33137e-06
4.10004,7.52211e-06,7.52211e-06,7.4029e-06,7.4625e-06,7.39098e-06,7.4029e-06,7.34329e-06
4.20004,7.52211e-06,7.51019e-06,7.41482e-06,7.48634e-06,7.39098e-06,7.4029e-06,7.33137e-06
4.30004,7.52211e-06,7.48634e-06,7.42674e-06,7.47442e-06,7.37906e-06,7.39098e-06,7.33137e-06
4.40004,7.49826e-06,7.48634e-06,7.37906e-06,7.49826e-06,7.37906e-06,7.33137e-06,7.36713e-06
4.50005,7.49826e-06,7.48634e-06,7.42674e-06,7.49826e-06,7.42674e-06,7.36713e-06,7.34329e-06
4.60005,7.49826e-06,7.48634e-06,7.43866e-06,7.51019e-06,7.39098e-06,7.36713e-06,7.36713e-06
4.70005,7.51019e-06,7.49826e-06,7.41482e-06,7.49826e-06,7.39098e-06,7.36713e-06,7.33137e-06
4.80005,7.49826e-06,7.48634e-06,7.39098e-06,7.48634e-06,7.4029e-06,7.4029e-06,7.30753e-06
4.90005,7.51019e-06,7.49826e-06,7.45058e-06,7.48634e-06,7.39098e-06,7.42674e-06,7.29561e-06
5.00005,7.53403e-06,7.53403e-06,7.41482e-06,7.48634e-06,7.37906e-06,7.43866e-06,7.31945e-06
5.10005,7.51019e-06,7.53403e-06,7.43866e-06,7.49826e-06,7.4029e-06,7.43866e-06,7.35521e-06
5.20005,7.54595e-06,7.53403e-06,7.42674e-06,7.54595e-06,7.37906e-06,7.45058e-06,7.39098e-06
5.30005,7.52211e-06,7.52211e-06,7.43866e-06,7.52211e-06,7.39098e-06,7.41482e-06,7.37906e-06
5.40005,7.53403e-06,7.52211e-06,7.41482e-06,7.53403e-06,7.36713e-06,7.4029e-06,7.4029e-06
5.50005,7.53403e-06,7.52211e-06,7.42674e-06,7.52211e-06,7.37906e-06,7.45058e-06,7.37906e-06
5.60006,7.52211e-06,7.51019e-06,7.42674e-06,7.51019e-06,7.39098e-06,7.45058e-06,7.4029e-06
5.70006,7.54595e-06,7.53403e-06,7.42674e-06,7.55787e-06,7.39098e-06,7.4029e-06,7.37906e-06
5.80006,7.52211e-06,7.53403e-06,7.43866e-06,7.55787e-06,7.39098e-06,7.42674e-06,7.33137e-06
5.90006,7.53403e-06,7.53403e-06,7.43866e-06,7.53403e-06,7.39098e-06,7.42674e-06,7.34329e-06
6.00006,7.53403e-06,7.51019e-06,7.4625e-06,7.51019e-06,7.39098e-06,7.42674e-06,7.36713e-06
6.10006,7.54595e-06,7.55787e-06,7.41482e-06,7.53403e-06,7.41482e-06,7.47442e-06,7.36713e-06
6.20006,7.55787e-06,7.54595e-06,7.42674e-06,7.53403e-06,7.4029e-06,7.43866e-06,7.39098e-06
6.30006,7.55787e-06,7.56979e-06,7.43866e-06,7.55787e-06,7.41482e-06,7.43866e-06,7.33137e-06
6.40006,7.52211e-06,7.51019e-06,7.45058e-06,7.53403e-06,7.41482e-06,7.45058e-06,7.36713e-06
6.50006,7.54595e-06,7.52211e-06,7.45058e-06,7.49826e-06,7.41482e-06,7.47442e-06,7.36713e-06
6.60007,7.51019e-06,7.52211e-06,7.43866e-06,7.51019e-06,7.39098e-06,7.43866e-06,7.34329e-06
6.70007,7.51019e-06,7.49826e-06,7.43866e-06,7.53403e-06,7.42674e-06,7.39098e-06,7.34329e-06
6.80007,7.54595e-06,7.51019e-06,7.43866e-06,7.56979e-06,7.41482e-06,7.42674e-06,7.35521e-06
6.90007,7.55787e-06,7.52211e-06,7.42674e-06,7.54595e-06,7.39098e-06,7.43866e-06,7.35521e-06
7.00007,7.55787e-06,7.51019e-06,7.4029e-06,7.54595e-06,7.41482e-06,7.41482e-06,7.39098e-06
7.10007,7.55787e-06,7.49826e-06,7.42674e-06,7.53403e-06,7.4029e-06,7.42674e-06,7.39098e-06
7.20007,7.56979e-06,7.47442e-06,7.4029e-06,7.53403e-06,7.36713e-06,7.42674e-06,7.35521e-06
7.30007,7.55787e-06,7.52211e-06,7.4029e-06,7.54595e-06,7.41482e-06,7.37906e-06,7.36713e-06
7.40007,7.58171e-06,7.53403e-06,7.42674e-06,7.52211e-06,7.39098e-06,7.42674e-06,7.33137e-06
7.50007,7.58171e-06,7.53403e-06,7.42674e-06,7.52211e-06,7.39098e-06,7.48634e-06,7.34329e-06
7.60008,7.56979e-06,7.58171e-06,7.4029e-06,7.51019e-06,7.37906e-06,7.45058e-06,7.36713e-06
7.70008,7.56979e-06,7.52211e-06,7.39098e-06,7.52211e-06,7.41482e-06,7.4625e-06,7.37906e-06
7.80008,7.55787e-06,7.52211e-06,7.39098e-06,7.51019e-06,7.37906e-06,7.45058e-06,7.36713e-06
7.90008,7.58171e-06,7.53403e-06,7.4029e-06,7.55787e-06,7.4029e-06,7.43866e-06,7.36713e-06
8.00008,7.56979e-06,7.54595e-06,7.4029e-06,7.54595e-06,7.42674e-06,7.45058e-06,7.37906e-06
8.10008,7.54595e-06,7.52211e-06,7.4029e-06,7.52211e-06,7.42674e-06,7.45058e-06,7.36713e-06
8.20008,7.55787e-06,7.54595e-06,7.39098e-06,7.51019e-06,7.41482e-06,7.41482e-06,7.36713e-06
8.30008,7.54595e-06,7.54595e-06,7.42674e-06,7.52211e-06,7.4029e-06,7.41482e-06,7.35521e-06
8.40008,7.58171e-06,7.54595e-06,7.45058e-06,7.53403e-06,7.4029e-06,7.39098e-06,7.34329e-06
8.50009,7.54595e-06,7.55787e-06,7.43866e-06,7.49826e-06,7.42674e-06,7.4029e-06,7.30753e-06
8.60009,7.53403e-06,7.55787e-06,7.42674e-06,7.47442e-06,7.4029e-06,7.4029e-06,7.30753e-06
8.70009,7.55787e-06,7.51019e-06,7.42674e-06,7.49826e-06,7.41482e-06,7.42674e-06,7.33137e-06
8.80009,7.53403e-06,7.49826e-06,7.41482e-06,7.49826e-06,7.42674e-06,7.39098e-06,7.35521e-06
8.90009,7.56979e-06,7.48634e-06,7.41482e-06,7.51019e-06,7.4029e-06,7.39098e-06,7.37906e-06
9.00009,7.56979e-06,7.48634e-06,7.4625e-06,7.51019e-06,7.34329e-06,7.41482e-06,7.33137e-06
9.10009,7.53403e-06,7.47442e-06,7.43866e-06,7.51019e-06,7.36713e-06,7.39098e-06,7.35521e-06
9.20009,7.51019e-06,7.51019e-06,7.45058e-06,7.51019e-06,7.36713e-06,7.41482e-06,7.34329e-06
9.30009,7.49826e-06,7.49826e-06,7.43866e-06,7.52211e-06,7.36713e-06,7.43866e-06,7.36713e-06
9.40009,7.56979e-06,7.48634e-06,7.45058e-06,7.52211e-06,7.37906e-06,7.4625e-06,7.33137e-06
9.50009,7.54595e-06,7.53403e-06,7.49826e-06,7.52211e-06,7.37906e-06,7.42674e-06,7.30753e-06
9.6001,7.55787e-06,7.49826e-06,7.48634e-06,7.52211e-06,7.4029e-06,7.42674e-06,7.34329e-06
9.7001,7.56979e-06,7.54595e-06,7.4625e-06,7.52211e-06,7.4029e-06,7.47442e-06,7.37906e-06
9.8001,7.55787e-06,7.52211e-06,7.47442e-06,7.52211e-06,7.37906e-06,7.41482e-06,7.35521e-06
9.9001,7.53403e-06,7.45058e-06,7.4029e-06,7.52211e-06,7.39098e-06,7.43866e-06,7.35521e-06
10.0001,7.54595e-06,7.48634e-06,7.4029e-06,7.52211e-06,7.36713e-06,7.42674e-06,7.33137e-06
10.1001,7.54595e-06,7.4625e-06,7.43866e-06,7.51019e-06,7.39098e-06,7.43866e-06,7.33137e-06
10.2001,7.55787e-06,7.51019e-06,7.43866e-06,7.49826e-06,7.35521e-06,7.39098e-06,7.35521e-06
10.3001,7.58171e-06,7.49826e-06,7.45058e-06,7.52211e-06,7.4029e-06,7.4029e-06,7.35521e-06
10.4001,7.58171e-06,7.4625e-06,7.45058e-06,7.47442e-06,7.41482e-06,7.39098e-06,7.35521e-06
10.5001,7.55787e-06,7.48634e-06,7.45058e-06,7.47442e-06,7.41482e-06,7.42674e-06,7.36713e-06
10.6001,7.55787e-06,7.4625e-06,7.47442e-06,7.48634e-06,7.41482e-06,7.43866e-06,7.36713e-06
10.7001,7.56979e-06,7.4625e-06,7.45058e-06,7.48634e-06,7.41482e-06,7.45058e-06,7.35521e-06
10.8001,7.55787e-06,7.49826e-06,7.45058e-06,7.48634e-06,7.41482e-06,7.41482e-06,7.34329e-06
10.9001,7.54595e-06,7.48634e-06,7.4625e-06,7.49826e-06,7.4029e-06,7.43866e-06,7.35521e-06
11.0001,7.54595e-06,7.47442e-06,7.48634e-06,7.49826e-06,7.39098e-06,7.48634e-06,7.37906e-06
11.1001,7.53403e-06,7.47442e-06,7.49826e-06,7.51019e-06,7.41482e-06,7.43866e-06,7.34329e-06
11.2001,7.56979e-06,7.47442e-06,7.49826e-06,7.54595e-06,7.4029e-06,7.43866e-06,7.36713e-06
11.3001,7.58171e-06,7.49826e-06,7.51019e-06,7.49826e-06,7.42674e-06,7.45058e-06,7.37906e-06
11.4001,7.58171e-06,7.51019e-06,7.47442e-06,7.52211e-06,7.37906e-06,7.45058e-06,7.35521e-06
11.5001,7.60555e-06,7.47442e-06,7.43866e-06,7.49826e-06,7.37906e-06,7.45058e-06,7.36713e-06
11.6001,7.54595e-06,7.53403e-06,7.4625e-06,7.52211e-06,7.41482e-06,7.45058e-06,7.37906e-06
11.7001,7.54595e-06,7.49826e-06,7.4625e-06,7.52211e-06,7.43866e-06,7.42674e-06,7.39098e-06
11.8001,7.53403e-06,7.51019e-06,7.45058e-06,7.49826e-06,7.42674e-06,7.43866e-06,7.4029e-06
11.9001,7.56979e-06,7.49826e-06,7.41482e-06,7.52211e-06,7.4029e-06,7.4625e-06,7.36713e-06
12.0001,7.55787e-06,7.48634e-06,7.47442e-06,7.51019e-06,7.37906e-06,7.4625e-06,7.4029e-06
12.1001,7.56979e-06,7.48634e-06,7.48634e-06,7.49826e-06,7.43866e-06,7.45058e-06,7.39098e-06
12.2001,7.54595e-06,7.43866e-06,7.51019e-06,7.54595e-06,7.43866e-06,7.45058e-06,7.35521e-06
12.3001,7.55787e-06,7.4625e-06,7.52211e-06,7.52211e-06,7.42674e-06,7.43866e-06,7.4029e-06
12.4001,7.55787e-06,7.48634e-06,7.52211e-06,7.53403e-06,7.41482e-06,7.43866e-06,7.39098e-06
12.5001,7.56979e-06,7.48634e-06,7.51019e-06,7.48634e-06,7.43866e-06,7.45058e-06,7.35521e-06
12.6001,7.55787e-06,7.49826e-06,7.45058e-06,7.49826e-06,7.42674e-06,7.43866e-06,7.37906e-06
12.7001,7.55787e-06,7.49826e-06,7.48634e-06,7.51019e-06,7.43866e-06,7.4625e-06,7.4029e-06
12.8001,7.56979e-06,7.47442e-06,7.49826e-06,7.52211e-06,7.47442e-06,7.47442e-06,7.37906e-06
12.9001,7.56979e-06,7.48634e-06,7.47442e-06,7.49826e-06,7.47442e-06,7.45058e-06,7.41482e-06
13.0001,7.56979e-06,7.52211e-06,7.49826e-06,7.53403e-06,7.4625e-06,7.47442e-06,7.34329e-06
13.1001,7.54595e-06,7.53403e-06,7.49826e-06,7.52211e-06,7.43866e-06,7.43866e-06,7.37906e-06
13.2001,7.53403e-06,7.54595e-06,7.49826e-06,7.51019e-06,7.45058e-06,7.41482e-06,7.4029e-06
13.3001,7.54595e-06,7.55787e-06,7.49826e-06,7.51019e-06,7.47442e-06,7.37906e-06,7.35521e-06
13.4001,7.52211e-06,7.54595e-06,7.48634e-06,7.47442e-06,7.43866e-06,7.4029e-06,7.36713e-06
13.5001,7.51019e-06,7.54595e-06,7.4625e-06,7.48634e-06,7.41482e-06,7.42674e-06,7.36713e-06
13.6001,7.55787e-06,7.54595e-06,7.47442e-06,7.4625e-06,7.41482e-06,7.41482e-06,7.35521e-06
13.7001,7.58171e-06,7.52211e-06,7.51019e-06,7.48634e-06,7.45058e-06,7.41482e-06,7.37906e-06
13.8001,7.56979e-06,7.55787e-06,7.4625e-06,7.52211e-06,7.43866e-06,7.42674e-06,7.33137e-06
13.9001,7.58171e-06,7.53403e-06,7.47442e-06,7.54595e-06,7.42674e-06,7.4029e-06,7.35521e-06
14.0001,7.55787e-06,7.49826e-06,7.4625e-06,7.54595e-06,7.43866e-06,7.43866e-06,7.34329e-06
14.1001,7.54595e-06,7.49826e-06,7.42674e-06,7.53403e-06,7.43866e-06,7.43866e-06,7.36713e-06
14.2001,7.58171e-06,7.48634e-06,7.42674e-06,7.55787e-06,7.42674e-06,7.42674e-06,7.36713e-06
14.3001,7.61747e-06,7.52211e-06,7.4625e-06,7.55787e-06,7.43866e-06,7.42674e-06,7.37906e-06
14.4001,7.61747e-06,7.51019e-06,7.48634e-06,7.54595e-06,7.45058e-06,7.4029e-06,7.37906e-06
14.5001,7.55787e-06,7.51019e-06,7.4625e-06,7.53403e-06,7.43866e-06,7.42674e-06,7.37906e-06
14.6001,7.58171e-06,7.52211e-06,7.47442e-06,7.61747e-06,7.43866e-06,7.45058e-06,7.39098e-06
14.7001,7.59363e-06,7.49826e-06,7.47442e-06,7.56979e-06,7.47442e-06,7.42674e-06,7.36713e-06
14.8001,7.58171e-06,7.48634e-06,7.48634e-06,7.55787e-06,7.42674e-06,7.39098e-06,7.37906e-06
14.9001,7.60555e-06,7.52211e-06,7.51019e-06,7.56979e-06,7.42674e-06,7.42674e-06,7.39098e-06
15.0001,7.61747e-06,7.51019e-06,7.48634e-06,7.58171e-06,7.47442e-06,7.41482e-06,7.35521e-06
15.1002,7.58171e-06,7.51019e-06,7.53403e-06,7.61747e-06,7.47442e-06,7.4029e-06,7.35521e-06
15.2002,7.60555e-06,7.49826e-06,7.47442e-06,7.58171e-06,7.49826e-06,7.37906e-06,7.36713e-06
15.3002,7.56979e-06,7.49826e-06,7.49826e-06,7.56979e-06,7.47442e-06,7.42674e-06,7.34329e-06
15.4002,7.61747e-06,7.49826e-06,7.51019e-06,7.56979e-06,7.4625e-06,7.4029e-06,7.37906e-06
15.5002,7.59363e-06,7.51019e-06,7.49826e-06,7.54595e-06,7.4625e-06,7.39098e-06,7.41482e-06
15.6002,7.56979e-06,7.49826e-06,7.45058e-06,7.53403e-06,7.4625e-06,7.42674e-06,7.35521e-06
15.7002,7.59363e-06,7.52211e-06,7.48634e-06,7.53403e-06,7.45058e-06,7.4029e-06,7.4029e-06
15.8002,7.59363e-06,7.52211e-06,7.47442e-06,7.52211e-06,7.47442e-06,7.4029e-06,7.37906e-06
15.9002,7.56979e-06,7.52211e-06,7.45058e-06,7.49826e-06,7.4625e-06,7.4029e-06,7.37906e-06
16.0002,7.21216e-06,7.22408e-06,7.43866e-06,7.87973e-06,8.28505e-06,8.67844e-06,9.10759e-06
16.1002,7.42674e-06,7.58171e-06,8.03471e-06,8.76188e-06,9.50098e-06,1.02997e-05,1.12295e-05
16.2002,7.41482e-06,7.56979e-06,7.99894e-06,8.70228e-06,9.39369e-06,1.01924e-05,1.11938e-05
16.3002,7.43866e-06,7.55787e-06,8.01086e-06,8.66652e-06,9.36985e-06,1.01686e-05,1.11818e-05
16.4002,7.4029e-06,7.54595e-06,7.96318e-06,8.60691e-06,9.31025e-06,1.01089e-05,1.11222e-05
16.5002,7.42674e-06,7.53403e-06,7.95126e-06,8.60691e-06,9.34601e-06,1.0097e-05,1.10984e-05
16.6002,7.37906e-06,7.51019e-06,7.92742e-06,8.57115e-06,9.31025e-06,1.0097e-05,1.10745e-05
16.7002,7.4029e-06,7.49826e-06,7.92742e-06,8.55923e-06,9.31025e-06,1.00613e-05,1.10745e-05
16.8002,7.4029e-06,7.48634e-06,7.92742e-06,8.57115e-06,9.31025e-06,1.00374e-05,1.10388e-05
16.9002,7.39098e-06,7.48634e-06,7.92742e-06,8.55923e-06,9.29832e-06,1.00136e-05,1.10388e-05
17.0002,7.84397e-06,8.01086e-06,8.30889e-06,8.79765e-06,9.25064e-06,9.75132e-06,1.04189e-05
17.1002,7.64132e-06,7.53403e-06,7.56979e-06,7.70092e-06,7.80821e-06,7.85589e-06,7.99894e-06
17.2002,7.60555e-06,7.52211e-06,7.54595e-06,7.62939e-06,7.689e-06,7.67708e-06,7.80821e-06
17.3002,7.60555e-06,7.52211e-06,7.51019e-06,7.61747e-06,7.64132e-06,7.59363e-06,7.71284e-06
17.4002,7.58171e-06,7.56979e-06,7.49826e-06,7.60555e-06,7.60555e-06,7.60555e-06,7.66516e-06
17.5002,7.59363e-06,7.54595e-06,7.51019e-06,7.58171e-06,7.62939e-06,7.60555e-06,7.67708e-06
17.6002,7.60555e-06,7.55787e-06,7.48634e-06,7.58171e-06,7.56979e-06,7.61747e-06,7.61747e-06
17.7002,7.60555e-06,7.53403e-06,7.48634e-06,7.53403e-06,7.56979e-06,7.58171e-06,7.59363e-06
17.8002,7.60555e-06,7.52211e-06,7.48634e-06,7.59363e-06,7.54595e-06,7.59363e-06,7.59363e-06
17.9002,7.61747e-06,7.55787e-06,7.48634e-06,7.58171e-06,7.54595e-06,7.58171e-06,7.59363e-06
18.0002,7.59363e-06,7.56979e-06,7.48634e-06,7.55787e-06,7.53403e-06,7.54595e-06,7.58171e-06
18.1002,7.59363e-06,7.58171e-06,7.49826e-06,7.54595e-06,7.52211e-06,7.56979e-06,7.62939e-06
18.2002,7.60555e-06,7.54595e-06,7.52211e-06,7.52211e-06,7.56979e-06,7.55787e-06,7.64132e-06
18.3002,7.61747e-06,7.54595e-06,7.51019e-06,7.53403e-06,7.55787e-06,7.56979e-06,7.64132e-06
18.4002,7.60555e-06,7.52211e-06,7.51019e-06,7.53403e-06,7.56979e-06,7.56979e-06,7.60555e-06
18.5002,7.58171e-06,7.51019e-06,7.51019e-06,7.53403e-06,7.53403e-06,7.55787e-06,7.59363e-06
18.6002,7.60555e-06,7.54595e-06,7.52211e-06,7.56979e-06,7.54595e-06,7.58171e-06,7.56979e-06
18.7002,7.62939e-06,7.58171e-06,7.52211e-06,7.54595e-06,7.54595e-06,7.58171e-06,7.58171e-06
18.8002,7.64132e-06,7.54595e-06,7.52211e-06,7.55787e-06,7.56979e-06,7.53403e-06,7.61747e-06
18.9002,7.61747e-06,7.55787e-06,7.53403e-06,7.53403e-06,7.58171e-06,7.58171e-06,7.59363e-06
19.0002,7.58171e-06,7.58171e-06,7.52211e-06,7.54595e-06,7.58171e-06,7.59363e-06,7.59363e-06
19.1002,7.58171e-06,7.59363e-06,7.48634e-06,7.54595e-06,7.58171e-06,7.58171e-06,7.60555e-06
19.2002,7.55787e-06,7.56979e-06,7.4625e-06,7.58171e-06,7.58171e-06,7.55787e-06,7.58171e-06
19.3002,7.62939e-06,7.59363e-06,7.47442e-06,7.58171e-06,7.53403e-06,7.53403e-06,7.55787e-06
19.4002,7.56979e-06,7.59363e-06,7.4625e-06,7.56979e-06,7.55787e-06,7.55787e-06,7.58171e-06
19.5002,7.58171e-06,7.59363e-06,7.47442e-06,7.58171e-06,7.58171e-06,7.53403e-06,7.60555e-06
19.6002,7.56979e-06,7.54595e-06,7.4625e-06,7.62939e-06,7.61747e-06,7.53403e-06,7.58171e-06
19.7002,7.54595e-06,7.56979e-06,7.4625e-06,7.59363e-06,7.59363e-06,7.53403e-06,7.58171e-06
19.8002,7.53403e-06,7.54595e-06,7.48634e-06,7.59363e-06,7.58171e-06,7.53403e-06,7.62939e-06
19.9002,7.55787e-06,7.52211e-06,7.49826e-06,7.58171e-06,7.59363e-06,7.53403e-06,7.59363e-06
20.0002,7.54595e-06,7.49826e-06,7.49826e-06,7.60555e-06,7.59363e-06,7.53403e-06,7.59363e-06
20.1002,7.56979e-06,7.53403e-06,7.54595e-06,7.55787e-06,7.56979e-06,7.51019e-06,7.58171e-06
20.2002,7.54595e-06,7.54595e-06,7.53403e-06,7.58171e-06,7.56979e-06,7.49826e-06,7.61747e-06
20.3002,7.58171e-06,7.51019e-06,7.56979e-06,7.59363e-06,7.54595e-06,7.52211e-06,7.59363e-06
20.4002,7.55787e-06,7.53403e-06,7.53403e-06,7.60555e-06,7.56979e-06,7.52211e-06,7.58171e-06
20.5002,7.56979e-06,7.52211e-06,7.53403e-06,7.56979e-06,7.54595e-06,7.54595e-06,7.59363e-06
20.6002,7.54595e-06,7.52211e-06,7.52211e-06,7.53403e-06,7.56979e-06,7.55787e-06,7.62939e-06
20.7002,7.58171e-06,7.54595e-06,7.49826e-06,7.54595e-06,7.55787e-06,7.53403e-06,7.62939e-06
20.8002,7.58171e-06,7.49826e-06,7.54595e-06,7.54595e-06,7.56979e-06,7.52211e-06,7.61747e-06
20.9002,7.53403e-06,7.51019e-06,7.53403e-06,7.58171e-06,7.58171e-06,7.51019e-06,7.58171e-06
21.0002,7.53403e-06,7.49826e-06,7.55787e-06,7.55787e-06,7.56979e-06,7.49826e-06,7.64132e-06
21.1002,7.59363e-06,7.52211e-06,7.54595e-06,7.55787e-06,7.56979e-06,7.53403e-06,7.65324e-06
21.2002,7.54595e-06,7.51019e-06,7.55787e-06,7.56979e-06,7.55787e-06,7.55787e-06,7.59363e-06
21.3002,7.55787e-06,7.54595e-06,7.54595e-06,7.55787e-06,7.53403e-06,7.53403e-06,7.60555e-06
21.4002,7.58171e-06,7.53403e-06,7.53403e-06,7.55787e-06,7.55787e-06,7.49826e-06,7.55787e-06
21.5002,7.56979e-06,7.52211e-06,7.53403e-06,7.51019e-06,7.52211e-06,7.48634e-06,7.64132e-06
21.6002,7.58171e-06,7.54595e-06,7.54595e-06,7.55787e-06,7.49826e-06,7.53403e-06,7.61747e-06
21.7002,7.54595e-06,7.55787e-06,7.52211e-06,7.56979e-06,7.51019e-06,7.55787e-06,7.56979e-06
21.8002,7.58171e-06,7.59363e-06,7.53403e-06,7.56979e-06,7.54595e-06,7.58171e-06,7.56979e-06
21.9002,7.58171e-06,7.58171e-06,7.51019e-06,7.59363e-06,7.53403e-06,7.54595e-06,7.58171e-06
22.0002,7.54595e-06,7.56979e-06,7.51019e-06,7.56979e-06,7.52211e-06,7.54595e-06,7.59363e-06
22.1002,7.54595e-06,7.55787e-06,7.52211e-06,7.58171e-06,7.56979e-06,7.52211e-06,7.60555e-06
22.2002,7.54595e-06,7.54595e-06,7.51019e-06,7.58171e-06,7.56979e-06,7.49826e-06,7.64132e-06
22.3002,7.52211e-06,7.56979e-06,7.52211e-06,7.55787e-06,7.56979e-06,7.48634e-06,7.65324e-06
22.4002,7.55787e-06,7.58171e-06,7.52211e-06,7.54595e-06,7.55787e-06,7.52211e-06,7.65324e-06
22.5002,7.58171e-06,7.56979e-06,7.52211e-06,7.52211e-06,7.55787e-06,7.51019e-06,7.61747e-06
22.6002,7.55787e-06,7.53403e-06,7.52211e-06,7.51019e-06,7.54595e-06,7.53403e-06,7.62939e-06
22.7002,7.55787e-06,7.55787e-06,7.54595e-06,7.53403e-06,7.53403e-06,7.49826e-06,7.62939e-06
22.8002,7.58171e-06,7.51019e-06,7.55787e-06,7.58171e-06,7.54595e-06,7.51019e-06,7.62939e-06
22.9002,7.56979e-06,7.52211e-06,7.52211e-06,7.53403e-06,7.55787e-06,7.51019e-06,7.59363e-06
23.0002,7.55787e-06,7.52211e-06,7.52211e-06,7.53403e-06,7.53403e-06,7.49826e-06,7.61747e-06
23.1002,7.56979e-06,7.55787e-06,7.52211e-06,7.54595e-06,7.52211e-06,7.51019e-06,7.61747e-06
23.2002,7.55787e-06,7.51019e-06,7.52211e-06,7.54595e-06,7.54595e-06,7.49826e-06,7.61747e-06
23.3002,7.58171e-06,7.52211e-06,7.49826e-06,7.56979e-06,7.52211e-06,7.48634e-06,7.60555e-06
23.4002,7.59363e-06,7.49826e-06,7.52211e-06,7.55787e-06,7.52211e-06,7.49826e-06,7.61747e-06
23.5002,7.60555e-06,7.52211e-06,7.54595e-06,7.55787e-06,7.51019e-06,7.51019e-06,7.60555e-06
23.6002,7.58171e-06,7.53403e-06,7.52211e-06,7.54595e-06,7.49826e-06,7.51019e-06,7.59363e-06
23.7002,7.54595e-06,7.49826e-06,7.56979e-06,7.54595e-06,7.51019e-06,7.52211e-06,7.60555e-06
23.8002,7.54595e-06,7.53403e-06,7.54595e-06,7.55787e-06,7.49826e-06,7.51019e-06,7.60555e-06
23.9002,7.56979e-06,7.51019e-06,7.55787e-06,7.53403e-06,7.54595e-06,7.53403e-06,7.59363e-06
24.0002,7.53403e-06,7.52211e-06,7.55787e-06,7.58171e-06,7.56979e-06,7.53403e-06,7.58171e-06
24.1002,7.54595e-06,7.51019e-06,7.52211e-06,7.52211e-06,7.52211e-06,7.52211e-06,7.58171e-06
24.2002,7.53403e-06,7.48634e-06,7.53403e-06,7.56979e-06,7.51019e-06,7.53403e-06,7.56979e-06
24.3002,7.52211e-06,7.49826e-06,7.54595e-06,7.53403e-06,7.55787e-06,7.49826e-06,7.52211e-06
24.4002,7.54595e-06,7.52211e-06,7.53403e-06,7.55787e-06,7.52211e-06,7.51019e-06,7.58171e-06
24.5002,7.55787e-06,7.55787e-06,7.53403e-06,7.55787e-06,7.53403e-06,7.53403e-06,7.56979e-06
24.6002,7.59363e-06,7.56979e-06,7.53403e-06,7.56979e-06,7.52211e-06,7.54595e-06,7.59363e-06
24.7002,7.58171e-06,7.54595e-06,7.52211e-06,7.56979e-06,7.52211e-06,7.55787e-06,7.60555e-06
24.8002,7.59363e-06,7.48634e-06,7.52211e-06,7.59363e-06,7.51019e-06,7.55787e-06,7.56979e-06
24.9002,7.56979e-06,7.48634e-06,7.51019e-06,7.55787e-06,7.52211e-06,7.55787e-06,7.56979e-06
25.0002,7.58171e-06,7.48634e-06,7.49826e-06,7.56979e-06,7.51019e-06,7.55787e-06,7.58171e-06
25.1003,7.61747e-06,7.49826e-06,7.53403e-06,7.56979e-06,7.52211e-06,7.58171e-06,7.61747e-06
25.2003,7.61747e-06,7.51019e-06,7.53403e-06,7.59363e-06,7.53403e-06,7.58171e-06,7.58171e-06
25.3003,7.60555e-06,7.49826e-06,7.55787e-06,7.59363e-06,7.56979e-06,7.53403e-06,7.61747e-06
25.4003,7.60555e-06,7.52211e-06,7.56979e-06,7.58171e-06,7.54595e-06,7.55787e-06,7.59363e-06
25.5003,7.58171e-06,7.47442e-06,7.55787e-06,7.58171e-06,7.55787e-06,7.56979e-06,7.56979e-06
25.6003,7.56979e-06,7.49826e-06,7.56979e-06,7.58171e-06,7.54595e-06,7.59363e-06,7.56979e-06
25.7003,7.55787e-06,7.52211e-06,7.59363e-06,7.52211e-06,7.55787e-06,7.55787e-06,7.61747e-06
25.8003,7.55787e-06,7.48634e-06,7.58171e-06,7.58171e-06,7.59363e-06,7.54595e-06,7.60555e-06
25.9003,7.54595e-06,7.53403e-06,7.55787e-06,7.58171e-06,7.55787e-06,7.55787e-06,7.59363e-06
26.0003,7.56979e-06,7.52211e-06,7.55787e-06,7.56979e-06,7.54595e-06,7.53403e-06,7.61747e-06
26.1003,7.56979e-06,7.53403e-06,7.54595e-06,7.58171e-06,7.55787e-06,7.56979e-06,7.62939e-06
26.2003,7.55787e-06,7.51019e-06,7.54595e-06,7.56979e-06,7.58171e-06,7.55787e-06,7.65324e-06
26.3003,7.56979e-06,7.52211e-06,7.52211e-06,7.54595e-06,7.58171e-06,7.60555e-06,7.66516e-06
26.4003,7.60555e-06,7.51019e-06,7.52211e-06,7.55787e-06,7.59363e-06,7.59363e-06,7.64132e-06
26.5003,7.61747e-06,7.49826e-06,7.52211e-06,7.51019e-06,7.58171e-06,7.55787e-06,7.61747e-06
26.6003,7.56979e-06,7.51019e-06,7.52211e-06,7.54595e-06,7.55787e-06,7.60555e-06,7.64132e-06
26.7003,7.58171e-06,7.52211e-06,7.49826e-06,7.52211e-06,7.58171e-06,7.56979e-06,7.61747e-06
26.8003,7.59363e-06,7.53403e-06,7.54595e-06,7.51019e-06,7.58171e-06,7.56979e-06,7.65324e-06
26.9003,7.59363e-06,7.51019e-06,7.53403e-06,7.52211e-06,7.55787e-06,7.55787e-06,7.66516e-06
27.0003,7.56979e-06,7.53403e-06,7.49826e-06,7.53403e-06,7.59363e-06,7.55787e-06,7.62939e-06
27.1003,7.54595e-06,7.52211e-06,7.48634e-06,7.53403e-06,7.60555e-06,7.59363e-06,7.61747e-06
27.2003,7.59363e-06,7.52211e-06,7.51019e-06,7.54595e-06,7.60555e-06,7.58171e-06,7.61747e-06
27.3003,7.55787e-06,7.53403e-06,7.51019e-06,7.52211e-06,7.58171e-06,7.60555e-06,7.60555e-06
27.4003,7.56979e-06,7.53403e-06,7.48634e-06,7.52211e-06,7.55787e-06,7.58171e-06,7.58171e-06
27.5003,7.59363e-06,7.54595e-06,7.56979e-06,7.53403e-06,7.55787e-06,7.56979e-06,7.58171e-06
27.6003,7.58171e-06,7.53403e-06,7.53403e-06,7.58171e-06,7.55787e-06,7.58171e-06,7.55787e-06
27.7003,7.59363e-06,7.54595e-06,7.53403e-06,7.56979e-06,7.55787e-06,7.56979e-06,7.59363e-06
27.8003,7.58171e-06,7.52211e-06,7.53403e-06,7.55787e-06,7.56979e-06,7.58171e-06,7.59363e-06
27.9003,7.59363e-06,7.56979e-06,7.54595e-06,7.53403e-06,7.56979e-06,7.59363e-06,7.61747e-06
28.0003,7.58171e-06,7.52211e-06,7.53403e-06,7.54595e-06,7.56979e-06,7.56979e-06,7.56979e-06
28.1003,7.60555e-06,7.53403e-06,7.55787e-06,7.55787e-06,7.56979e-06,7.61747e-06,7.60555e-06
28.2003,7.60555e-06,7.51019e-06,7.55787e-06,7.56979e-06,7.58171e-06,7.58171e-06,7.61747e-06
28.3003,7.58171e-06,7.52211e-06,7.56979e-06,7.56979e-06,7.60555e-06,7.58171e-06,7.59363e-06
28.4003,7.60555e-06,7.51019e-06,7.55787e-06,7.54595e-06,7.60555e-06,7.56979e-06,7.62939e-06
28.5003,7.60555e-06,7.51019e-06,7.55787e-06,7.54595e-06,7.58171e-06,7.55787e-06,7.64132e-06
28.6003,7.60555e-06,7.54595e-06,7.55787e-06,7.55787e-06,7.56979e-06,7.56979e-06,7.58171e-06
28.7003,7.58171e-06,7.52211e-06,7.56979e-06,7.53403e-06,7.58171e-06,7.59363e-06,7.59363e-06
28.8003,7.55787e-06,7.53403e-06,7.55787e-06,7.54595e-06,7.58171e-06,7.55787e-06,7.64132e-06
28.9003,7.58171e-06,7.53403e-06,7.53403e-06,7.56979e-06,7.53403e-06,7.60555e-06,7.62939e-06
29.0003,7.56979e-06,7.52211e-06,7.53403e-06,7.54595e-06,7.55787e-06,7.56979e-06,7.62939e-06
29.1003,7.58171e-06,7.53403e-06,7.54595e-06,7.55787e-06,7.54595e-06,7.54595e-06,7.59363e-06
29.2003,7.56979e-06,7.53403e-06,7.53403e-06,7.55787e-06,7.52211e-06,7.56979e-06,7.60555e-06
29.3003,7.58171e-06,7.52211e-06,7.51019e-06,7.56979e-06,7.51019e-06,7.54595e-06,7.56979e-06
29.4003,7.54595e-06,7.55787e-06,7.53403e-06,7.53403e-06,7.52211e-06,7.53403e-06,7.60555e-06
29.5003,7.55787e-06,7.53403e-06,7.55787e-06,7.56979e-06,7.53403e-06,7.53403e-06,7.59363e-06
29.6003,7.55787e-06,7.58171e-06,7.53403e-06,7.56979e-06,7.51019e-06,7.55787e-06,7.59363e-06
29.7003,7.58171e-06,7.56979e-06,7.56979e-06,7.55787e-06,7.52211e-06,7.54595e-06,7.59363e-06
29.8003,7.58171e-06,7.55787e-06,7.54595e-06,7.54595e-06,7.54595e-06,7.54595e-06,7.60555e-06
29.9003,7.58171e-06,7.56979e-06,7.54595e-06,7.54595e-06,7.53403e-06,7.56979e-06,7.61747e-06
30.0003,7.58171e-06,7.53403e-06,7.56979e-06,7.56979e-06,7.51019e-06,7.58171e-06,7.62939e-06
30.1003,7.58171e-06,7.58171e-06,7.56979e-06,7.54595e-06,7.53403e-06,7.61747e-06,7.61747e-06
30.2003,7.54595e-06,7.56979e-06,7.54595e-06,7.58171e-06,7.53403e-06,7.60555e-06,7.65324e-06
30.3003,7.56979e-06,7.54595e-06,7.52211e-06,7.59363e-06,7.49826e-06,7.56979e-06,7.61747e-06
30.4003,7.60555e-06,7.55787e-06,7.53403e-06,7.56979e-06,7.51019e-06,7.61747e-06,7.65324e-06
30.5003,7.59363e-06,7.55787e-06,7.52211e-06,7.55787e-06,7.52211e-06,7.59363e-06,7.61747e-06
30.6003,7.56979e-06,7.54595e-06,7.51019e-06,7.55787e-06,7.52211e-06,7.58171e-06,7.61747e-06
30.7003,7.54595e-06,7.53403e-06,7.54595e-06,7.55787e-06,7.51019e-06,7.59363e-06,7.65324e-06
30.8003,7.56979e-06,7.55787e-06,7.54595e-06,7.56979e-06,7.52211e-06,7.60555e-06,7.59363e-06
30.9003,7.54595e-06,7.53403e-06,7.51019e-06,7.55787e-06,7.51019e-06,7.61747e-06,7.61747e-06
31.0003,7.54595e-06,7.53403e-06,7.53403e-06,7.55787e-06,7.51019e-06,7.60555e-06,7.58171e-06
31.1003,7.55787e-06,7.53403e-06,7.53403e-06,7.55787e-06,7.52211e-06,7.55787e-06,7.60555e-06
31.2003,7.53403e-06,7.56979e-06,7.55787e-06,7.60555e-06,7.51019e-06,7.58171e-06,7.60555e-06
31.3003,7.56979e-06,7.55787e-06,7.53403e-06,7.55787e-06,7.48634e-06,7.59363e-06,7.59363e-06
31.4003,7.56979e-06,7.52211e-06,7.54595e-06,7.55787e-06,7.49826e-06,7.53403e-06,7.56979e-06
31.5003,7.62939e-06,7.53403e-06,7.56979e-06,7.55787e-06,7.51019e-06,7.55787e-06,7.59363e-06
31.6003,7.61747e-06,7.53403e-06,7.51019e-06,7.58171e-06,7.48634e-06,7.53403e-06,7.56979e-06
31.7003,7.56979e-06,7.55787e-06,7.53403e-06,7.56979e-06,7.51019e-06,7.52211e-06,7.62939e-06
31.8003,7.54595e-06,7.52211e-06,7.53403e-06,7.56979e-06,7.55787e-06,7.54595e-06,7.60555e-06
31.9003,7.58171e-06,7.53403e-06,7.53403e-06,7.56979e-06,7.49826e-06,7.55787e-06,7.58171e-06
32.0003,7.56979e-06,7.49826e-06,7.52211e-06,7.53403e-06,7.51019e-06,7.55787e-06,7.56979e-06
32.1003,7.54595e-06,7.54595e-06,7.51019e-06,7.55787e-06,7.54595e-06,7.54595e-06,7.59363e-06
32.2003,7.51019e-06,7.53403e-06,7.51019e-06,7.54595e-06,7.54595e-06,7.55787e-06,7.58171e-06
32.3003,7.55787e-06,7.55787e-06,7.51019e-06,7.55787e-06,7.53403e-06,7.55787e-06,7.58171e-06
32.4003,7.58171e-06,7.54595e-06,7.53403e-06,7.53403e-06,7.55787e-06,7.53403e-06,7.58171e-06
32.5003,7.58171e-06,7.54595e-06,7.53403e-06,7.58171e-06,7.54595e-06,7.56979e-06,7.59363e-06
32.6003,7.55787e-06,7.53403e-06,7.54595e-06,7.56979e-06,7.56979e-06,7.55787e-06,7.58171e-06
32.7003,7.59363e-06,7.56979e-06,7.55787e-06,7.58171e-06,7.54595e-06,7.55787e-06,7.54595e-06
32.8003,7.54595e-06,7.56979e-06,7.48634e-06,7.56979e-06,7.56979e-06,7.56979e-06,7.55787e-06
32.9003,7.58171e-06,7.54595e-06,7.49826e-06,7.59363e-06,7.55787e-06,7.56979e-06,7.54595e-06
33.0003,7.56979e-06,7.55787e-06,7.49826e-06,7.58171e-06,7.58171e-06,7.54595e-06,7.54595e-06
33.1003,7.59363e-06,7.53403e-06,7.47442e-06,7.58171e-06,7.55787e-06,7.55787e-06,7.58171e-06
33.2003,7.58171e-06,7.51019e-06,7.51019e-06,7.58171e-06,7.59363e-06,7.56979e-06,7.59363e-06
33.3003,7.60555e-06,7.51019e-06,7.52211e-06,7.59363e-06,7.55787e-06,7.54595e-06,7.55787e-06
33.4003,7.59363e-06,7.53403e-06,7.53403e-06,7.56979e-06,7.55787e-06,7.55787e-06,7.58171e-06
33.5003,7.59363e-06,7.52211e-06,7.54595e-06,7.53403e-06,7.55787e-06,7.59363e-06,7.60555e-06
33.6003,7.56979e-06,7.55787e-06,7.55787e-06,7.54595e-06,7.56979e-06,7.61747e-06,7.61747e-06
33.7003,7.61747e-06,7.53403e-06,7.55787e-06,7.54595e-06,7.51019e-06,7.59363e-06,7.56979e-06
33.8003,7.56979e-06,7.55787e-06,7.54595e-06,7.52211e-06,7.53403e-06,7.60555e-06,7.60555e-06
33.9003,7.56979e-06,7.53403e-06,7.53403e-06,7.55787e-06,7.52211e-06,7.60555e-06,7.61747e-06
34.0003,7.56979e-06,7.51019e-06,7.56979e-06,7.56979e-06,7.53403e-06,7.59363e-06,7.60555e-06
34.1003,7.56979e-06,7.55787e-06,7.53403e-06,7.54595e-06,7.52211e-06,7.56979e-06,7.60555e-06
34.2003,7.55787e-06,7.52211e-06,7.56979e-06,7.56979e-06,7.58171e-06,7.59363e-06,7.61747e-06
34.3003,7.55787e-06,7.54595e-06,7.59363e-06,7.56979e-06,7.54595e-06,7.60555e-06,7.55787e-06
34.4003,7.58171e-06,7.58171e-06,7.54595e-06,7.55787e-06,7.58171e-06,7.59363e-06,7.56979e-06
34.5003,7.59363e-06,7.56979e-06,7.56979e-06,7.51019e-06,7.55787e-06,7.59363e-06,7.56979e-06
34.6003,7.58171e-06,7.58171e-06,7.53403e-06,7.53403e-06,7.56979e-06,7.58171e-06,7.60555e-06
34.7003,7.56979e-06,7.55787e-06,7.53403e-06,7.52211e-06,7.56979e-06,7.60555e-06,7.59363e-06
34.8003,7.58171e-06,7.53403e-06,7.51019e-06,7.49826e-06,7.58171e-06,7.59363e-06,7.60555e-06
34.9003,7.59363e-06,7.54595e-06,7.54595e-06,7.56979e-06,7.55787e-06,7.58171e-06,7.58171e-06
35.0003,7.58171e-06,7.51019e-06,7.52211e-06,7.55787e-06,7.54595e-06,7.58171e-06,7.58171e-06
35.1004,7.59363e-06,7.53403e-06,7.56979e-06,7.56979e-06,7.56979e-06,7.56979e-06,7.55787e-06
35.2004,7.58171e-06,7.54595e-06,7.55787e-06,7.58171e-06,7.55787e-06,7.58171e-06,7.58171e-06
35.3004,7.58171e-06,7.55787e-06,7.52211e-06,7.58171e-06,7.53403e-06,7.55787e-06,7.58171e-06
35.4004,7.58171e-06,7.55787e-06,7.56979e-06,7.62939e-06,7.55787e-06,7.55787e-06,7.56979e-06
35.5004,7.59363e-06,7.55787e-06,7.52211e-06,7.60555e-06,7.53403e-06,7.55787e-06,7.56979e-06
35.6004,7.59363e-06,7.55787e-06,7.49826e-06,7.60555e-06,7.47442e-06,7.58171e-06,7.55787e-06
35.7004,7.58171e-06,7.58171e-06,7.52211e-06,7.59363e-06,7.47442e-06,7.55787e-06,7.60555e-06
35.8004,7.56979e-06,7.56979e-06,7.53403e-06,7.62939e-06,7.52211e-06,7.55787e-06,7.59363e-06
35.9004,7.55787e-06,7.59363e-06,7.48634e-06,7.60555e-06,7.55787e-06,7.59363e-06,7.60555e-06
36.0004,7.53403e-06,7.58171e-06,7.48634e-06,7.61747e-06,7.55787e-06,7.56979e-06,7.61747e-06
36.1004,7.58171e-06,7.60555e-06,7.55787e-06,7.59363e-06,7.55787e-06,7.56979e-06,7.61747e-06
36.2004,7.58171e-06,7.54595e-06,7.51019e-06,7.56979e-06,7.54595e-06,7.56979e-06,7.60555e-06
36.3004,7.58171e-06,7.58171e-06,7.51019e-06,7.56979e-06,7.53403e-06,7.60555e-06,7.58171e-06
36.4004,7.60555e-06,7.58171e-06,7.49826e-06,7.59363e-06,7.53403e-06,7.59363e-06,7.58171e-06
36.5004,7.59363e-06,7.55787e-06,7.51019e-06,7.59363e-06,7.52211e-06,7.61747e-06,7.61747e-06
36.6004,7.60555e-06,7.54595e-06,7.48634e-06,7.61747e-06,7.49826e-06,7.59363e-06,7.61747e-06
36.7004,7.58171e-06,7.52211e-06,7.51019e-06,7.64132e-06,7.53403e-06,7.60555e-06,7.58171e-06
36.8004,7.64132e-06,7.53403e-06,7.45058e-06,7.62939e-06,7.51019e-06,7.64132e-06,7.59363e-06
36.9004,7.61747e-06,7.56979e-06,7.4625e-06,7.59363e-06,7.53403e-06,7.58171e-06,7.60555e-06
