Time,Current SMUb (A),Current SMUb (A),Current SMUb (A),Current SMUb (A),Current SMUb (A),Current SMUb (A),Current SMUb (A),Current SMUb (A)
0.0,6.41346e-06,6.47306e-06,6.44922e-06,6.44922e-06,6.41346e-06,6.52075e-06,6.58035e-06,6.53267e-06
0.100001,6.38962e-06,6.47306e-06,6.40154e-06,6.40154e-06,6.38962e-06,6.47306e-06,6.49691e-06,6.47306e-06
0.200002,6.41346e-06,6.4373e-06,6.3777e-06,6.40154e-06,6.38962e-06,6.42538e-06,6.49691e-06,6.48499e-06
0.300003,6.38962e-06,6.4373e-06,6.36578e-06,6.36578e-06,6.40154e-06,6.44922e-06,6.48499e-06,6.49691e-06
0.400004,6.42538e-06,6.40154e-06,6.36578e-06,6.3777e-06,6.44922e-06,6.49691e-06,6.47306e-06,6.49691e-06
0.500005,6.4373e-06,6.41346e-06,6.3777e-06,6.41346e-06,6.4373e-06,6.50883e-06,6.49691e-06,6.52075e-06
0.600006,6.4373e-06,6.4373e-06,6.3777e-06,6.38962e-06,6.46114e-06,6.49691e-06,6.50883e-06,6.50883e-06
0.700007,6.4373e-06,6.44922e-06,6.38962e-06,6.3777e-06,6.42538e-06,6.48499e-06,6.56843e-06,6.52075e-06
0.800008,6.42538e-06,6.41346e-06,6.36578e-06,6.40154e-06,6.46114e-06,6.47306e-06,6.54459e-06,6.54459e-06
0.900009,6.41346e-06,6.46114e-06,6.38962e-06,6.44922e-06,6.49691e-06,6.47306e-06,6.52075e-06,6.52075e-06
1.00001,6.42538e-06,6.4373e-06,6.3777e-06,6.38962e-06,6.47306e-06,6.50883e-06,6.54459e-06,6.56843e-06
1.10001,6.44922e-06,6.44922e-06,6.3777e-06,6.40154e-06,6.47306e-06,6.50883e-06,6.53267e-06,6.53267e-06
1.20001,6.4373e-06,6.47306e-06,6.3777e-06,6.42538e-06,6.48499e-06,6.48499e-06,6.54459e-06,6.50883e-06
1.30001,6.41346e-06,6.44922e-06,6.38962e-06,6.42538e-06,6.47306e-06,6.48499e-06,6.54459e-06,6.56843e-06
1.40001,6.42538e-06,6.49691e-06,6.38962e-06,6.4373e-06,6.46114e-06,6.50883e-06,6.54459e-06,6.55651e-06
1.50001,6.42538e-06,6.50883e-06,6.36578e-06,6.41346e-06,6.49691e-06,6.48499e-06,6.54459e-06,6.55651e-06
1.60002,6.41346e-06,6.48499e-06,6.36578e-06,6.42538e-06,6.44922e-06,6.53267e-06,6.56843e-06,6.55651e-06
1.70002,6.41346e-06,6.46114e-06,6.36578e-06,6.41346e-06,6.46114e-06,6.46114e-06,6.56843e-06,6.59227e-06
1.80002,6.41346e-06,6.44922e-06,6.34193e-06,6.38962e-06,6.46114e-06,6.50883e-06,6.55651e-06,6.61612e-06
1.90002,6.42538e-06,6.46114e-06,6.40154e-06,6.47306e-06,6.44922e-06,6.53267e-06,6.55651e-06,6.55651e-06
2.00002,6.42538e-06,6.48499e-06,6.38962e-06,6.42538e-06,6.49691e-06,6.52075e-06,6.52075e-06,6.56843e-06
2.10002,6.42538e-06,6.49691e-06,6.38962e-06,6.38962e-06,6.52075e-06,6.52075e-06,6.55651e-06,6.58035e-06
2.20002,6.42538e-06,6.49691e-06,6.38962e-06,6.42538e-06,6.47306e-06,6.50883e-06,6.55651e-06,6.61612e-06
2.30002,6.44922e-06,6.50883e-06,6.38962e-06,6.41346e-06,6.48499e-06,6.52075e-06,6.55651e-06,6.58035e-06
2.40002,6.47306e-06,6.50883e-06,6.38962e-06,6.41346e-06,6.52075e-06,6.50883e-06,6.49691e-06,6.56843e-06
2.50002,6.44922e-06,6.50883e-06,6.3777e-06,6.41346e-06,6.50883e-06,6.47306e-06,6.53267e-06,6.53267e-06
2.60003,6.48499e-06,6.46114e-06,6.3777e-06,6.42538e-06,6.48499e-06,6.50883e-06,6.55651e-06,6.54459e-06
2.70003,6.47306e-06,6.48499e-06,6.36578e-06,6.44922e-06,6.49691e-06,6.48499e-06,6.56843e-06,6.53267e-06
2.80003,6.50883e-06,6.47306e-06,6.41346e-06,6.4373e-06,6.47306e-06,6.50883e-06,6.58035e-06,6.56843e-06
2.90003,6.47306e-06,6.48499e-06,6.38962e-06,6.4373e-06,6.49691e-06,6.49691e-06,6.55651e-06,6.55651e-06
3.00003,6.48499e-06,6.44922e-06,6.3777e-06,6.38962e-06,6.52075e-06,6.48499e-06,6.56843e-06,6.54459e-06
3.10003,6.52075e-06,6.47306e-06,6.42538e-06,6.41346e-06,6.48499e-06,6.49691e-06,6.58035e-06,6.52075e-06
3.20003,6.52075e-06,6.46114e-06,6.40154e-06,6.42538e-06,6.50883e-06,6.48499e-06,6.56843e-06,6.54459e-06
3.30003,6.50883e-06,6.48499e-06,6.3777e-06,6.42538e-06,6.53267e-06,6.48499e-06,6.55651e-06,6.55651e-06
3.40003,6.52075e-06,6.48499e-06,6.35386e-06,6.42538e-06,6.50883e-06,6.46114e-06,6.54459e-06,6.59227e-06
3.50004,6.48499e-06,6.46114e-06,6.36578e-06,6.41346e-06,6.53267e-06,6.47306e-06,6.53267e-06,6.55651e-06
3.60004,6.48499e-06,6.46114e-06,6.36578e-06,6.47306e-06,6.52075e-06,6.48499e-06,6.53267e-06,6.55651e-06
3.70004,6.48499e-06,6.48499e-06,6.40154e-06,6.48499e-06,6.50883e-06,6.47306e-06,6.55651e-06,6.59227e-06
3.80004,6.52075e-06,6.47306e-06,6.38962e-06,6.48499e-06,6.50883e-06,6.52075e-06,6.55651e-06,6.56843e-06
3.90004,6.52075e-06,6.47306e-06,6.38962e-06,6.47306e-06,6.54459e-06,6.49691e-06,6.55651e-06,6.55651e-06
4.00004,6.53267e-06,6.46114e-06,6.38962e-06,6.48499e-06,6.52075e-06,6.49691e-06,6.54459e-06,6.53267e-06
4.10004,6.54459e-06,6.46114e-06,6.38962e-06,6.47306e-06,6.49691e-06,6.54459e-06,6.52075e-06,6.56843e-06
4.20004,6.50883e-06,6.46114e-06,6.4373e-06,6.47306e-06,6.53267e-06,6.54459e-06,6.55651e-06,6.55651e-06
4.30004,6.52075e-06,6.47306e-06,6.38962e-06,6.44922e-06,6.49691e-06,6.49691e-06,6.56843e-06,6.56843e-06
4.40004,6.54459e-06,6.48499e-06,6.42538e-06,6.46114e-06,6.50883e-06,6.49691e-06,6.55651e-06,6.58035e-06
4.50005,6.52075e-06,6.44922e-06,6.40154e-06,6.44922e-06,6.52075e-06,6.50883e-06,6.54459e-06,6.55651e-06
4.60005,6.52075e-06,6.44922e-06,6.4373e-06,6.4373e-06,6.46114e-06,6.56843e-06,6.55651e-06,6.58035e-06
4.70005,6.47306e-06,6.46114e-06,6.44922e-06,6.48499e-06,6.47306e-06,6.56843e-06,6.55651e-06,6.55651e-06
4.80005,6.50883e-06,6.4373e-06,6.44922e-06,6.44922e-06,6.46114e-06,6.55651e-06,6.58035e-06,6.59227e-06
4.90005,6.52075e-06,6.4373e-06,6.42538e-06,6.46114e-06,6.49691e-06,6.54459e-06,6.58035e-06,6.56843e-06
5.00005,6.50883e-06,6.46114e-06,6.4373e-06,6.46114e-06,6.47306e-06,6.54459e-06,6.60419e-06,6.58035e-06
5.10005,6.50883e-06,6.4373e-06,6.40154e-06,6.47306e-06,6.46114e-06,6.54459e-06,6.60419e-06,6.56843e-06
5.20005,6.52075e-06,6.4373e-06,6.41346e-06,6.46114e-06,6.50883e-06,6.52075e-06,6.59227e-06,6.54459e-06
5.30005,6.49691e-06,6.41346e-06,6.4373e-06,6.4373e-06,6.50883e-06,6.48499e-06,6.58035e-06,6.52075e-06
5.40005,6.49691e-06,6.47306e-06,6.4373e-06,6.46114e-06,6.52075e-06,6.53267e-06,6.60419e-06,6.53267e-06
5.50005,6.4373e-06,6.46114e-06,6.4373e-06,6.47306e-06,6.50883e-06,6.52075e-06,6.58035e-06,6.55651e-06
5.60006,6.48499e-06,6.47306e-06,6.42538e-06,6.47306e-06,6.48499e-06,6.53267e-06,6.56843e-06,6.60419e-06
5.70006,6.47306e-06,6.47306e-06,6.44922e-06,6.47306e-06,6.49691e-06,6.55651e-06,6.56843e-06,6.59227e-06
5.80006,6.44922e-06,6.47306e-06,6.46114e-06,6.48499e-06,6.49691e-06,6.54459e-06,6.56843e-06,6.59227e-06
5.90006,6.50883e-06,6.49691e-06,6.42538e-06,6.47306e-06,6.50883e-06,6.55651e-06,6.62804e-06,6.58035e-06
6.00006,6.50883e-06,6.46114e-06,6.44922e-06,6.47306e-06,6.52075e-06,6.56843e-06,6.65188e-06,6.55651e-06
6.10006,6.53267e-06,6.48499e-06,6.47306e-06,6.47306e-06,6.50883e-06,6.55651e-06,6.61612e-06,6.54459e-06
6.20006,6.48499e-06,6.52075e-06,6.41346e-06,6.44922e-06,6.53267e-06,6.53267e-06,6.62804e-06,6.56843e-06
6.30006,6.48499e-06,6.48499e-06,6.46114e-06,6.42538e-06,6.48499e-06,6.50883e-06,6.59227e-06,6.55651e-06
6.40006,6.47306e-06,6.47306e-06,6.42538e-06,6.44922e-06,6.53267e-06,6.55651e-06,6.60419e-06,6.55651e-06
6.50006,6.53267e-06,6.52075e-06,6.42538e-06,6.44922e-06,6.55651e-06,6.50883e-06,6.58035e-06,6.58035e-06
6.60007,6.52075e-06,6.52075e-06,6.42538e-06,6.47306e-06,6.55651e-06,6.54459e-06,6.56843e-06,6.55651e-06
6.70007,6.56843e-06,6.49691e-06,6.41346e-06,6.48499e-06,6.53267e-06,6.52075e-06,6.59227e-06,6.58035e-06
6.80007,6.54459e-06,6.52075e-06,6.41346e-06,6.4373e-06,6.53267e-06,6.52075e-06,6.59227e-06,6.56843e-06
6.90007,6.54459e-06,6.50883e-06,6.44922e-06,6.47306e-06,6.50883e-06,6.50883e-06,6.59227e-06,6.61612e-06
7.00007,6.53267e-06,6.48499e-06,6.4373e-06,6.48499e-06,6.49691e-06,6.55651e-06,6.60419e-06,6.60419e-06
7.10007,6.53267e-06,6.48499e-06,6.42538e-06,6.50883e-06,6.53267e-06,6.56843e-06,6.58035e-06,6.55651e-06
7.20007,6.54459e-06,6.50883e-06,6.4373e-06,6.48499e-06,6.52075e-06,6.53267e-06,6.54459e-06,6.58035e-06
7.30007,6.53267e-06,6.46114e-06,6.4373e-06,6.48499e-06,6.52075e-06,6.54459e-06,6.55651e-06,6.58035e-06
7.40007,6.50883e-06,6.50883e-06,6.41346e-06,6.50883e-06,6.55651e-06,6.53267e-06,6.55651e-06,6.55651e-06
7.50007,6.53267e-06,6.50883e-06,6.38962e-06,6.49691e-06,6.54459e-06,6.54459e-06,6.53267e-06,6.54459e-06
7.60008,6.54459e-06,6.48499e-06,6.40154e-06,6.48499e-06,6.52075e-06,6.54459e-06,6.59227e-06,6.56843e-06
7.70008,6.49691e-06,6.46114e-06,6.41346e-06,6.47306e-06,6.53267e-06,6.55651e-06,6.55651e-06,6.53267e-06
7.80008,6.53267e-06,6.48499e-06,6.4373e-06,6.46114e-06,6.49691e-06,6.54459e-06,6.58035e-06,6.54459e-06
7.90008,6.49691e-06,6.48499e-06,6.42538e-06,6.48499e-06,6.50883e-06,6.54459e-06,6.55651e-06,6.54459e-06
8.00008,6.49691e-06,6.47306e-06,6.42538e-06,6.46114e-06,6.50883e-06,6.54459e-06,6.54459e-06,6.54459e-06
8.10008,6.50883e-06,6.49691e-06,6.44922e-06,6.49691e-06,6.49691e-06,6.50883e-06,6.54459e-06,6.54459e-06
8.20008,6.48499e-06,6.49691e-06,6.47306e-06,6.48499e-06,6.48499e-06,6.47306e-06,6.56843e-06,6.54459e-06
8.30008,6.52075e-06,6.52075e-06,6.44922e-06,6.44922e-06,6.52075e-06,6.58035e-06,6.59227e-06,6.53267e-06
8.40008,6.46114e-06,6.49691e-06,6.4373e-06,6.50883e-06,6.55651e-06,6.58035e-06,6.60419e-06,6.55651e-06
8.50009,6.49691e-06,6.46114e-06,6.42538e-06,6.49691e-06,6.53267e-06,6.53267e-06,6.60419e-06,6.54459e-06
8.60009,6.47306e-06,6.48499e-06,6.44922e-06,6.48499e-06,6.53267e-06,6.52075e-06,6.58035e-06,6.55651e-06
8.70009,6.48499e-06,6.49691e-06,6.46114e-06,6.52075e-06,6.54459e-06,6.52075e-06,6.60419e-06,6.52075e-06
8.80009,6.47306e-06,6.47306e-06,6.44922e-06,6.48499e-06,6.55651e-06,6.56843e-06,6.58035e-06,6.53267e-06
8.90009,6.48499e-06,6.4373e-06,6.41346e-06,6.49691e-06,6.52075e-06,6.53267e-06,6.60419e-06,6.53267e-06
9.00009,6.50883e-06,6.44922e-06,6.41346e-06,6.48499e-06,6.53267e-06,6.53267e-06,6.58035e-06,6.56843e-06
9.10009,6.53267e-06,6.46114e-06,6.40154e-06,6.53267e-06,6.50883e-06,6.54459e-06,6.55651e-06,6.55651e-06
9.20009,6.54459e-06,6.48499e-06,6.41346e-06,6.52075e-06,6.52075e-06,6.54459e-06,6.58035e-06,6.56843e-06
9.30009,6.53267e-06,6.49691e-06,6.40154e-06,6.52075e-06,6.52075e-06,6.55651e-06,6.58035e-06,6.55651e-06
9.40009,6.49691e-06,6.48499e-06,6.4373e-06,6.47306e-06,6.50883e-06,6.55651e-06,6.62804e-06,6.53267e-06
9.50009,6.48499e-06,6.47306e-06,6.44922e-06,6.46114e-06,6.54459e-06,6.50883e-06,6.61612e-06,6.55651e-06
9.6001,6.46114e-06,6.46114e-06,6.46114e-06,6.49691e-06,6.54459e-06,6.54459e-06,6.59227e-06,6.54459e-06
9.7001,6.44922e-06,6.46114e-06,6.42538e-06,6.48499e-06,6.52075e-06,6.54459e-06,6.58035e-06,6.53267e-06
9.8001,6.52075e-06,6.48499e-06,6.47306e-06,6.46114e-06,6.52075e-06,6.53267e-06,6.60419e-06,6.54459e-06
9.9001,6.52075e-06,6.46114e-06,6.46114e-06,6.49691e-06,6.55651e-06,6.52075e-06,6.58035e-06,6.54459e-06
10.0001,6.53267e-06,6.44922e-06,6.47306e-06,6.48499e-06,6.50883e-06,6.49691e-06,6.61612e-06,6.52075e-06
10.1001,6.52075e-06,6.47306e-06,6.4373e-06,6.49691e-06,6.49691e-06,6.49691e-06,6.58035e-06,6.56843e-06
10.2001,6.49691e-06,6.46114e-06,6.46114e-06,6.47306e-06,6.54459e-06,6.48499e-06,6.58035e-06,6.54459e-06
10.3001,6.50883e-06,6.4373e-06,6.42538e-06,6.48499e-06,6.50883e-06,6.48499e-06,6.56843e-06,6.56843e-06
10.4001,6.52075e-06,6.46114e-06,6.42538e-06,6.47306e-06,6.52075e-06,6.52075e-06,6.58035e-06,6.59227e-06
10.5001,6.50883e-06,6.46114e-06,6.48499e-06,6.47306e-06,6.53267e-06,6.50883e-06,6.58035e-06,6.58035e-06
10.6001,6.55651e-06,6.46114e-06,6.42538e-06,6.49691e-06,6.48499e-06,6.48499e-06,6.59227e-06,6.60419e-06
10.7001,6.53267e-06,6.44922e-06,6.47306e-06,6.47306e-06,6.48499e-06,6.50883e-06,6.59227e-06,6.58035e-06
10.8001,6.52075e-06,6.46114e-06,6.44922e-06,6.46114e-06,6.50883e-06,6.50883e-06,6.56843e-06,6.56843e-06
10.9001,6.48499e-06,6.46114e-06,6.46114e-06,6.50883e-06,6.50883e-06,6.52075e-06,6.59227e-06,6.56843e-06
11.0001,6.52075e-06,6.46114e-06,6.44922e-06,6.49691e-06,6.50883e-06,6.48499e-06,6.56843e-06,6.55651e-06
11.1001,6.48499e-06,6.4373e-06,6.44922e-06,6.49691e-06,6.49691e-06,6.50883e-06,6.58035e-06,6.54459e-06
11.2001,6.52075e-06,6.44922e-06,6.44922e-06,6.48499e-06,6.50883e-06,6.49691e-06,6.58035e-06,6.58035e-06
11.3001,6.52075e-06,6.44922e-06,6.44922e-06,6.52075e-06,6.50883e-06,6.52075e-06,6.58035e-06,6.59227e-06
11.4001,6.50883e-06,6.4373e-06,6.44922e-06,6.53267e-06,6.50883e-06,6.52075e-06,6.58035e-06,6.56843e-06
11.5001,6.53267e-06,6.46114e-06,6.44922e-06,6.52075e-06,6.50883e-06,6.50883e-06,6.55651e-06,6.56843e-06
11.6001,6.49691e-06,6.42538e-06,6.48499e-06,6.50883e-06,6.48499e-06,6.49691e-06,6.53267e-06,6.54459e-06
11.7001,6.50883e-06,6.44922e-06,6.4373e-06,6.54459e-06,6.50883e-06,6.50883e-06,6.58035e-06,6.55651e-06
11.8001,6.50883e-06,6.47306e-06,6.46114e-06,6.48499e-06,6.50883e-06,6.50883e-06,6.55651e-06,6.54459e-06
11.9001,6.54459e-06,6.47306e-06,6.46114e-06,6.49691e-06,6.52075e-06,6.52075e-06,6.60419e-06,6.58035e-06
12.0001,6.53267e-06,6.46114e-06,6.4373e-06,6.49691e-06,6.55651e-06,6.49691e-06,6.55651e-06,6.56843e-06
12.1001,6.50883e-06,6.48499e-06,6.44922e-06,6.50883e-06,6.50883e-06,6.53267e-06,6.54459e-06,6.55651e-06
12.2001,6.55651e-06,6.49691e-06,6.44922e-06,6.49691e-06,6.54459e-06,6.48499e-06,6.53267e-06,6.55651e-06
12.3001,6.54459e-06,6.4373e-06,6.4373e-06,6.46114e-06,6.53267e-06,6.52075e-06,6.54459e-06,6.53267e-06
12.4001,6.56843e-06,6.41346e-06,6.44922e-06,6.48499e-06,6.50883e-06,6.50883e-06,6.56843e-06,6.55651e-06
12.5001,6.52075e-06,6.48499e-06,6.41346e-06,6.49691e-06,6.50883e-06,6.47306e-06,6.52075e-06,6.56843e-06
12.6001,6.52075e-06,6.44922e-06,6.41346e-06,6.47306e-06,6.53267e-06,6.48499e-06,6.54459e-06,6.56843e-06
12.7001,6.48499e-06,6.48499e-06,6.41346e-06,6.49691e-06,6.54459e-06,6.47306e-06,6.55651e-06,6.56843e-06
12.8001,6.44922e-06,6.44922e-06,6.41346e-06,6.46114e-06,6.54459e-06,6.49691e-06,6.54459e-06,6.52075e-06
12.9001,6.48499e-06,6.46114e-06,6.4373e-06,6.50883e-06,6.54459e-06,6.53267e-06,6.60419e-06,6.55651e-06
13.0001,6.48499e-06,6.44922e-06,6.4373e-06,6.49691e-06,6.54459e-06,6.52075e-06,6.56843e-06,6.54459e-06
13.1001,6.48499e-06,6.41346e-06,6.41346e-06,6.48499e-06,6.49691e-06,6.49691e-06,6.53267e-06,6.54459e-06
13.2001,6.48499e-06,6.42538e-06,6.41346e-06,6.52075e-06,6.49691e-06,6.48499e-06,6.54459e-06,6.54459e-06
13.3001,6.48499e-06,6.47306e-06,6.4373e-06,6.47306e-06,6.49691e-06,6.47306e-06,6.56843e-06,6.54459e-06
13.4001,6.49691e-06,6.4373e-06,6.44922e-06,6.46114e-06,6.50883e-06,6.52075e-06,6.55651e-06,6.59227e-06
13.5001,6.49691e-06,6.4373e-06,6.42538e-06,6.48499e-06,6.49691e-06,6.53267e-06,6.56843e-06,6.59227e-06
13.6001,6.47306e-06,6.50883e-06,6.4373e-06,6.47306e-06,6.49691e-06,6.52075e-06,6.54459e-06,6.59227e-06
13.7001,6.49691e-06,6.47306e-06,6.40154e-06,6.48499e-06,6.52075e-06,6.53267e-06,6.58035e-06,6.58035e-06
13.8001,6.47306e-06,6.48499e-06,6.40154e-06,6.49691e-06,6.52075e-06,6.55651e-06,6.59227e-06,6.61612e-06
13.9001,6.49691e-06,6.4373e-06,6.40154e-06,6.49691e-06,6.50883e-06,6.55651e-06,6.59227e-06,6.60419e-06
14.0001,6.47306e-06,6.44922e-06,6.38962e-06,6.50883e-06,6.50883e-06,6.58035e-06,6.56843e-06,6.56843e-06
14.1001,6.52075e-06,6.48499e-06,6.40154e-06,6.49691e-06,6.53267e-06,6.59227e-06,6.60419e-06,6.56843e-06
14.2001,6.52075e-06,6.44922e-06,6.42538e-06,6.47306e-06,6.54459e-06,6.54459e-06,6.58035e-06,6.56843e-06
14.3001,6.52075e-06,6.4373e-06,6.40154e-06,6.52075e-06,6.55651e-06,6.55651e-06,6.58035e-06,6.59227e-06
14.4001,6.53267e-06,6.4373e-06,6.46114e-06,6.52075e-06,6.55651e-06,6.55651e-06,6.60419e-06,6.59227e-06
14.5001,6.49691e-06,6.44922e-06,6.47306e-06,6.49691e-06,6.52075e-06,6.53267e-06,6.55651e-06,6.59227e-06
14.6001,6.49691e-06,6.47306e-06,6.47306e-06,6.52075e-06,6.53267e-06,6.54459e-06,6.55651e-06,6.58035e-06
14.7001,6.50883e-06,6.46114e-06,6.47306e-06,6.48499e-06,6.52075e-06,6.58035e-06,6.54459e-06,6.58035e-06
14.8001,6.50883e-06,6.4373e-06,6.4373e-06,6.52075e-06,6.55651e-06,6.56843e-06,6.56843e-06,6.59227e-06
14.9001,6.48499e-06,6.44922e-06,6.44922e-06,6.50883e-06,6.55651e-06,6.55651e-06,6.58035e-06,6.59227e-06
15.0001,6.50883e-06,6.46114e-06,6.47306e-06,6.48499e-06,6.58035e-06,6.59227e-06,6.58035e-06,6.58035e-06
15.1002,6.53267e-06,6.49691e-06,6.44922e-06,6.49691e-06,6.55651e-06,6.58035e-06,6.56843e-06,6.58035e-06
15.2002,6.53267e-06,6.44922e-06,6.4373e-06,6.48499e-06,6.56843e-06,6.53267e-06,6.58035e-06,6.55651e-06
15.3002,6.49691e-06,6.50883e-06,6.46114e-06,6.47306e-06,6.53267e-06,6.56843e-06,6.58035e-06,6.56843e-06
15.4002,6.47306e-06,6.44922e-06,6.41346e-06,6.46114e-06,6.54459e-06,6.53267e-06,6.59227e-06,6.58035e-06
15.5002,6.49691e-06,6.49691e-06,6.44922e-06,6.48499e-06,6.56843e-06,6.54459e-06,6.58035e-06,6.53267e-06
15.6002,6.48499e-06,6.48499e-06,6.46114e-06,6.50883e-06,6.56843e-06,6.55651e-06,6.56843e-06,6.53267e-06
15.7002,6.47306e-06,6.47306e-06,6.46114e-06,6.50883e-06,6.55651e-06,6.54459e-06,6.60419e-06,6.50883e-06
15.8002,6.44922e-06,6.49691e-06,6.40154e-06,6.47306e-06,6.58035e-06,6.54459e-06,6.59227e-06,6.54459e-06
15.9002,6.44922e-06,6.50883e-06,6.4373e-06,6.49691e-06,6.54459e-06,6.55651e-06,6.56843e-06,6.50883e-06
16.0002,6.49691e-06,6.67572e-06,6.78301e-06,7.16448e-06,7.51019e-06,7.62939e-06,8.02279e-06,8.27312e-06
16.1002,6.48499e-06,7.10487e-06,7.47442e-06,8.17776e-06,8.74996e-06,9.13143e-06,9.76324e-06,1.02878e-05
16.2002,6.59227e-06,7.21216e-06,7.67708e-06,8.45194e-06,9.11951e-06,9.60827e-06,1.02401e-05,1.09076e-05
16.3002,6.67572e-06,7.25985e-06,7.80821e-06,8.55923e-06,9.29832e-06,9.85861e-06,1.05739e-05,1.12891e-05
16.4002,6.7234e-06,7.24792e-06,7.86781e-06,8.63075e-06,9.41753e-06,1.00374e-05,1.07527e-05,1.15275e-05
16.5002,6.7234e-06,7.29561e-06,7.89166e-06,8.67844e-06,9.47714e-06,1.01089e-05,1.086e-05,1.16587e-05
16.6002,6.7234e-06,7.25985e-06,7.89166e-06,8.7142e-06,9.50098e-06,1.01686e-05,1.09911e-05,1.17898e-05
16.7002,6.7234e-06,7.29561e-06,7.9155e-06,8.73804e-06,9.56059e-06,1.0252e-05,1.10865e-05,1.18732e-05
16.8002,6.74725e-06,7.29561e-06,7.92742e-06,8.80957e-06,9.57251e-06,1.02878e-05,1.11461e-05,1.19567e-05
16.9002,6.7234e-06,7.28369e-06,7.93934e-06,8.80957e-06,9.63211e-06,1.03116e-05,1.12176e-05,1.19805e-05
17.0002,6.71148e-06,6.8903e-06,7.28369e-06,7.87973e-06,8.51154e-06,9.20296e-06,9.9659e-06,1.05739e-05
17.1002,6.68764e-06,6.56843e-06,6.65188e-06,6.9499e-06,7.236e-06,7.64132e-06,8.16584e-06,8.45194e-06
17.2002,6.48499e-06,6.50883e-06,6.49691e-06,6.71148e-06,6.93798e-06,7.14064e-06,7.48634e-06,7.64132e-06
17.3002,6.48499e-06,6.49691e-06,6.46114e-06,6.60419e-06,6.78301e-06,6.93798e-06,7.21216e-06,7.33137e-06
17.4002,6.44922e-06,6.53267e-06,6.46114e-06,6.59227e-06,6.75917e-06,6.83069e-06,7.05719e-06,7.16448e-06
17.5002,6.44922e-06,6.49691e-06,6.48499e-06,6.56843e-06,6.68764e-06,6.81877e-06,6.97374e-06,7.05719e-06
17.6002,6.44922e-06,6.48499e-06,6.44922e-06,6.58035e-06,6.6638e-06,6.75917e-06,6.8903e-06,6.99759e-06
17.7002,6.47306e-06,6.46114e-06,6.46114e-06,6.55651e-06,6.6638e-06,6.71148e-06,6.85453e-06,6.93798e-06
17.8002,6.49691e-06,6.47306e-06,6.42538e-06,6.54459e-06,6.6638e-06,6.68764e-06,6.83069e-06,6.91414e-06
17.9002,6.48499e-06,6.47306e-06,6.46114e-06,6.56843e-06,6.62804e-06,6.68764e-06,6.83069e-06,6.91414e-06
18.0002,6.48499e-06,6.47306e-06,6.44922e-06,6.54459e-06,6.63996e-06,6.6638e-06,6.81877e-06,6.91414e-06
18.1002,6.47306e-06,6.48499e-06,6.42538e-06,6.56843e-06,6.60419e-06,6.65188e-06,6.75917e-06,6.87838e-06
18.2002,6.48499e-06,6.48499e-06,6.42538e-06,6.52075e-06,6.65188e-06,6.6638e-06,6.77109e-06,6.84261e-06
18.3002,6.49691e-06,6.48499e-06,6.41346e-06,6.50883e-06,6.63996e-06,6.62804e-06,6.77109e-06,6.85453e-06
18.4002,6.48499e-06,6.47306e-06,6.42538e-06,6.47306e-06,6.63996e-06,6.62804e-06,6.79493e-06,6.86646e-06
18.5002,6.44922e-06,6.46114e-06,6.42538e-06,6.4373e-06,6.59227e-06,6.63996e-06,6.79493e-06,6.83069e-06
18.6002,6.44922e-06,6.46114e-06,6.46114e-06,6.47306e-06,6.60419e-06,6.59227e-06,6.75917e-06,6.84261e-06
18.7002,6.4373e-06,6.49691e-06,6.41346e-06,6.50883e-06,6.60419e-06,6.60419e-06,6.74725e-06,6.84261e-06
18.8002,6.44922e-06,6.49691e-06,6.38962e-06,6.47306e-06,6.58035e-06,6.59227e-06,6.74725e-06,6.83069e-06
18.9002,6.46114e-06,6.48499e-06,6.41346e-06,6.48499e-06,6.59227e-06,6.59227e-06,6.74725e-06,6.80685e-06
19.0002,6.48499e-06,6.47306e-06,6.41346e-06,6.47306e-06,6.60419e-06,6.61612e-06,6.73532e-06,6.81877e-06
19.1002,6.46114e-06,6.47306e-06,6.40154e-06,6.50883e-06,6.59227e-06,6.61612e-06,6.71148e-06,6.83069e-06
19.2002,6.48499e-06,6.4373e-06,6.44922e-06,6.50883e-06,6.58035e-06,6.60419e-06,6.69956e-06,6.84261e-06
19.3002,6.49691e-06,6.46114e-06,6.42538e-06,6.49691e-06,6.56843e-06,6.61612e-06,6.71148e-06,6.81877e-06
19.4002,6.49691e-06,6.48499e-06,6.42538e-06,6.50883e-06,6.58035e-06,6.58035e-06,6.69956e-06,6.81877e-06
19.5002,6.48499e-06,6.49691e-06,6.41346e-06,6.52075e-06,6.60419e-06,6.58035e-06,6.69956e-06,6.77109e-06
19.6002,6.46114e-06,6.49691e-06,6.42538e-06,6.54459e-06,6.63996e-06,6.62804e-06,6.71148e-06,6.80685e-06
19.7002,6.4373e-06,6.46114e-06,6.47306e-06,6.50883e-06,6.60419e-06,6.61612e-06,6.69956e-06,6.77109e-06
19.8002,6.47306e-06,6.50883e-06,6.4373e-06,6.53267e-06,6.58035e-06,6.58035e-06,6.73532e-06,6.75917e-06
19.9002,6.44922e-06,6.47306e-06,6.46114e-06,6.50883e-06,6.58035e-06,6.61612e-06,6.69956e-06,6.79493e-06
20.0002,6.4373e-06,6.48499e-06,6.46114e-06,6.52075e-06,6.56843e-06,6.58035e-06,6.69956e-06,6.75917e-06
20.1002,6.44922e-06,6.52075e-06,6.4373e-06,6.50883e-06,6.58035e-06,6.55651e-06,6.68764e-06,6.75917e-06
20.2002,6.44922e-06,6.48499e-06,6.4373e-06,6.49691e-06,6.56843e-06,6.60419e-06,6.71148e-06,6.75917e-06
20.3002,6.4373e-06,6.49691e-06,6.42538e-06,6.48499e-06,6.54459e-06,6.59227e-06,6.7234e-06,6.77109e-06
20.4002,6.44922e-06,6.50883e-06,6.4373e-06,6.52075e-06,6.58035e-06,6.58035e-06,6.71148e-06,6.73532e-06
20.5002,6.44922e-06,6.53267e-06,6.41346e-06,6.52075e-06,6.58035e-06,6.60419e-06,6.7234e-06,6.74725e-06
20.6002,6.47306e-06,6.48499e-06,6.4373e-06,6.50883e-06,6.53267e-06,6.61612e-06,6.73532e-06,6.77109e-06
20.7002,6.50883e-06,6.49691e-06,6.40154e-06,6.48499e-06,6.56843e-06,6.61612e-06,6.73532e-06,6.77109e-06
20.8002,6.46114e-06,6.50883e-06,6.40154e-06,6.50883e-06,6.55651e-06,6.62804e-06,6.68764e-06,6.74725e-06
20.9002,6.47306e-06,6.49691e-06,6.44922e-06,6.50883e-06,6.53267e-06,6.60419e-06,6.6638e-06,6.75917e-06
21.0002,6.47306e-06,6.48499e-06,6.44922e-06,6.53267e-06,6.53267e-06,6.59227e-06,6.67572e-06,6.74725e-06
21.1002,6.44922e-06,6.50883e-06,6.4373e-06,6.49691e-06,6.56843e-06,6.63996e-06,6.69956e-06,6.74725e-06
21.2002,6.44922e-06,6.49691e-06,6.4373e-06,6.50883e-06,6.56843e-06,6.59227e-06,6.73532e-06,6.78301e-06
21.3002,6.48499e-06,6.47306e-06,6.44922e-06,6.50883e-06,6.53267e-06,6.59227e-06,6.69956e-06,6.7234e-06
21.4002,6.4373e-06,6.48499e-06,6.47306e-06,6.49691e-06,6.59227e-06,6.61612e-06,6.71148e-06,6.7234e-06
21.5002,6.48499e-06,6.50883e-06,6.48499e-06,6.49691e-06,6.58035e-06,6.59227e-06,6.69956e-06,6.77109e-06
21.6002,6.42538e-06,6.50883e-06,6.46114e-06,6.49691e-06,6.58035e-06,6.56843e-06,6.74725e-06,6.73532e-06
21.7002,6.46114e-06,6.50883e-06,6.47306e-06,6.50883e-06,6.54459e-06,6.59227e-06,6.74725e-06,6.74725e-06
21.8002,6.48499e-06,6.48499e-06,6.46114e-06,6.50883e-06,6.58035e-06,6.63996e-06,6.7234e-06,6.73532e-06
21.9002,6.46114e-06,6.46114e-06,6.42538e-06,6.53267e-06,6.58035e-06,6.60419e-06,6.7234e-06,6.75917e-06
22.0002,6.48499e-06,6.49691e-06,6.42538e-06,6.52075e-06,6.54459e-06,6.65188e-06,6.71148e-06,6.7234e-06
22.1002,6.47306e-06,6.52075e-06,6.42538e-06,6.52075e-06,6.58035e-06,6.62804e-06,6.71148e-06,6.73532e-06
22.2002,6.47306e-06,6.47306e-06,6.4373e-06,6.48499e-06,6.59227e-06,6.58035e-06,6.68764e-06,6.7234e-06
22.3002,6.49691e-06,6.48499e-06,6.4373e-06,6.50883e-06,6.59227e-06,6.61612e-06,6.71148e-06,6.7234e-06
22.4002,6.46114e-06,6.53267e-06,6.46114e-06,6.50883e-06,6.59227e-06,6.62804e-06,6.69956e-06,6.73532e-06
22.5002,6.50883e-06,6.54459e-06,6.4373e-06,6.52075e-06,6.58035e-06,6.59227e-06,6.71148e-06,6.69956e-06
22.6002,6.47306e-06,6.47306e-06,6.46114e-06,6.52075e-06,6.56843e-06,6.59227e-06,6.7234e-06,6.7234e-06
22.7002,6.53267e-06,6.49691e-06,6.48499e-06,6.54459e-06,6.58035e-06,6.60419e-06,6.7234e-06,6.67572e-06
22.8002,6.54459e-06,6.52075e-06,6.49691e-06,6.54459e-06,6.56843e-06,6.63996e-06,6.71148e-06,6.68764e-06
22.9002,6.52075e-06,6.55651e-06,6.48499e-06,6.52075e-06,6.58035e-06,6.60419e-06,6.68764e-06,6.69956e-06
23.0002,6.49691e-06,6.50883e-06,6.48499e-06,6.53267e-06,6.58035e-06,6.61612e-06,6.74725e-06,6.7234e-06
23.1002,6.49691e-06,6.54459e-06,6.49691e-06,6.52075e-06,6.58035e-06,6.61612e-06,6.68764e-06,6.67572e-06
23.2002,6.53267e-06,6.53267e-06,6.48499e-06,6.49691e-06,6.59227e-06,6.62804e-06,6.7234e-06,6.7234e-06
23.3002,6.47306e-06,6.48499e-06,6.49691e-06,6.48499e-06,6.58035e-06,6.62804e-06,6.73532e-06,6.67572e-06
23.4002,6.48499e-06,6.47306e-06,6.53267e-06,6.48499e-06,6.58035e-06,6.62804e-06,6.68764e-06,6.68764e-06
23.5002,6.47306e-06,6.50883e-06,6.49691e-06,6.52075e-06,6.59227e-06,6.61612e-06,6.69956e-06,6.7234e-06
23.6002,6.48499e-06,6.52075e-06,6.47306e-06,6.50883e-06,6.55651e-06,6.63996e-06,6.68764e-06,6.7234e-06
23.7002,6.49691e-06,6.52075e-06,6.47306e-06,6.52075e-06,6.58035e-06,6.65188e-06,6.69956e-06,6.68764e-06
23.8002,6.50883e-06,6.53267e-06,6.49691e-06,6.53267e-06,6.58035e-06,6.65188e-06,6.71148e-06,6.7234e-06
23.9002,6.52075e-06,6.53267e-06,6.46114e-06,6.47306e-06,6.60419e-06,6.61612e-06,6.65188e-06,6.71148e-06
24.0002,6.46114e-06,6.49691e-06,6.52075e-06,6.54459e-06,6.56843e-06,6.62804e-06,6.6638e-06,6.67572e-06
24.1002,6.44922e-06,6.50883e-06,6.52075e-06,6.52075e-06,6.59227e-06,6.62804e-06,6.7234e-06,6.69956e-06
24.2002,6.52075e-06,6.46114e-06,6.46114e-06,6.53267e-06,6.58035e-06,6.59227e-06,6.67572e-06,6.69956e-06
24.3002,6.48499e-06,6.48499e-06,6.46114e-06,6.54459e-06,6.59227e-06,6.63996e-06,6.6638e-06,6.69956e-06
24.4002,6.46114e-06,6.49691e-06,6.44922e-06,6.56843e-06,6.60419e-06,6.61612e-06,6.68764e-06,6.67572e-06
24.5002,6.46114e-06,6.48499e-06,6.46114e-06,6.54459e-06,6.59227e-06,6.63996e-06,6.67572e-06,6.69956e-06
24.6002,6.46114e-06,6.49691e-06,6.4373e-06,6.53267e-06,6.60419e-06,6.61612e-06,6.68764e-06,6.69956e-06
24.7002,6.48499e-06,6.46114e-06,6.4373e-06,6.52075e-06,6.60419e-06,6.61612e-06,6.71148e-06,6.69956e-06
24.8002,6.50883e-06,6.50883e-06,6.47306e-06,6.52075e-06,6.58035e-06,6.65188e-06,6.68764e-06,6.69956e-06
24.9002,6.49691e-06,6.52075e-06,6.44922e-06,6.53267e-06,6.58035e-06,6.63996e-06,6.69956e-06,6.7234e-06
25.0002,6.48499e-06,6.50883e-06,6.48499e-06,6.53267e-06,6.60419e-06,6.6638e-06,6.69956e-06,6.73532e-06
25.1003,6.49691e-06,6.50883e-06,6.44922e-06,6.50883e-06,6.56843e-06,6.67572e-06,6.65188e-06,6.7234e-06
25.2003,6.48499e-06,6.52075e-06,6.48499e-06,6.50883e-06,6.56843e-06,6.67572e-06,6.67572e-06,6.7234e-06
25.3003,6.47306e-06,6.53267e-06,6.47306e-06,6.52075e-06,6.59227e-06,6.6638e-06,6.68764e-06,6.68764e-06
25.4003,6.47306e-06,6.49691e-06,6.46114e-06,6.53267e-06,6.55651e-06,6.65188e-06,6.67572e-06,6.6638e-06
25.5003,6.47306e-06,6.52075e-06,6.49691e-06,6.53267e-06,6.59227e-06,6.65188e-06,6.7234e-06,6.71148e-06
25.6003,6.46114e-06,6.50883e-06,6.49691e-06,6.56843e-06,6.59227e-06,6.67572e-06,6.71148e-06,6.71148e-06
25.7003,6.42538e-06,6.49691e-06,6.50883e-06,6.53267e-06,6.56843e-06,6.65188e-06,6.65188e-06,6.71148e-06
25.8003,6.48499e-06,6.49691e-06,6.48499e-06,6.54459e-06,6.59227e-06,6.63996e-06,6.67572e-06,6.67572e-06
25.9003,6.49691e-06,6.52075e-06,6.46114e-06,6.54459e-06,6.58035e-06,6.63996e-06,6.68764e-06,6.67572e-06
26.0003,6.49691e-06,6.50883e-06,6.46114e-06,6.52075e-06,6.55651e-06,6.61612e-06,6.69956e-06,6.69956e-06
26.1003,6.48499e-06,6.46114e-06,6.44922e-06,6.50883e-06,6.55651e-06,6.60419e-06,6.65188e-06,6.69956e-06
26.2003,6.47306e-06,6.49691e-06,6.49691e-06,6.52075e-06,6.54459e-06,6.61612e-06,6.67572e-06,6.71148e-06
26.3003,6.48499e-06,6.44922e-06,6.48499e-06,6.50883e-06,6.54459e-06,6.61612e-06,6.69956e-06,6.68764e-06
26.4003,6.49691e-06,6.49691e-06,6.49691e-06,6.49691e-06,6.56843e-06,6.63996e-06,6.67572e-06,6.71148e-06
26.5003,6.47306e-06,6.47306e-06,6.47306e-06,6.53267e-06,6.59227e-06,6.61612e-06,6.68764e-06,6.69956e-06
26.6003,6.44922e-06,6.47306e-06,6.44922e-06,6.52075e-06,6.58035e-06,6.61612e-06,6.68764e-06,6.69956e-06
26.7003,6.48499e-06,6.46114e-06,6.47306e-06,6.52075e-06,6.56843e-06,6.59227e-06,6.69956e-06,6.73532e-06
26.8003,6.48499e-06,6.47306e-06,6.47306e-06,6.50883e-06,6.56843e-06,6.59227e-06,6.71148e-06,6.69956e-06
26.9003,6.48499e-06,6.47306e-06,6.47306e-06,6.53267e-06,6.52075e-06,6.61612e-06,6.6638e-06,6.73532e-06
27.0003,6.47306e-06,6.48499e-06,6.46114e-06,6.52075e-06,6.58035e-06,6.60419e-06,6.68764e-06,6.73532e-06
27.1003,6.47306e-06,6.46114e-06,6.46114e-06,6.50883e-06,6.59227e-06,6.62804e-06,6.67572e-06,6.73532e-06
27.2003,6.46114e-06,6.46114e-06,6.46114e-06,6.54459e-06,6.54459e-06,6.61612e-06,6.71148e-06,6.73532e-06
27.3003,6.47306e-06,6.49691e-06,6.46114e-06,6.54459e-06,6.52075e-06,6.61612e-06,6.69956e-06,6.7234e-06
27.4003,6.47306e-06,6.49691e-06,6.47306e-06,6.53267e-06,6.52075e-06,6.60419e-06,6.71148e-06,6.73532e-06
27.5003,6.48499e-06,6.47306e-06,6.46114e-06,6.56843e-06,6.49691e-06,6.62804e-06,6.68764e-06,6.7234e-06
27.6003,6.48499e-06,6.49691e-06,6.46114e-06,6.54459e-06,6.53267e-06,6.58035e-06,6.68764e-06,6.69956e-06
27.7003,6.46114e-06,6.47306e-06,6.48499e-06,6.50883e-06,6.50883e-06,6.59227e-06,6.68764e-06,6.69956e-06
27.8003,6.47306e-06,6.44922e-06,6.4373e-06,6.52075e-06,6.50883e-06,6.60419e-06,6.67572e-06,6.7234e-06
27.9003,6.47306e-06,6.4373e-06,6.44922e-06,6.53267e-06,6.49691e-06,6.59227e-06,6.68764e-06,6.68764e-06
28.0003,6.50883e-06,6.46114e-06,6.44922e-06,6.52075e-06,6.48499e-06,6.59227e-06,6.69956e-06,6.69956e-06
28.1003,6.49691e-06,6.48499e-06,6.4373e-06,6.52075e-06,6.49691e-06,6.63996e-06,6.69956e-06,6.71148e-06
28.2003,6.49691e-06,6.49691e-06,6.47306e-06,6.55651e-06,6.49691e-06,6.65188e-06,6.71148e-06,6.68764e-06
28.3003,6.49691e-06,6.46114e-06,6.49691e-06,6.52075e-06,6.50883e-06,6.62804e-06,6.69956e-06,6.69956e-06
28.4003,6.48499e-06,6.50883e-06,6.4373e-06,6.48499e-06,6.49691e-06,6.63996e-06,6.71148e-06,6.71148e-06
28.5003,6.48499e-06,6.49691e-06,6.44922e-06,6.50883e-06,6.50883e-06,6.61612e-06,6.69956e-06,6.71148e-06
28.6003,6.49691e-06,6.48499e-06,6.46114e-06,6.50883e-06,6.52075e-06,6.65188e-06,6.67572e-06,6.71148e-06
28.7003,6.47306e-06,6.49691e-06,6.46114e-06,6.48499e-06,6.48499e-06,6.62804e-06,6.71148e-06,6.7234e-06
28.8003,6.48499e-06,6.47306e-06,6.47306e-06,6.52075e-06,6.46114e-06,6.60419e-06,6.67572e-06,6.68764e-06
28.9003,6.46114e-06,6.48499e-06,6.47306e-06,6.46114e-06,6.48499e-06,6.60419e-06,6.65188e-06,6.67572e-06
29.0003,6.47306e-06,6.49691e-06,6.48499e-06,6.50883e-06,6.53267e-06,6.61612e-06,6.65188e-06,6.69956e-06
29.1003,6.48499e-06,6.47306e-06,6.46114e-06,6.52075e-06,6.54459e-06,6.62804e-06,6.63996e-06,6.7234e-06
29.2003,6.49691e-06,6.4373e-06,6.47306e-06,6.47306e-06,6.53267e-06,6.61612e-06,6.67572e-06,6.68764e-06
29.3003,6.47306e-06,6.47306e-06,6.44922e-06,6.50883e-06,6.49691e-06,6.61612e-06,6.6638e-06,6.67572e-06
29.4003,6.47306e-06,6.47306e-06,6.46114e-06,6.49691e-06,6.49691e-06,6.59227e-06,6.69956e-06,6.67572e-06
29.5003,6.49691e-06,6.44922e-06,6.46114e-06,6.52075e-06,6.52075e-06,6.63996e-06,6.6638e-06,6.6638e-06
29.6003,6.47306e-06,6.46114e-06,6.4373e-06,6.48499e-06,6.52075e-06,6.61612e-06,6.6638e-06,6.6638e-06
29.7003,6.48499e-06,6.49691e-06,6.47306e-06,6.52075e-06,6.49691e-06,6.61612e-06,6.67572e-06,6.68764e-06
29.8003,6.48499e-06,6.48499e-06,6.48499e-06,6.47306e-06,6.53267e-06,6.62804e-06,6.6638e-06,6.68764e-06
29.9003,6.47306e-06,6.46114e-06,6.48499e-06,6.49691e-06,6.53267e-06,6.62804e-06,6.6638e-06,6.67572e-06
30.0003,6.49691e-06,6.48499e-06,6.48499e-06,6.50883e-06,6.54459e-06,6.62804e-06,6.6638e-06,6.67572e-06
30.1003,6.48499e-06,6.47306e-06,6.47306e-06,6.48499e-06,6.53267e-06,6.63996e-06,6.69956e-06,6.71148e-06
30.2003,6.49691e-06,6.49691e-06,6.4373e-06,6.49691e-06,6.49691e-06,6.60419e-06,6.71148e-06,6.69956e-06
30.3003,6.48499e-06,6.50883e-06,6.42538e-06,6.49691e-06,6.48499e-06,6.60419e-06,6.6638e-06,6.69956e-06
30.4003,6.48499e-06,6.50883e-06,6.44922e-06,6.47306e-06,6.49691e-06,6.61612e-06,6.68764e-06,6.68764e-06
30.5003,6.52075e-06,6.52075e-06,6.47306e-06,6.44922e-06,6.53267e-06,6.59227e-06,6.67572e-06,6.68764e-06
30.6003,6.53267e-06,6.48499e-06,6.49691e-06,6.44922e-06,6.53267e-06,6.61612e-06,6.68764e-06,6.71148e-06
30.7003,6.54459e-06,6.49691e-06,6.48499e-06,6.42538e-06,6.54459e-06,6.61612e-06,6.68764e-06,6.69956e-06
30.8003,6.50883e-06,6.47306e-06,6.48499e-06,6.40154e-06,6.53267e-06,6.60419e-06,6.71148e-06,6.69956e-06
30.9003,6.49691e-06,6.49691e-06,6.48499e-06,6.41346e-06,6.50883e-06,6.61612e-06,6.67572e-06,6.7234e-06
31.0003,6.52075e-06,6.48499e-06,6.48499e-06,6.41346e-06,6.54459e-06,6.59227e-06,6.68764e-06,6.69956e-06
31.1003,6.50883e-06,6.48499e-06,6.48499e-06,6.44922e-06,6.53267e-06,6.62804e-06,6.67572e-06,6.69956e-06
31.2003,6.48499e-06,6.50883e-06,6.48499e-06,6.44922e-06,6.52075e-06,6.60419e-06,6.6638e-06,6.7234e-06
31.3003,6.47306e-06,6.47306e-06,6.50883e-06,6.48499e-06,6.55651e-06,6.60419e-06,6.68764e-06,6.68764e-06
31.4003,6.50883e-06,6.46114e-06,6.47306e-06,6.48499e-06,6.54459e-06,6.56843e-06,6.68764e-06,6.71148e-06
31.5003,6.50883e-06,6.46114e-06,6.46114e-06,6.48499e-06,6.53267e-06,6.58035e-06,6.69956e-06,6.71148e-06
31.6003,6.52075e-06,6.49691e-06,6.47306e-06,6.46114e-06,6.52075e-06,6.58035e-06,6.65188e-06,6.71148e-06
31.7003,6.52075e-06,6.49691e-06,6.47306e-06,6.46114e-06,6.53267e-06,6.62804e-06,6.63996e-06,6.75917e-06
31.8003,6.49691e-06,6.49691e-06,6.48499e-06,6.49691e-06,6.50883e-06,6.61612e-06,6.67572e-06,6.69956e-06
31.9003,6.53267e-06,6.47306e-06,6.49691e-06,6.46114e-06,6.54459e-06,6.61612e-06,6.68764e-06,6.68764e-06
32.0003,6.50883e-06,6.47306e-06,6.46114e-06,6.47306e-06,6.50883e-06,6.58035e-06,6.6638e-06,6.69956e-06
32.1003,6.50883e-06,6.52075e-06,6.46114e-06,6.46114e-06,6.52075e-06,6.60419e-06,6.6638e-06,6.71148e-06
32.2003,6.50883e-06,6.48499e-06,6.46114e-06,6.47306e-06,6.52075e-06,6.61612e-06,6.6638e-06,6.73532e-06
32.3003,6.50883e-06,6.52075e-06,6.46114e-06,6.48499e-06,6.52075e-06,6.61612e-06,6.67572e-06,6.73532e-06
32.4003,6.52075e-06,6.52075e-06,6.44922e-06,6.48499e-06,6.52075e-06,6.60419e-06,6.69956e-06,6.71148e-06
32.5003,6.48499e-06,6.47306e-06,6.48499e-06,6.49691e-06,6.49691e-06,6.60419e-06,6.69956e-06,6.68764e-06
32.6003,6.47306e-06,6.48499e-06,6.46114e-06,6.47306e-06,6.48499e-06,6.62804e-06,6.71148e-06,6.71148e-06
32.7003,6.48499e-06,6.48499e-06,6.47306e-06,6.52075e-06,6.50883e-06,6.63996e-06,6.71148e-06,6.67572e-06
32.8003,6.52075e-06,6.49691e-06,6.4373e-06,6.50883e-06,6.52075e-06,6.59227e-06,6.71148e-06,6.71148e-06
32.9003,6.48499e-06,6.53267e-06,6.4373e-06,6.54459e-06,6.52075e-06,6.60419e-06,6.69956e-06,6.69956e-06
33.0003,6.48499e-06,6.48499e-06,6.49691e-06,6.47306e-06,6.55651e-06,6.60419e-06,6.73532e-06,6.71148e-06
33.1003,6.50883e-06,6.47306e-06,6.47306e-06,6.49691e-06,6.56843e-06,6.58035e-06,6.74725e-06,6.71148e-06
33.2003,6.52075e-06,6.53267e-06,6.44922e-06,6.49691e-06,6.53267e-06,6.58035e-06,6.69956e-06,6.68764e-06
33.3003,6.49691e-06,6.49691e-06,6.47306e-06,6.53267e-06,6.52075e-06,6.58035e-06,6.69956e-06,6.71148e-06
33.4003,6.48499e-06,6.52075e-06,6.50883e-06,6.50883e-06,6.53267e-06,6.59227e-06,6.67572e-06,6.67572e-06
33.5003,6.52075e-06,6.52075e-06,6.50883e-06,6.49691e-06,6.52075e-06,6.63996e-06,6.65188e-06,6.67572e-06
33.6003,6.52075e-06,6.49691e-06,6.49691e-06,6.49691e-06,6.55651e-06,6.60419e-06,6.68764e-06,6.69956e-06
33.7003,6.53267e-06,6.50883e-06,6.49691e-06,6.49691e-06,6.59227e-06,6.61612e-06,6.68764e-06,6.68764e-06
33.8003,6.50883e-06,6.52075e-06,6.50883e-06,6.48499e-06,6.55651e-06,6.62804e-06,6.68764e-06,6.7234e-06
33.9003,6.50883e-06,6.48499e-06,6.50883e-06,6.52075e-06,6.56843e-06,6.59227e-06,6.73532e-06,6.69956e-06
34.0003,6.49691e-06,6.46114e-06,6.49691e-06,6.50883e-06,6.54459e-06,6.59227e-06,6.75917e-06,6.67572e-06
34.1003,6.49691e-06,6.52075e-06,6.48499e-06,6.50883e-06,6.56843e-06,6.60419e-06,6.71148e-06,6.7234e-06
34.2003,6.54459e-06,6.52075e-06,6.48499e-06,6.52075e-06,6.54459e-06,6.59227e-06,6.71148e-06,6.7234e-06
34.3003,6.54459e-06,6.49691e-06,6.49691e-06,6.53267e-06,6.56843e-06,6.60419e-06,6.71148e-06,6.71148e-06
34.4003,6.52075e-06,6.48499e-06,6.48499e-06,6.54459e-06,6.58035e-06,6.60419e-06,6.67572e-06,6.69956e-06
34.5003,6.49691e-06,6.48499e-06,6.49691e-06,6.54459e-06,6.56843e-06,6.60419e-06,6.68764e-06,6.71148e-06
34.6003,6.55651e-06,6.47306e-06,6.49691e-06,6.52075e-06,6.59227e-06,6.60419e-06,6.67572e-06,6.7234e-06
34.7003,6.54459e-06,6.44922e-06,6.49691e-06,6.50883e-06,6.60419e-06,6.60419e-06,6.68764e-06,6.73532e-06
34.8003,6.52075e-06,6.46114e-06,6.49691e-06,6.49691e-06,6.58035e-06,6.60419e-06,6.67572e-06,6.74725e-06
34.9003,6.54459e-06,6.44922e-06,6.50883e-06,6.53267e-06,6.58035e-06,6.62804e-06,6.6638e-06,6.78301e-06
35.0003,6.53267e-06,6.42538e-06,6.49691e-06,6.50883e-06,6.61612e-06,6.62804e-06,6.62804e-06,6.74725e-06
35.1004,6.50883e-06,6.48499e-06,6.46114e-06,6.50883e-06,6.58035e-06,6.63996e-06,6.65188e-06,6.73532e-06
35.2004,6.54459e-06,6.48499e-06,6.49691e-06,6.53267e-06,6.60419e-06,6.6638e-06,6.6638e-06,6.74725e-06
35.3004,6.52075e-06,6.46114e-06,6.50883e-06,6.53267e-06,6.58035e-06,6.67572e-06,6.67572e-06,6.77109e-06
35.4004,6.52075e-06,6.47306e-06,6.47306e-06,6.50883e-06,6.58035e-06,6.6638e-06,6.68764e-06,6.77109e-06
35.5004,6.53267e-06,6.44922e-06,6.4373e-06,6.53267e-06,6.58035e-06,6.63996e-06,6.67572e-06,6.73532e-06
35.6004,6.48499e-06,6.47306e-06,6.44922e-06,6.54459e-06,6.59227e-06,6.62804e-06,6.69956e-06,6.7234e-06
35.7004,6.49691e-06,6.48499e-06,6.48499e-06,6.50883e-06,6.58035e-06,6.62804e-06,6.6638e-06,6.73532e-06
35.8004,6.48499e-06,6.47306e-06,6.47306e-06,6.50883e-06,6.56843e-06,6.61612e-06,6.7234e-06,6.7234e-06
35.9004,6.48499e-06,6.47306e-06,6.48499e-06,6.47306e-06,6.56843e-06,6.61612e-06,6.71148e-06,6.69956e-06
36.0004,6.52075e-06,6.47306e-06,6.4373e-06,6.48499e-06,6.52075e-06,6.63996e-06,6.68764e-06,6.73532e-06
36.1004,6.50883e-06,6.49691e-06,6.44922e-06,6.52075e-06,6.54459e-06,6.61612e-06,6.6638e-06,6.7234e-06
36.2004,6.53267e-06,6.48499e-06,6.46114e-06,6.52075e-06,6.55651e-06,6.63996e-06,6.67572e-06,6.73532e-06
36.3004,6.52075e-06,6.53267e-06,6.46114e-06,6.52075e-06,6.56843e-06,6.62804e-06,6.6638e-06,6.71148e-06
36.4004,6.50883e-06,6.49691e-06,6.44922e-06,6.52075e-06,6.56843e-06,6.63996e-06,6.6638e-06,6.71148e-06
36.5004,6.49691e-06,6.48499e-06,6.44922e-06,6.53267e-06,6.56843e-06,6.59227e-06,6.65188e-06,6.75917e-06
36.6004,6.53267e-06,6.47306e-06,6.47306e-06,6.53267e-06,6.55651e-06,6.60419e-06,6.62804e-06,6.7234e-06
36.7004,6.53267e-06,6.48499e-06,6.46114e-06,6.55651e-06,6.59227e-06,6.61612e-06,6.65188e-06,6.73532e-06
36.8004,6.50883e-06,6.4373e-06,6.48499e-06,6.53267e-06,6.56843e-06,6.60419e-06,6.65188e-06,6.69956e-06
36.9004,6.50883e-06,6.44922e-06,6.47306e-06,6.53267e-06,6.58035e-06,6.59227e-06,6.6638e-06,6.69956e-06
