Time,Current SMUb (A),Current SMUb (A),Current SMUb (A),Current SMUb (A),Current SMUb (A),Current SMUb (A),Current SMUb (A),Current SMUb (A)
0.0,5.29289e-06,5.36442e-06,5.32866e-06,5.32866e-06,5.34058e-06,5.3525e-06,5.36442e-06,5.42402e-06
0.100001,5.24521e-06,5.30481e-06,5.26905e-06,5.28097e-06,5.26905e-06,5.28097e-06,5.25713e-06,5.3525e-06
0.200002,5.26905e-06,5.31673e-06,5.24521e-06,5.28097e-06,5.23329e-06,5.29289e-06,5.26905e-06,5.38826e-06
0.300003,5.30481e-06,5.31673e-06,5.26905e-06,5.25713e-06,5.29289e-06,5.29289e-06,5.26905e-06,5.36442e-06
0.400004,5.28097e-06,5.30481e-06,5.28097e-06,5.29289e-06,5.26905e-06,5.32866e-06,5.29289e-06,5.36442e-06
0.500005,5.29289e-06,5.34058e-06,5.29289e-06,5.28097e-06,5.31673e-06,5.30481e-06,5.32866e-06,5.38826e-06
0.600006,5.25713e-06,5.36442e-06,5.29289e-06,5.30481e-06,5.30481e-06,5.30481e-06,5.34058e-06,5.37634e-06
0.700007,5.25713e-06,5.31673e-06,5.28097e-06,5.32866e-06,5.28097e-06,5.29289e-06,5.29289e-06,5.37634e-06
0.800008,5.25713e-06,5.30481e-06,5.28097e-06,5.29289e-06,5.30481e-06,5.30481e-06,5.31673e-06,5.37634e-06
0.900009,5.29289e-06,5.32866e-06,5.28097e-06,5.32866e-06,5.30481e-06,5.32866e-06,5.30481e-06,5.38826e-06
1.00001,5.26905e-06,5.32866e-06,5.29289e-06,5.28097e-06,5.31673e-06,5.31673e-06,5.30481e-06,5.43594e-06
1.10001,5.28097e-06,5.3525e-06,5.29289e-06,5.32866e-06,5.31673e-06,5.30481e-06,5.32866e-06,5.4121e-06
1.20001,5.29289e-06,5.36442e-06,5.29289e-06,5.31673e-06,5.30481e-06,5.3525e-06,5.29289e-06,5.42402e-06
1.30001,5.26905e-06,5.34058e-06,5.28097e-06,5.32866e-06,5.28097e-06,5.34058e-06,5.30481e-06,5.42402e-06
1.40001,5.29289e-06,5.34058e-06,5.28097e-06,5.34058e-06,5.30481e-06,5.3525e-06,5.30481e-06,5.42402e-06
1.50001,5.29289e-06,5.37634e-06,5.29289e-06,5.34058e-06,5.26905e-06,5.31673e-06,5.32866e-06,5.42402e-06
1.60002,5.25713e-06,5.3525e-06,5.30481e-06,5.34058e-06,5.29289e-06,5.32866e-06,5.30481e-06,5.40018e-06
1.70002,5.31673e-06,5.3525e-06,5.30481e-06,5.31673e-06,5.28097e-06,5.31673e-06,5.32866e-06,5.38826e-06
1.80002,5.28097e-06,5.37634e-06,5.32866e-06,5.30481e-06,5.28097e-06,5.3525e-06,5.3525e-06,5.38826e-06
1.90002,5.30481e-06,5.38826e-06,5.32866e-06,5.32866e-06,5.30481e-06,5.36442e-06,5.34058e-06,5.43594e-06
2.00002,5.30481e-06,5.40018e-06,5.37634e-06,5.30481e-06,5.28097e-06,5.31673e-06,5.3525e-06,5.43594e-06
2.10002,5.31673e-06,5.38826e-06,5.3525e-06,5.32866e-06,5.30481e-06,5.32866e-06,5.3525e-06,5.4121e-06
2.20002,5.3525e-06,5.40018e-06,5.30481e-06,5.3525e-06,5.30481e-06,5.32866e-06,5.3525e-06,5.38826e-06
2.30002,5.36442e-06,5.3525e-06,5.31673e-06,5.36442e-06,5.31673e-06,5.34058e-06,5.37634e-06,5.4121e-06
2.40002,5.3525e-06,5.36442e-06,5.34058e-06,5.32866e-06,5.32866e-06,5.3525e-06,5.38826e-06,5.44786e-06
2.50002,5.3525e-06,5.34058e-06,5.32866e-06,5.3525e-06,5.30481e-06,5.36442e-06,5.34058e-06,5.36442e-06
2.60003,5.34058e-06,5.3525e-06,5.3525e-06,5.32866e-06,5.28097e-06,5.40018e-06,5.36442e-06,5.38826e-06
2.70003,5.36442e-06,5.38826e-06,5.31673e-06,5.29289e-06,5.28097e-06,5.32866e-06,5.38826e-06,5.3525e-06
2.80003,5.32866e-06,5.40018e-06,5.34058e-06,5.34058e-06,5.29289e-06,5.37634e-06,5.37634e-06,5.38826e-06
2.90003,5.3525e-06,5.38826e-06,5.32866e-06,5.34058e-06,5.30481e-06,5.3525e-06,5.3525e-06,5.42402e-06
3.00003,5.32866e-06,5.38826e-06,5.34058e-06,5.3525e-06,5.30481e-06,5.3525e-06,5.37634e-06,5.42402e-06
3.10003,5.3525e-06,5.36442e-06,5.31673e-06,5.29289e-06,5.29289e-06,5.38826e-06,5.3525e-06,5.4121e-06
3.20003,5.29289e-06,5.38826e-06,5.30481e-06,5.31673e-06,5.31673e-06,5.37634e-06,5.34058e-06,5.38826e-06
3.30003,5.32866e-06,5.38826e-06,5.3525e-06,5.3525e-06,5.31673e-06,5.37634e-06,5.38826e-06,5.40018e-06
3.40003,5.34058e-06,5.3525e-06,5.32866e-06,5.32866e-06,5.31673e-06,5.38826e-06,5.37634e-06,5.40018e-06
3.50004,5.30481e-06,5.3525e-06,5.32866e-06,5.36442e-06,5.31673e-06,5.38826e-06,5.3525e-06,5.43594e-06
3.60004,5.31673e-06,5.37634e-06,5.30481e-06,5.36442e-06,5.32866e-06,5.37634e-06,5.38826e-06,5.42402e-06
3.70004,5.30481e-06,5.32866e-06,5.31673e-06,5.37634e-06,5.32866e-06,5.38826e-06,5.38826e-06,5.45979e-06
3.80004,5.31673e-06,5.36442e-06,5.31673e-06,5.37634e-06,5.32866e-06,5.36442e-06,5.37634e-06,5.44786e-06
3.90004,5.28097e-06,5.37634e-06,5.34058e-06,5.40018e-06,5.29289e-06,5.36442e-06,5.40018e-06,5.44786e-06
4.00004,5.30481e-06,5.37634e-06,5.30481e-06,5.42402e-06,5.24521e-06,5.36442e-06,5.40018e-06,5.44786e-06
4.10004,5.31673e-06,5.40018e-06,5.32866e-06,5.38826e-06,5.28097e-06,5.3525e-06,5.38826e-06,5.43594e-06
4.20004,5.30481e-06,5.36442e-06,5.31673e-06,5.3525e-06,5.29289e-06,5.37634e-06,5.4121e-06,5.44786e-06
4.30004,5.29289e-06,5.36442e-06,5.28097e-06,5.3525e-06,5.29289e-06,5.37634e-06,5.38826e-06,5.47171e-06
4.40004,5.31673e-06,5.37634e-06,5.30481e-06,5.34058e-06,5.29289e-06,5.32866e-06,5.37634e-06,5.45979e-06
4.50005,5.30481e-06,5.40018e-06,5.31673e-06,5.34058e-06,5.31673e-06,5.36442e-06,5.42402e-06,5.45979e-06
4.60005,5.32866e-06,5.3525e-06,5.36442e-06,5.36442e-06,5.31673e-06,5.36442e-06,5.40018e-06,5.44786e-06
4.70005,5.31673e-06,5.37634e-06,5.32866e-06,5.36442e-06,5.31673e-06,5.36442e-06,5.40018e-06,5.45979e-06
4.80005,5.34058e-06,5.37634e-06,5.34058e-06,5.40018e-06,5.31673e-06,5.36442e-06,5.4121e-06,5.45979e-06
4.90005,5.34058e-06,5.36442e-06,5.34058e-06,5.38826e-06,5.3525e-06,5.37634e-06,5.36442e-06,5.45979e-06
5.00005,5.34058e-06,5.34058e-06,5.34058e-06,5.37634e-06,5.32866e-06,5.38826e-06,5.37634e-06,5.45979e-06
5.10005,5.32866e-06,5.32866e-06,5.31673e-06,5.3525e-06,5.32866e-06,5.37634e-06,5.38826e-06,5.45979e-06
5.20005,5.34058e-06,5.37634e-06,5.32866e-06,5.37634e-06,5.32866e-06,5.38826e-06,5.38826e-06,5.44786e-06
5.30005,5.32866e-06,5.38826e-06,5.29289e-06,5.3525e-06,5.32866e-06,5.37634e-06,5.3525e-06,5.43594e-06
5.40005,5.32866e-06,5.36442e-06,5.32866e-06,5.3525e-06,5.34058e-06,5.32866e-06,5.36442e-06,5.43594e-06
5.50005,5.29289e-06,5.38826e-06,5.28097e-06,5.34058e-06,5.30481e-06,5.36442e-06,5.34058e-06,5.40018e-06
5.60006,5.31673e-06,5.36442e-06,5.31673e-06,5.32866e-06,5.32866e-06,5.38826e-06,5.3525e-06,5.4121e-06
5.70006,5.31673e-06,5.34058e-06,5.34058e-06,5.32866e-06,5.3525e-06,5.37634e-06,5.38826e-06,5.40018e-06
5.80006,5.32866e-06,5.34058e-06,5.34058e-06,5.34058e-06,5.36442e-06,5.38826e-06,5.3525e-06,5.44786e-06
5.90006,5.32866e-06,5.36442e-06,5.31673e-06,5.37634e-06,5.32866e-06,5.40018e-06,5.3525e-06,5.42402e-06
6.00006,5.32866e-06,5.36442e-06,5.34058e-06,5.36442e-06,5.34058e-06,5.38826e-06,5.37634e-06,5.43594e-06
6.10006,5.30481e-06,5.36442e-06,5.34058e-06,5.36442e-06,5.36442e-06,5.38826e-06,5.3525e-06,5.44786e-06
6.20006,5.32866e-06,5.40018e-06,5.29289e-06,5.37634e-06,5.3525e-06,5.37634e-06,5.36442e-06,5.44786e-06
6.30006,5.34058e-06,5.3525e-06,5.31673e-06,5.37634e-06,5.32866e-06,5.43594e-06,5.34058e-06,5.47171e-06
6.40006,5.3525e-06,5.3525e-06,5.32866e-06,5.4121e-06,5.30481e-06,5.40018e-06,5.32866e-06,5.45979e-06
6.50006,5.3525e-06,5.3525e-06,5.31673e-06,5.42402e-06,5.30481e-06,5.37634e-06,5.3525e-06,5.44786e-06
6.60007,5.34058e-06,5.37634e-06,5.30481e-06,5.38826e-06,5.31673e-06,5.40018e-06,5.36442e-06,5.43594e-06
6.70007,5.31673e-06,5.40018e-06,5.31673e-06,5.36442e-06,5.31673e-06,5.37634e-06,5.37634e-06,5.43594e-06
6.80007,5.32866e-06,5.38826e-06,5.26905e-06,5.34058e-06,5.31673e-06,5.3525e-06,5.37634e-06,5.42402e-06
6.90007,5.30481e-06,5.40018e-06,5.30481e-06,5.3525e-06,5.3525e-06,5.34058e-06,5.37634e-06,5.42402e-06
7.00007,5.31673e-06,5.40018e-06,5.28097e-06,5.36442e-06,5.31673e-06,5.32866e-06,5.3525e-06,5.44786e-06
7.10007,5.3525e-06,5.34058e-06,5.30481e-06,5.37634e-06,5.30481e-06,5.34058e-06,5.36442e-06,5.43594e-06
7.20007,5.3525e-06,5.40018e-06,5.30481e-06,5.3525e-06,5.30481e-06,5.32866e-06,5.37634e-06,5.44786e-06
7.30007,5.31673e-06,5.38826e-06,5.29289e-06,5.34058e-06,5.29289e-06,5.36442e-06,5.32866e-06,5.45979e-06
7.40007,5.29289e-06,5.4121e-06,5.29289e-06,5.32866e-06,5.26905e-06,5.3525e-06,5.32866e-06,5.42402e-06
7.50007,5.31673e-06,5.40018e-06,5.29289e-06,5.31673e-06,5.29289e-06,5.36442e-06,5.32866e-06,5.42402e-06
7.60008,5.31673e-06,5.42402e-06,5.28097e-06,5.34058e-06,5.30481e-06,5.37634e-06,5.32866e-06,5.4121e-06
7.70008,5.31673e-06,5.37634e-06,5.29289e-06,5.31673e-06,5.29289e-06,5.37634e-06,5.34058e-06,5.4121e-06
7.80008,5.32866e-06,5.38826e-06,5.29289e-06,5.31673e-06,5.31673e-06,5.37634e-06,5.31673e-06,5.43594e-06
7.90008,5.31673e-06,5.38826e-06,5.32866e-06,5.36442e-06,5.31673e-06,5.34058e-06,5.31673e-06,5.43594e-06
8.00008,5.34058e-06,5.36442e-06,5.28097e-06,5.38826e-06,5.36442e-06,5.37634e-06,5.29289e-06,5.42402e-06
8.10008,5.31673e-06,5.34058e-06,5.30481e-06,5.37634e-06,5.32866e-06,5.36442e-06,5.32866e-06,5.44786e-06
8.20008,5.34058e-06,5.32866e-06,5.30481e-06,5.38826e-06,5.32866e-06,5.36442e-06,5.31673e-06,5.43594e-06
8.30008,5.31673e-06,5.36442e-06,5.31673e-06,5.40018e-06,5.31673e-06,5.32866e-06,5.31673e-06,5.44786e-06
8.40008,5.3525e-06,5.3525e-06,5.32866e-06,5.37634e-06,5.3525e-06,5.34058e-06,5.29289e-06,5.40018e-06
8.50009,5.32866e-06,5.36442e-06,5.32866e-06,5.38826e-06,5.3525e-06,5.32866e-06,5.32866e-06,5.44786e-06
8.60009,5.3525e-06,5.37634e-06,5.34058e-06,5.40018e-06,5.37634e-06,5.34058e-06,5.32866e-06,5.40018e-06
8.70009,5.36442e-06,5.3525e-06,5.34058e-06,5.38826e-06,5.36442e-06,5.34058e-06,5.32866e-06,5.4121e-06
8.80009,5.32866e-06,5.3525e-06,5.3525e-06,5.40018e-06,5.34058e-06,5.32866e-06,5.32866e-06,5.38826e-06
8.90009,5.3525e-06,5.3525e-06,5.3525e-06,5.37634e-06,5.31673e-06,5.3525e-06,5.36442e-06,5.4121e-06
9.00009,5.32866e-06,5.32866e-06,5.34058e-06,5.38826e-06,5.32866e-06,5.34058e-06,5.37634e-06,5.4121e-06
9.10009,5.32866e-06,5.36442e-06,5.32866e-06,5.38826e-06,5.34058e-06,5.3525e-06,5.38826e-06,5.44786e-06
9.20009,5.3525e-06,5.34058e-06,5.34058e-06,5.36442e-06,5.32866e-06,5.37634e-06,5.36442e-06,5.43594e-06
9.30009,5.36442e-06,5.34058e-06,5.34058e-06,5.3525e-06,5.34058e-06,5.34058e-06,5.3525e-06,5.45979e-06
9.40009,5.34058e-06,5.34058e-06,5.3525e-06,5.3525e-06,5.32866e-06,5.3525e-06,5.3525e-06,5.4121e-06
9.50009,5.3525e-06,5.34058e-06,5.34058e-06,5.36442e-06,5.32866e-06,5.37634e-06,5.34058e-06,5.4121e-06
9.6001,5.36442e-06,5.37634e-06,5.31673e-06,5.36442e-06,5.34058e-06,5.38826e-06,5.36442e-06,5.40018e-06
9.7001,5.37634e-06,5.38826e-06,5.37634e-06,5.38826e-06,5.32866e-06,5.37634e-06,5.3525e-06,5.4121e-06
9.8001,5.3525e-06,5.3525e-06,5.32866e-06,5.3525e-06,5.36442e-06,5.37634e-06,5.36442e-06,5.38826e-06
9.9001,5.36442e-06,5.36442e-06,5.3525e-06,5.36442e-06,5.3525e-06,5.37634e-06,5.34058e-06,5.4121e-06
10.0001,5.3525e-06,5.3525e-06,5.32866e-06,5.37634e-06,5.3525e-06,5.40018e-06,5.34058e-06,5.40018e-06
10.1001,5.38826e-06,5.4121e-06,5.3525e-06,5.34058e-06,5.37634e-06,5.37634e-06,5.34058e-06,5.36442e-06
10.2001,5.36442e-06,5.40018e-06,5.31673e-06,5.37634e-06,5.30481e-06,5.38826e-06,5.3525e-06,5.37634e-06
10.3001,5.36442e-06,5.38826e-06,5.31673e-06,5.36442e-06,5.29289e-06,5.37634e-06,5.40018e-06,5.38826e-06
10.4001,5.38826e-06,5.38826e-06,5.34058e-06,5.34058e-06,5.3525e-06,5.38826e-06,5.38826e-06,5.38826e-06
10.5001,5.36442e-06,5.36442e-06,5.34058e-06,5.34058e-06,5.37634e-06,5.38826e-06,5.4121e-06,5.3525e-06
10.6001,5.38826e-06,5.36442e-06,5.32866e-06,5.3525e-06,5.32866e-06,5.36442e-06,5.3525e-06,5.36442e-06
10.7001,5.38826e-06,5.4121e-06,5.34058e-06,5.37634e-06,5.3525e-06,5.40018e-06,5.34058e-06,5.4121e-06
10.8001,5.37634e-06,5.37634e-06,5.31673e-06,5.40018e-06,5.37634e-06,5.3525e-06,5.34058e-06,5.40018e-06
10.9001,5.37634e-06,5.40018e-06,5.29289e-06,5.38826e-06,5.37634e-06,5.37634e-06,5.36442e-06,5.40018e-06
11.0001,5.36442e-06,5.40018e-06,5.31673e-06,5.37634e-06,5.40018e-06,5.3525e-06,5.3525e-06,5.36442e-06
11.1001,5.37634e-06,5.38826e-06,5.30481e-06,5.37634e-06,5.37634e-06,5.38826e-06,5.3525e-06,5.38826e-06
11.2001,5.34058e-06,5.37634e-06,5.31673e-06,5.3525e-06,5.36442e-06,5.36442e-06,5.36442e-06,5.32866e-06
11.3001,5.34058e-06,5.40018e-06,5.31673e-06,5.34058e-06,5.3525e-06,5.32866e-06,5.34058e-06,5.37634e-06
11.4001,5.36442e-06,5.3525e-06,5.30481e-06,5.34058e-06,5.37634e-06,5.3525e-06,5.31673e-06,5.3525e-06
11.5001,5.31673e-06,5.37634e-06,5.29289e-06,5.34058e-06,5.36442e-06,5.38826e-06,5.34058e-06,5.36442e-06
11.6001,5.36442e-06,5.38826e-06,5.29289e-06,5.32866e-06,5.36442e-06,5.40018e-06,5.36442e-06,5.31673e-06
11.7001,5.3525e-06,5.36442e-06,5.28097e-06,5.31673e-06,5.32866e-06,5.37634e-06,5.37634e-06,5.3525e-06
11.8001,5.32866e-06,5.32866e-06,5.26905e-06,5.3525e-06,5.34058e-06,5.38826e-06,5.38826e-06,5.36442e-06
11.9001,5.32866e-06,5.32866e-06,5.30481e-06,5.32866e-06,5.32866e-06,5.38826e-06,5.37634e-06,5.3525e-06
12.0001,5.29289e-06,5.3525e-06,5.32866e-06,5.37634e-06,5.34058e-06,5.36442e-06,5.40018e-06,5.32866e-06
12.1001,5.31673e-06,5.31673e-06,5.34058e-06,5.34058e-06,5.38826e-06,5.32866e-06,5.40018e-06,5.34058e-06
12.2001,5.31673e-06,5.32866e-06,5.32866e-06,5.37634e-06,5.36442e-06,5.4121e-06,5.40018e-06,5.37634e-06
12.3001,5.32866e-06,5.32866e-06,5.31673e-06,5.31673e-06,5.3525e-06,5.3525e-06,5.37634e-06,5.3525e-06
12.4001,5.37634e-06,5.36442e-06,5.32866e-06,5.3525e-06,5.36442e-06,5.3525e-06,5.36442e-06,5.3525e-06
12.5001,5.36442e-06,5.34058e-06,5.31673e-06,5.36442e-06,5.36442e-06,5.34058e-06,5.36442e-06,5.31673e-06
12.6001,5.3525e-06,5.36442e-06,5.32866e-06,5.37634e-06,5.37634e-06,5.31673e-06,5.37634e-06,5.3525e-06
12.7001,5.34058e-06,5.34058e-06,5.31673e-06,5.38826e-06,5.34058e-06,5.34058e-06,5.37634e-06,5.34058e-06
12.8001,5.34058e-06,5.30481e-06,5.31673e-06,5.37634e-06,5.34058e-06,5.32866e-06,5.36442e-06,5.32866e-06
12.9001,5.31673e-06,5.34058e-06,5.30481e-06,5.3525e-06,5.34058e-06,5.36442e-06,5.34058e-06,5.34058e-06
13.0001,5.36442e-06,5.3525e-06,5.29289e-06,5.36442e-06,5.36442e-06,5.37634e-06,5.3525e-06,5.3525e-06
13.1001,5.34058e-06,5.3525e-06,5.3525e-06,5.37634e-06,5.3525e-06,5.38826e-06,5.3525e-06,5.34058e-06
13.2001,5.34058e-06,5.34058e-06,5.3525e-06,5.34058e-06,5.3525e-06,5.38826e-06,5.34058e-06,5.37634e-06
13.3001,5.34058e-06,5.37634e-06,5.32866e-06,5.32866e-06,5.37634e-06,5.3525e-06,5.36442e-06,5.36442e-06
13.4001,5.3525e-06,5.3525e-06,5.34058e-06,5.3525e-06,5.38826e-06,5.38826e-06,5.36442e-06,5.37634e-06
13.5001,5.30481e-06,5.3525e-06,5.34058e-06,5.32866e-06,5.34058e-06,5.36442e-06,5.36442e-06,5.38826e-06
13.6001,5.28097e-06,5.34058e-06,5.31673e-06,5.32866e-06,5.36442e-06,5.40018e-06,5.36442e-06,5.36442e-06
13.7001,5.30481e-06,5.37634e-06,5.3525e-06,5.32866e-06,5.38826e-06,5.40018e-06,5.36442e-06,5.37634e-06
13.8001,5.30481e-06,5.36442e-06,5.34058e-06,5.3525e-06,5.3525e-06,5.40018e-06,5.37634e-06,5.40018e-06
13.9001,5.29289e-06,5.36442e-06,5.34058e-06,5.3525e-06,5.3525e-06,5.42402e-06,5.37634e-06,5.37634e-06
14.0001,5.34058e-06,5.34058e-06,5.37634e-06,5.36442e-06,5.40018e-06,5.40018e-06,5.38826e-06,5.37634e-06
14.1001,5.31673e-06,5.34058e-06,5.3525e-06,5.34058e-06,5.37634e-06,5.38826e-06,5.3525e-06,5.40018e-06
14.2001,5.31673e-06,5.37634e-06,5.31673e-06,5.37634e-06,5.38826e-06,5.42402e-06,5.34058e-06,5.4121e-06
14.3001,5.3525e-06,5.37634e-06,5.37634e-06,5.34058e-06,5.34058e-06,5.43594e-06,5.34058e-06,5.38826e-06
14.4001,5.32866e-06,5.37634e-06,5.37634e-06,5.36442e-06,5.37634e-06,5.43594e-06,5.34058e-06,5.37634e-06
14.5001,5.34058e-06,5.38826e-06,5.38826e-06,5.34058e-06,5.32866e-06,5.37634e-06,5.34058e-06,5.38826e-06
14.6001,5.34058e-06,5.38826e-06,5.3525e-06,5.3525e-06,5.3525e-06,5.37634e-06,5.32866e-06,5.4121e-06
14.7001,5.3525e-06,5.37634e-06,5.36442e-06,5.32866e-06,5.36442e-06,5.37634e-06,5.3525e-06,5.38826e-06
14.8001,5.36442e-06,5.36442e-06,5.34058e-06,5.31673e-06,5.36442e-06,5.3525e-06,5.40018e-06,5.37634e-06
14.9001,5.3525e-06,5.36442e-06,5.34058e-06,5.34058e-06,5.38826e-06,5.34058e-06,5.38826e-06,5.40018e-06
15.0001,5.34058e-06,5.36442e-06,5.40018e-06,5.34058e-06,5.37634e-06,5.36442e-06,5.37634e-06,5.4121e-06
15.1002,5.34058e-06,5.37634e-06,5.37634e-06,5.36442e-06,5.38826e-06,5.34058e-06,5.36442e-06,5.42402e-06
15.2002,5.31673e-06,5.38826e-06,5.36442e-06,5.34058e-06,5.3525e-06,5.32866e-06,5.36442e-06,5.4121e-06
15.3002,5.34058e-06,5.38826e-06,5.37634e-06,5.38826e-06,5.34058e-06,5.34058e-06,5.31673e-06,5.45979e-06
15.4002,5.32866e-06,5.36442e-06,5.37634e-06,5.34058e-06,5.34058e-06,5.36442e-06,5.31673e-06,5.4121e-06
15.5002,5.3525e-06,5.34058e-06,5.37634e-06,5.36442e-06,5.32866e-06,5.3525e-06,5.30481e-06,5.40018e-06
15.6002,5.38826e-06,5.36442e-06,5.3525e-06,5.37634e-06,5.3525e-06,5.38826e-06,5.31673e-06,5.37634e-06
15.7002,5.3525e-06,5.31673e-06,5.38826e-06,5.38826e-06,5.3525e-06,5.37634e-06,5.3525e-06,5.36442e-06
15.8002,5.37634e-06,5.34058e-06,5.38826e-06,5.34058e-06,5.32866e-06,5.32866e-06,5.32866e-06,5.42402e-06
15.9002,5.36442e-06,5.32866e-06,5.38826e-06,5.37634e-06,5.37634e-06,5.36442e-06,5.32866e-06,5.40018e-06
16.0002,5.3525e-06,5.28097e-06,5.51939e-06,5.66244e-06,5.79357e-06,6.00815e-06,6.18696e-06,6.29425e-06
16.1002,5.31673e-06,5.61476e-06,6.04391e-06,6.38962e-06,6.85453e-06,7.25985e-06,7.72476e-06,8.15392e-06
16.2002,5.36442e-06,5.66244e-06,6.07967e-06,6.52075e-06,7.02143e-06,7.47442e-06,7.98702e-06,8.45194e-06
16.3002,5.42402e-06,5.68628e-06,6.10352e-06,6.56843e-06,7.09295e-06,7.56979e-06,8.08239e-06,8.55923e-06
16.4002,5.42402e-06,5.71013e-06,6.12736e-06,6.59227e-06,7.09295e-06,7.59363e-06,8.13007e-06,8.63075e-06
16.5002,5.38826e-06,5.68628e-06,6.1512e-06,6.60419e-06,7.12872e-06,7.62939e-06,8.18968e-06,8.66652e-06
16.6002,5.42402e-06,5.68628e-06,6.13928e-06,6.56843e-06,7.12872e-06,7.64132e-06,8.21352e-06,8.67844e-06
16.7002,5.38826e-06,5.71013e-06,6.11544e-06,6.61612e-06,7.15256e-06,7.66516e-06,8.24928e-06,8.70228e-06
16.8002,5.38826e-06,5.6982e-06,6.11544e-06,6.61612e-06,7.15256e-06,7.67708e-06,8.28505e-06,8.73804e-06
16.9002,5.32866e-06,5.74589e-06,6.12736e-06,6.62804e-06,7.1764e-06,7.689e-06,8.2612e-06,8.73804e-06
17.0002,5.3525e-06,5.60284e-06,5.85318e-06,6.17504e-06,6.58035e-06,7.02143e-06,7.54595e-06,8.04663e-06
17.1002,5.36442e-06,5.37634e-06,5.40018e-06,5.50747e-06,5.62668e-06,5.73397e-06,5.94854e-06,6.17504e-06
17.2002,5.31673e-06,5.30481e-06,5.36442e-06,5.38826e-06,5.45979e-06,5.54323e-06,5.68628e-06,5.82933e-06
17.3002,5.31673e-06,5.28097e-06,5.3525e-06,5.3525e-06,5.42402e-06,5.47171e-06,5.61476e-06,5.72205e-06
17.4002,5.29289e-06,5.31673e-06,5.31673e-06,5.3525e-06,5.38826e-06,5.42402e-06,5.59092e-06,5.65052e-06
17.5002,5.28097e-06,5.29289e-06,5.34058e-06,5.36442e-06,5.36442e-06,5.43594e-06,5.50747e-06,5.62668e-06
17.6002,5.28097e-06,5.31673e-06,5.32866e-06,5.3525e-06,5.36442e-06,5.4121e-06,5.49555e-06,5.61476e-06
17.7002,5.31673e-06,5.29289e-06,5.31673e-06,5.36442e-06,5.34058e-06,5.38826e-06,5.45979e-06,5.60284e-06
17.8002,5.29289e-06,5.26905e-06,5.28097e-06,5.37634e-06,5.36442e-06,5.38826e-06,5.45979e-06,5.56707e-06
17.9002,5.31673e-06,5.26905e-06,5.29289e-06,5.3525e-06,5.34058e-06,5.37634e-06,5.44786e-06,5.57899e-06
18.0002,5.28097e-06,5.26905e-06,5.31673e-06,5.37634e-06,5.32866e-06,5.3525e-06,5.44786e-06,5.60284e-06
18.1002,5.31673e-06,5.28097e-06,5.32866e-06,5.34058e-06,5.31673e-06,5.36442e-06,5.47171e-06,5.57899e-06
18.2002,5.29289e-06,5.29289e-06,5.34058e-06,5.3525e-06,5.34058e-06,5.38826e-06,5.45979e-06,5.56707e-06
18.3002,5.29289e-06,5.26905e-06,5.37634e-06,5.32866e-06,5.30481e-06,5.37634e-06,5.47171e-06,5.55515e-06
18.4002,5.26905e-06,5.25713e-06,5.36442e-06,5.32866e-06,5.32866e-06,5.3525e-06,5.47171e-06,5.56707e-06
18.5002,5.26905e-06,5.26905e-06,5.32866e-06,5.32866e-06,5.32866e-06,5.3525e-06,5.45979e-06,5.56707e-06
18.6002,5.28097e-06,5.31673e-06,5.3525e-06,5.36442e-06,5.3525e-06,5.34058e-06,5.42402e-06,5.56707e-06
18.7002,5.30481e-06,5.34058e-06,5.3525e-06,5.34058e-06,5.38826e-06,5.36442e-06,5.40018e-06,5.56707e-06
18.8002,5.30481e-06,5.34058e-06,5.31673e-06,5.40018e-06,5.37634e-06,5.37634e-06,5.36442e-06,5.56707e-06
18.9002,5.31673e-06,5.29289e-06,5.31673e-06,5.34058e-06,5.37634e-06,5.38826e-06,5.38826e-06,5.56707e-06
19.0002,5.32866e-06,5.29289e-06,5.3525e-06,5.34058e-06,5.3525e-06,5.38826e-06,5.37634e-06,5.57899e-06
19.1002,5.34058e-06,5.30481e-06,5.31673e-06,5.34058e-06,5.37634e-06,5.37634e-06,5.42402e-06,5.59092e-06
19.2002,5.36442e-06,5.31673e-06,5.32866e-06,5.34058e-06,5.38826e-06,5.4121e-06,5.38826e-06,5.57899e-06
19.3002,5.34058e-06,5.3525e-06,5.3525e-06,5.34058e-06,5.37634e-06,5.36442e-06,5.42402e-06,5.60284e-06
19.4002,5.32866e-06,5.37634e-06,5.34058e-06,5.34058e-06,5.38826e-06,5.4121e-06,5.38826e-06,5.57899e-06
19.5002,5.3525e-06,5.3525e-06,5.37634e-06,5.32866e-06,5.37634e-06,5.38826e-06,5.4121e-06,5.55515e-06
19.6002,5.3525e-06,5.34058e-06,5.36442e-06,5.31673e-06,5.3525e-06,5.36442e-06,5.43594e-06,5.56707e-06
19.7002,5.34058e-06,5.3525e-06,5.34058e-06,5.3525e-06,5.32866e-06,5.38826e-06,5.42402e-06,5.56707e-06
19.8002,5.32866e-06,5.3525e-06,5.37634e-06,5.3525e-06,5.36442e-06,5.4121e-06,5.43594e-06,5.54323e-06
19.9002,5.36442e-06,5.37634e-06,5.37634e-06,5.36442e-06,5.37634e-06,5.40018e-06,5.44786e-06,5.56707e-06
20.0002,5.37634e-06,5.3525e-06,5.38826e-06,5.3525e-06,5.3525e-06,5.37634e-06,5.43594e-06,5.57899e-06
20.1002,5.34058e-06,5.36442e-06,5.3525e-06,5.30481e-06,5.36442e-06,5.38826e-06,5.43594e-06,5.55515e-06
20.2002,5.3525e-06,5.34058e-06,5.37634e-06,5.3525e-06,5.3525e-06,5.36442e-06,5.4121e-06,5.56707e-06
20.3002,5.36442e-06,5.36442e-06,5.36442e-06,5.37634e-06,5.3525e-06,5.3525e-06,5.42402e-06,5.55515e-06
20.4002,5.34058e-06,5.36442e-06,5.36442e-06,5.32866e-06,5.37634e-06,5.4121e-06,5.44786e-06,5.54323e-06
20.5002,5.3525e-06,5.36442e-06,5.36442e-06,5.3525e-06,5.36442e-06,5.38826e-06,5.45979e-06,5.55515e-06
20.6002,5.34058e-06,5.37634e-06,5.34058e-06,5.36442e-06,5.36442e-06,5.37634e-06,5.44786e-06,5.56707e-06
20.7002,5.32866e-06,5.4121e-06,5.37634e-06,5.32866e-06,5.3525e-06,5.3525e-06,5.43594e-06,5.55515e-06
20.8002,5.31673e-06,5.40018e-06,5.32866e-06,5.34058e-06,5.36442e-06,5.38826e-06,5.42402e-06,5.55515e-06
20.9002,5.36442e-06,5.37634e-06,5.31673e-06,5.32866e-06,5.36442e-06,5.37634e-06,5.43594e-06,5.61476e-06
21.0002,5.32866e-06,5.4121e-06,5.34058e-06,5.32866e-06,5.34058e-06,5.38826e-06,5.45979e-06,5.56707e-06
21.1002,5.32866e-06,5.40018e-06,5.32866e-06,5.3525e-06,5.3525e-06,5.38826e-06,5.45979e-06,5.60284e-06
21.2002,5.36442e-06,5.37634e-06,5.31673e-06,5.3525e-06,5.34058e-06,5.37634e-06,5.44786e-06,5.60284e-06
21.3002,5.30481e-06,5.36442e-06,5.32866e-06,5.37634e-06,5.36442e-06,5.40018e-06,5.44786e-06,5.55515e-06
21.4002,5.31673e-06,5.36442e-06,5.34058e-06,5.37634e-06,5.32866e-06,5.37634e-06,5.42402e-06,5.54323e-06
21.5002,5.31673e-06,5.40018e-06,5.3525e-06,5.38826e-06,5.38826e-06,5.36442e-06,5.43594e-06,5.51939e-06
21.6002,5.30481e-06,5.40018e-06,5.36442e-06,5.37634e-06,5.38826e-06,5.38826e-06,5.4121e-06,5.55515e-06
21.7002,5.34058e-06,5.43594e-06,5.30481e-06,5.3525e-06,5.36442e-06,5.37634e-06,5.43594e-06,5.54323e-06
21.8002,5.34058e-06,5.38826e-06,5.31673e-06,5.3525e-06,5.3525e-06,5.37634e-06,5.43594e-06,5.55515e-06
21.9002,5.31673e-06,5.38826e-06,5.32866e-06,5.30481e-06,5.37634e-06,5.40018e-06,5.43594e-06,5.56707e-06
22.0002,5.34058e-06,5.4121e-06,5.31673e-06,5.32866e-06,5.3525e-06,5.36442e-06,5.45979e-06,5.59092e-06
22.1002,5.34058e-06,5.43594e-06,5.32866e-06,5.37634e-06,5.36442e-06,5.36442e-06,5.48363e-06,5.59092e-06
22.2002,5.36442e-06,5.42402e-06,5.32866e-06,5.36442e-06,5.37634e-06,5.36442e-06,5.50747e-06,5.56707e-06
22.3002,5.3525e-06,5.38826e-06,5.32866e-06,5.37634e-06,5.36442e-06,5.37634e-06,5.49555e-06,5.54323e-06
22.4002,5.31673e-06,5.4121e-06,5.36442e-06,5.30481e-06,5.3525e-06,5.38826e-06,5.48363e-06,5.54323e-06
22.5002,5.3525e-06,5.4121e-06,5.34058e-06,5.31673e-06,5.38826e-06,5.36442e-06,5.47171e-06,5.51939e-06
22.6002,5.3525e-06,5.37634e-06,5.3525e-06,5.36442e-06,5.38826e-06,5.4121e-06,5.48363e-06,5.53131e-06
22.7002,5.3525e-06,5.36442e-06,5.32866e-06,5.32866e-06,5.38826e-06,5.4121e-06,5.51939e-06,5.53131e-06
22.8002,5.36442e-06,5.37634e-06,5.32866e-06,5.32866e-06,5.3525e-06,5.38826e-06,5.49555e-06,5.51939e-06
22.9002,5.32866e-06,5.3525e-06,5.3525e-06,5.3525e-06,5.40018e-06,5.4121e-06,5.48363e-06,5.53131e-06
23.0002,5.30481e-06,5.38826e-06,5.37634e-06,5.31673e-06,5.38826e-06,5.37634e-06,5.50747e-06,5.51939e-06
23.1002,5.31673e-06,5.37634e-06,5.36442e-06,5.31673e-06,5.38826e-06,5.38826e-06,5.50747e-06,5.54323e-06
23.2002,5.32866e-06,5.36442e-06,5.36442e-06,5.32866e-06,5.40018e-06,5.36442e-06,5.49555e-06,5.51939e-06
23.3002,5.37634e-06,5.37634e-06,5.36442e-06,5.34058e-06,5.40018e-06,5.34058e-06,5.47171e-06,5.55515e-06
23.4002,5.36442e-06,5.40018e-06,5.32866e-06,5.37634e-06,5.38826e-06,5.37634e-06,5.42402e-06,5.56707e-06
23.5002,5.3525e-06,5.38826e-06,5.31673e-06,5.36442e-06,5.38826e-06,5.38826e-06,5.44786e-06,5.59092e-06
23.6002,5.36442e-06,5.3525e-06,5.34058e-06,5.38826e-06,5.3525e-06,5.36442e-06,5.42402e-06,5.60284e-06
23.7002,5.3525e-06,5.37634e-06,5.3525e-06,5.37634e-06,5.37634e-06,5.37634e-06,5.44786e-06,5.56707e-06
23.8002,5.3525e-06,5.40018e-06,5.37634e-06,5.34058e-06,5.3525e-06,5.37634e-06,5.44786e-06,5.59092e-06
23.9002,5.31673e-06,5.38826e-06,5.32866e-06,5.36442e-06,5.34058e-06,5.37634e-06,5.42402e-06,5.57899e-06
24.0002,5.34058e-06,5.38826e-06,5.3525e-06,5.40018e-06,5.34058e-06,5.36442e-06,5.4121e-06,5.53131e-06
24.1002,5.28097e-06,5.40018e-06,5.32866e-06,5.32866e-06,5.32866e-06,5.38826e-06,5.40018e-06,5.56707e-06
24.2002,5.31673e-06,5.37634e-06,5.36442e-06,5.34058e-06,5.30481e-06,5.38826e-06,5.4121e-06,5.55515e-06
24.3002,5.30481e-06,5.4121e-06,5.3525e-06,5.36442e-06,5.34058e-06,5.38826e-06,5.4121e-06,5.55515e-06
24.4002,5.34058e-06,5.38826e-06,5.3525e-06,5.32866e-06,5.32866e-06,5.42402e-06,5.43594e-06,5.53131e-06
24.5002,5.32866e-06,5.42402e-06,5.34058e-06,5.38826e-06,5.30481e-06,5.36442e-06,5.43594e-06,5.56707e-06
24.6002,5.34058e-06,5.4121e-06,5.32866e-06,5.37634e-06,5.30481e-06,5.37634e-06,5.43594e-06,5.55515e-06
24.7002,5.30481e-06,5.42402e-06,5.36442e-06,5.36442e-06,5.34058e-06,5.38826e-06,5.45979e-06,5.57899e-06
24.8002,5.3525e-06,5.38826e-06,5.37634e-06,5.37634e-06,5.32866e-06,5.38826e-06,5.43594e-06,5.56707e-06
24.9002,5.38826e-06,5.40018e-06,5.34058e-06,5.34058e-06,5.34058e-06,5.38826e-06,5.45979e-06,5.57899e-06
25.0002,5.37634e-06,5.42402e-06,5.3525e-06,5.3525e-06,5.29289e-06,5.34058e-06,5.43594e-06,5.59092e-06
25.1003,5.32866e-06,5.4121e-06,5.36442e-06,5.38826e-06,5.26905e-06,5.37634e-06,5.44786e-06,5.57899e-06
25.2003,5.38826e-06,5.42402e-06,5.31673e-06,5.36442e-06,5.30481e-06,5.37634e-06,5.45979e-06,5.56707e-06
25.3003,5.3525e-06,5.38826e-06,5.3525e-06,5.3525e-06,5.32866e-06,5.37634e-06,5.47171e-06,5.60284e-06
25.4003,5.3525e-06,5.37634e-06,5.36442e-06,5.3525e-06,5.31673e-06,5.38826e-06,5.47171e-06,5.60284e-06
25.5003,5.36442e-06,5.40018e-06,5.38826e-06,5.32866e-06,5.34058e-06,5.37634e-06,5.48363e-06,5.59092e-06
25.6003,5.34058e-06,5.42402e-06,5.37634e-06,5.3525e-06,5.32866e-06,5.34058e-06,5.48363e-06,5.59092e-06
25.7003,5.31673e-06,5.42402e-06,5.37634e-06,5.38826e-06,5.30481e-06,5.40018e-06,5.45979e-06,5.59092e-06
25.8003,5.3525e-06,5.4121e-06,5.3525e-06,5.36442e-06,5.32866e-06,5.4121e-06,5.48363e-06,5.56707e-06
25.9003,5.3525e-06,5.43594e-06,5.36442e-06,5.34058e-06,5.37634e-06,5.40018e-06,5.47171e-06,5.59092e-06
26.0003,5.3525e-06,5.43594e-06,5.34058e-06,5.32866e-06,5.37634e-06,5.37634e-06,5.48363e-06,5.57899e-06
26.1003,5.28097e-06,5.44786e-06,5.36442e-06,5.3525e-06,5.37634e-06,5.40018e-06,5.49555e-06,5.57899e-06
26.2003,5.31673e-06,5.42402e-06,5.36442e-06,5.3525e-06,5.38826e-06,5.4121e-06,5.50747e-06,5.60284e-06
26.3003,5.30481e-06,5.44786e-06,5.3525e-06,5.32866e-06,5.37634e-06,5.40018e-06,5.48363e-06,5.60284e-06
26.4003,5.31673e-06,5.42402e-06,5.37634e-06,5.34058e-06,5.36442e-06,5.38826e-06,5.48363e-06,5.59092e-06
26.5003,5.30481e-06,5.42402e-06,5.3525e-06,5.3525e-06,5.3525e-06,5.38826e-06,5.48363e-06,5.60284e-06
26.6003,5.31673e-06,5.40018e-06,5.3525e-06,5.32866e-06,5.36442e-06,5.4121e-06,5.45979e-06,5.57899e-06
26.7003,5.31673e-06,5.42402e-06,5.40018e-06,5.3525e-06,5.36442e-06,5.4121e-06,5.47171e-06,5.60284e-06
26.8003,5.31673e-06,5.4121e-06,5.42402e-06,5.36442e-06,5.36442e-06,5.40018e-06,5.49555e-06,5.59092e-06
26.9003,5.32866e-06,5.42402e-06,5.37634e-06,5.36442e-06,5.34058e-06,5.4121e-06,5.48363e-06,5.56707e-06
27.0003,5.31673e-06,5.42402e-06,5.34058e-06,5.34058e-06,5.34058e-06,5.4121e-06,5.45979e-06,5.56707e-06
27.1003,5.32866e-06,5.4121e-06,5.36442e-06,5.34058e-06,5.34058e-06,5.38826e-06,5.49555e-06,5.56707e-06
27.2003,5.30481e-06,5.4121e-06,5.36442e-06,5.34058e-06,5.29289e-06,5.40018e-06,5.48363e-06,5.57899e-06
27.3003,5.31673e-06,5.4121e-06,5.34058e-06,5.36442e-06,5.34058e-06,5.42402e-06,5.43594e-06,5.55515e-06
27.4003,5.34058e-06,5.40018e-06,5.36442e-06,5.36442e-06,5.29289e-06,5.43594e-06,5.48363e-06,5.60284e-06
27.5003,5.32866e-06,5.40018e-06,5.38826e-06,5.34058e-06,5.34058e-06,5.40018e-06,5.45979e-06,5.59092e-06
27.6003,5.30481e-06,5.40018e-06,5.3525e-06,5.34058e-06,5.32866e-06,5.43594e-06,5.43594e-06,5.60284e-06
27.7003,5.31673e-06,5.40018e-06,5.37634e-06,5.38826e-06,5.3525e-06,5.4121e-06,5.45979e-06,5.56707e-06
27.8003,5.30481e-06,5.3525e-06,5.36442e-06,5.38826e-06,5.32866e-06,5.40018e-06,5.43594e-06,5.56707e-06
27.9003,5.34058e-06,5.3525e-06,5.32866e-06,5.3525e-06,5.32866e-06,5.43594e-06,5.43594e-06,5.56707e-06
28.0003,5.34058e-06,5.32866e-06,5.3525e-06,5.34058e-06,5.34058e-06,5.40018e-06,5.40018e-06,5.54323e-06
28.1003,5.32866e-06,5.36442e-06,5.32866e-06,5.38826e-06,5.3525e-06,5.38826e-06,5.42402e-06,5.59092e-06
28.2003,5.31673e-06,5.38826e-06,5.31673e-06,5.31673e-06,5.32866e-06,5.38826e-06,5.4121e-06,5.54323e-06
28.3003,5.3525e-06,5.36442e-06,5.31673e-06,5.36442e-06,5.31673e-06,5.42402e-06,5.4121e-06,5.54323e-06
28.4003,5.32866e-06,5.3525e-06,5.32866e-06,5.34058e-06,5.30481e-06,5.4121e-06,5.42402e-06,5.57899e-06
28.5003,5.30481e-06,5.37634e-06,5.31673e-06,5.3525e-06,5.30481e-06,5.37634e-06,5.43594e-06,5.55515e-06
28.6003,5.29289e-06,5.37634e-06,5.34058e-06,5.3525e-06,5.32866e-06,5.37634e-06,5.43594e-06,5.55515e-06
28.7003,5.30481e-06,5.36442e-06,5.32866e-06,5.3525e-06,5.30481e-06,5.40018e-06,5.43594e-06,5.55515e-06
28.8003,5.30481e-06,5.36442e-06,5.34058e-06,5.3525e-06,5.31673e-06,5.4121e-06,5.44786e-06,5.55515e-06
28.9003,5.32866e-06,5.34058e-06,5.3525e-06,5.36442e-06,5.29289e-06,5.42402e-06,5.40018e-06,5.57899e-06
29.0003,5.32866e-06,5.36442e-06,5.32866e-06,5.31673e-06,5.3525e-06,5.40018e-06,5.43594e-06,5.59092e-06
29.1003,5.34058e-06,5.4121e-06,5.31673e-06,5.3525e-06,5.32866e-06,5.38826e-06,5.44786e-06,5.57899e-06
29.2003,5.31673e-06,5.37634e-06,5.31673e-06,5.36442e-06,5.29289e-06,5.38826e-06,5.43594e-06,5.57899e-06
29.3003,5.26905e-06,5.34058e-06,5.32866e-06,5.36442e-06,5.31673e-06,5.38826e-06,5.43594e-06,5.61476e-06
29.4003,5.31673e-06,5.3525e-06,5.3525e-06,5.3525e-06,5.31673e-06,5.40018e-06,5.40018e-06,5.59092e-06
29.5003,5.31673e-06,5.3525e-06,5.3525e-06,5.37634e-06,5.32866e-06,5.36442e-06,5.40018e-06,5.59092e-06
29.6003,5.28097e-06,5.37634e-06,5.34058e-06,5.34058e-06,5.34058e-06,5.37634e-06,5.42402e-06,5.54323e-06
29.7003,5.29289e-06,5.40018e-06,5.32866e-06,5.3525e-06,5.36442e-06,5.36442e-06,5.42402e-06,5.54323e-06
29.8003,5.32866e-06,5.38826e-06,5.32866e-06,5.3525e-06,5.34058e-06,5.36442e-06,5.42402e-06,5.55515e-06
29.9003,5.31673e-06,5.38826e-06,5.36442e-06,5.3525e-06,5.3525e-06,5.38826e-06,5.44786e-06,5.57899e-06
30.0003,5.28097e-06,5.3525e-06,5.32866e-06,5.34058e-06,5.32866e-06,5.42402e-06,5.4121e-06,5.51939e-06
30.1003,5.26905e-06,5.37634e-06,5.34058e-06,5.34058e-06,5.3525e-06,5.4121e-06,5.42402e-06,5.55515e-06
30.2003,5.32866e-06,5.3525e-06,5.31673e-06,5.31673e-06,5.34058e-06,5.42402e-06,5.4121e-06,5.59092e-06
30.3003,5.32866e-06,5.37634e-06,5.34058e-06,5.34058e-06,5.37634e-06,5.40018e-06,5.37634e-06,5.61476e-06
30.4003,5.32866e-06,5.36442e-06,5.3525e-06,5.32866e-06,5.34058e-06,5.42402e-06,5.4121e-06,5.62668e-06
30.5003,5.30481e-06,5.34058e-06,5.3525e-06,5.3525e-06,5.34058e-06,5.44786e-06,5.40018e-06,5.57899e-06
30.6003,5.31673e-06,5.34058e-06,5.30481e-06,5.37634e-06,5.36442e-06,5.42402e-06,5.38826e-06,5.60284e-06
30.7003,5.30481e-06,5.36442e-06,5.32866e-06,5.32866e-06,5.34058e-06,5.38826e-06,5.40018e-06,5.60284e-06
30.8003,5.32866e-06,5.38826e-06,5.3525e-06,5.29289e-06,5.37634e-06,5.40018e-06,5.40018e-06,5.6386e-06
30.9003,5.32866e-06,5.37634e-06,5.3525e-06,5.29289e-06,5.37634e-06,5.40018e-06,5.44786e-06,5.62668e-06
31.0003,5.34058e-06,5.37634e-06,5.37634e-06,5.32866e-06,5.37634e-06,5.40018e-06,5.4121e-06,5.6386e-06
31.1003,5.32866e-06,5.37634e-06,5.36442e-06,5.34058e-06,5.38826e-06,5.37634e-06,5.43594e-06,5.61476e-06
31.2003,5.31673e-06,5.34058e-06,5.37634e-06,5.37634e-06,5.4121e-06,5.40018e-06,5.44786e-06,5.62668e-06
31.3003,5.32866e-06,5.36442e-06,5.37634e-06,5.36442e-06,5.37634e-06,5.40018e-06,5.40018e-06,5.62668e-06
31.4003,5.34058e-06,5.3525e-06,5.37634e-06,5.3525e-06,5.3525e-06,5.36442e-06,5.44786e-06,5.6386e-06
31.5003,5.30481e-06,5.36442e-06,5.38826e-06,5.32866e-06,5.37634e-06,5.4121e-06,5.43594e-06,5.62668e-06
31.6003,5.31673e-06,5.34058e-06,5.38826e-06,5.37634e-06,5.37634e-06,5.40018e-06,5.48363e-06,5.60284e-06
31.7003,5.32866e-06,5.3525e-06,5.40018e-06,5.36442e-06,5.38826e-06,5.4121e-06,5.45979e-06,5.57899e-06
31.8003,5.31673e-06,5.32866e-06,5.38826e-06,5.36442e-06,5.37634e-06,5.4121e-06,5.45979e-06,5.59092e-06
31.9003,5.34058e-06,5.36442e-06,5.40018e-06,5.37634e-06,5.37634e-06,5.40018e-06,5.42402e-06,5.56707e-06
32.0003,5.36442e-06,5.37634e-06,5.37634e-06,5.38826e-06,5.37634e-06,5.37634e-06,5.44786e-06,5.59092e-06
32.1003,5.36442e-06,5.34058e-06,5.37634e-06,5.36442e-06,5.40018e-06,5.38826e-06,5.40018e-06,5.61476e-06
32.2003,5.37634e-06,5.36442e-06,5.36442e-06,5.32866e-06,5.38826e-06,5.4121e-06,5.42402e-06,5.57899e-06
32.3003,5.36442e-06,5.32866e-06,5.40018e-06,5.38826e-06,5.40018e-06,5.38826e-06,5.43594e-06,5.56707e-06
32.4003,5.37634e-06,5.34058e-06,5.40018e-06,5.3525e-06,5.38826e-06,5.37634e-06,5.4121e-06,5.57899e-06
32.5003,5.34058e-06,5.37634e-06,5.38826e-06,5.36442e-06,5.38826e-06,5.3525e-06,5.42402e-06,5.60284e-06
32.6003,5.36442e-06,5.37634e-06,5.38826e-06,5.32866e-06,5.43594e-06,5.4121e-06,5.42402e-06,5.61476e-06
32.7003,5.38826e-06,5.43594e-06,5.38826e-06,5.34058e-06,5.4121e-06,5.38826e-06,5.44786e-06,5.60284e-06
32.8003,5.36442e-06,5.40018e-06,5.40018e-06,5.32866e-06,5.42402e-06,5.37634e-06,5.4121e-06,5.59092e-06
32.9003,5.40018e-06,5.37634e-06,5.40018e-06,5.31673e-06,5.43594e-06,5.38826e-06,5.40018e-06,5.57899e-06
33.0003,5.40018e-06,5.37634e-06,5.38826e-06,5.34058e-06,5.4121e-06,5.4121e-06,5.43594e-06,5.59092e-06
33.1003,5.38826e-06,5.38826e-06,5.37634e-06,5.36442e-06,5.4121e-06,5.4121e-06,5.43594e-06,5.59092e-06
33.2003,5.36442e-06,5.37634e-06,5.38826e-06,5.36442e-06,5.43594e-06,5.4121e-06,5.43594e-06,5.59092e-06
33.3003,5.37634e-06,5.36442e-06,5.40018e-06,5.32866e-06,5.43594e-06,5.37634e-06,5.44786e-06,5.60284e-06
33.4003,5.38826e-06,5.37634e-06,5.3525e-06,5.3525e-06,5.4121e-06,5.38826e-06,5.4121e-06,5.56707e-06
33.5003,5.37634e-06,5.36442e-06,5.3525e-06,5.36442e-06,5.42402e-06,5.40018e-06,5.44786e-06,5.57899e-06
33.6003,5.36442e-06,5.37634e-06,5.40018e-06,5.37634e-06,5.4121e-06,5.38826e-06,5.42402e-06,5.60284e-06
33.7003,5.37634e-06,5.38826e-06,5.38826e-06,5.3525e-06,5.42402e-06,5.42402e-06,5.40018e-06,5.59092e-06
33.8003,5.37634e-06,5.40018e-06,5.3525e-06,5.34058e-06,5.43594e-06,5.36442e-06,5.38826e-06,5.60284e-06
33.9003,5.40018e-06,5.40018e-06,5.36442e-06,5.3525e-06,5.40018e-06,5.36442e-06,5.4121e-06,5.61476e-06
34.0003,5.37634e-06,5.38826e-06,5.30481e-06,5.36442e-06,5.40018e-06,5.36442e-06,5.4121e-06,5.59092e-06
34.1003,5.37634e-06,5.40018e-06,5.29289e-06,5.3525e-06,5.4121e-06,5.37634e-06,5.38826e-06,5.59092e-06
34.2003,5.40018e-06,5.40018e-06,5.30481e-06,5.36442e-06,5.40018e-06,5.3525e-06,5.40018e-06,5.60284e-06
34.3003,5.4121e-06,5.37634e-06,5.32866e-06,5.34058e-06,5.4121e-06,5.37634e-06,5.37634e-06,5.6386e-06
34.4003,5.37634e-06,5.3525e-06,5.3525e-06,5.3525e-06,5.42402e-06,5.37634e-06,5.40018e-06,5.60284e-06
34.5003,5.3525e-06,5.3525e-06,5.36442e-06,5.3525e-06,5.40018e-06,5.37634e-06,5.4121e-06,5.62668e-06
34.6003,5.3525e-06,5.38826e-06,5.32866e-06,5.36442e-06,5.40018e-06,5.38826e-06,5.43594e-06,5.61476e-06
34.7003,5.32866e-06,5.38826e-06,5.32866e-06,5.31673e-06,5.4121e-06,5.40018e-06,5.42402e-06,5.66244e-06
34.8003,5.30481e-06,5.3525e-06,5.36442e-06,5.32866e-06,5.40018e-06,5.4121e-06,5.40018e-06,5.68628e-06
34.9003,5.34058e-06,5.37634e-06,5.34058e-06,5.34058e-06,5.4121e-06,5.4121e-06,5.4121e-06,5.62668e-06
35.0003,5.3525e-06,5.38826e-06,5.34058e-06,5.34058e-06,5.40018e-06,5.40018e-06,5.38826e-06,5.62668e-06
35.1004,5.38826e-06,5.3525e-06,5.31673e-06,5.34058e-06,5.38826e-06,5.4121e-06,5.43594e-06,5.61476e-06
35.2004,5.38826e-06,5.38826e-06,5.32866e-06,5.31673e-06,5.38826e-06,5.38826e-06,5.44786e-06,5.65052e-06
35.3004,5.38826e-06,5.4121e-06,5.30481e-06,5.31673e-06,5.40018e-06,5.4121e-06,5.38826e-06,5.65052e-06
35.4004,5.43594e-06,5.4121e-06,5.30481e-06,5.3525e-06,5.38826e-06,5.42402e-06,5.40018e-06,5.60284e-06
35.5004,5.38826e-06,5.40018e-06,5.3525e-06,5.36442e-06,5.37634e-06,5.42402e-06,5.38826e-06,5.62668e-06
35.6004,5.4121e-06,5.40018e-06,5.34058e-06,5.32866e-06,5.36442e-06,5.42402e-06,5.38826e-06,5.60284e-06
35.7004,5.38826e-06,5.38826e-06,5.32866e-06,5.36442e-06,5.38826e-06,5.4121e-06,5.40018e-06,5.59092e-06
35.8004,5.40018e-06,5.40018e-06,5.36442e-06,5.3525e-06,5.36442e-06,5.43594e-06,5.37634e-06,5.61476e-06
35.9004,5.38826e-06,5.4121e-06,5.34058e-06,5.32866e-06,5.36442e-06,5.45979e-06,5.4121e-06,5.60284e-06
36.0004,5.40018e-06,5.40018e-06,5.38826e-06,5.31673e-06,5.3525e-06,5.45979e-06,5.4121e-06,5.60284e-06
36.1004,5.34058e-06,5.40018e-06,5.40018e-06,5.34058e-06,5.37634e-06,5.44786e-06,5.4121e-06,5.6386e-06
36.2004,5.37634e-06,5.44786e-06,5.40018e-06,5.32866e-06,5.3525e-06,5.4121e-06,5.4121e-06,5.57899e-06
36.3004,5.3525e-06,5.42402e-06,5.38826e-06,5.3525e-06,5.36442e-06,5.43594e-06,5.43594e-06,5.57899e-06
36.4004,5.32866e-06,5.40018e-06,5.37634e-06,5.34058e-06,5.37634e-06,5.44786e-06,5.44786e-06,5.60284e-06
36.5004,5.37634e-06,5.40018e-06,5.37634e-06,5.32866e-06,5.38826e-06,5.38826e-06,5.45979e-06,5.61476e-06
36.6004,5.36442e-06,5.37634e-06,5.36442e-06,5.32866e-06,5.34058e-06,5.37634e-06,5.40018e-06,5.61476e-06
36.7004,5.38826e-06,5.40018e-06,5.37634e-06,5.32866e-06,5.40018e-06,5.4121e-06,5.42402e-06,5.6386e-06
36.8004,5.36442e-06,5.40018e-06,5.40018e-06,5.34058e-06,5.40018e-06,5.43594e-06,5.43594e-06,5.61476e-06
36.9004,5.3525e-06,5.37634e-06,5.37634e-06,5.34058e-06,5.4121e-06,5.4121e-06,5.45979e-06,5.6386e-06
