Time,Current SMUb (A),Current SMUb (A),Current SMUb (A),Current SMUb (A),Current SMUb (A)
0.0,2.59161e-05,2.59399e-05,2.59519e-05,2.59638e-05,2.58923e-05
0.100001,2.54512e-05,2.54869e-05,2.54631e-05,2.54512e-05,2.53677e-05
0.200002,2.54989e-05,2.55704e-05,2.55466e-05,2.54989e-05,2.54393e-05
0.300003,2.55942e-05,2.563e-05,2.563e-05,2.55823e-05,2.55108e-05
0.400004,2.56896e-05,2.57254e-05,2.56658e-05,2.56538e-05,2.55585e-05
0.500005,2.57492e-05,2.57969e-05,2.57373e-05,2.57134e-05,2.563e-05
0.600006,2.58446e-05,2.58207e-05,2.57969e-05,2.57611e-05,2.56538e-05
0.700007,2.58684e-05,2.58446e-05,2.58327e-05,2.5773e-05,2.57134e-05
0.800008,2.59042e-05,2.58803e-05,2.5928e-05,2.58327e-05,2.57492e-05
0.900009,2.5928e-05,2.58923e-05,2.59519e-05,2.58565e-05,2.57611e-05
1.00001,2.59995e-05,2.59399e-05,2.59638e-05,2.58327e-05,2.5773e-05
1.10001,2.60115e-05,2.59519e-05,2.60115e-05,2.59042e-05,2.57969e-05
1.20001,2.60592e-05,2.60234e-05,2.60115e-05,2.59042e-05,2.58088e-05
1.30001,2.60711e-05,2.60353e-05,2.60115e-05,2.59519e-05,2.58207e-05
1.40001,2.60711e-05,2.60353e-05,2.60353e-05,2.59995e-05,2.58565e-05
1.50001,2.61188e-05,2.60711e-05,2.60711e-05,2.60115e-05,2.58803e-05
1.60002,2.60949e-05,2.60949e-05,2.60592e-05,2.60472e-05,2.59399e-05
1.70002,2.61426e-05,2.61068e-05,2.60949e-05,2.6083e-05,2.59519e-05
1.80002,2.61545e-05,2.61068e-05,2.61426e-05,2.60592e-05,2.59638e-05
1.90002,2.61664e-05,2.61545e-05,2.61664e-05,2.60711e-05,2.59638e-05
2.00002,2.61903e-05,2.61664e-05,2.61664e-05,2.60949e-05,2.59638e-05
2.10002,2.61784e-05,2.61545e-05,2.61903e-05,2.60949e-05,2.60115e-05
2.20002,2.62022e-05,2.62022e-05,2.61903e-05,2.61068e-05,2.60353e-05
2.30002,2.62141e-05,2.62141e-05,2.62022e-05,2.61426e-05,2.60115e-05
2.40002,2.6226e-05,2.6238e-05,2.6226e-05,2.61426e-05,2.60353e-05
2.50002,2.6238e-05,2.62022e-05,2.6238e-05,2.61664e-05,2.60234e-05
2.60003,2.63214e-05,2.62141e-05,2.62737e-05,2.61545e-05,2.60949e-05
2.70003,2.63333e-05,2.6226e-05,2.62618e-05,2.62022e-05,2.60592e-05
2.80003,2.63333e-05,2.62499e-05,2.62618e-05,2.62141e-05,2.61188e-05
2.90003,2.63214e-05,2.62618e-05,2.62737e-05,2.6226e-05,2.60592e-05
3.00003,2.63214e-05,2.62737e-05,2.62856e-05,2.6238e-05,2.61188e-05
3.10003,2.63333e-05,2.62856e-05,2.62856e-05,2.62737e-05,2.61188e-05
3.20003,2.62976e-05,2.63214e-05,2.63333e-05,2.62618e-05,2.61307e-05
3.30003,2.63453e-05,2.62976e-05,2.62976e-05,2.63095e-05,2.61307e-05
3.40003,2.63572e-05,2.62976e-05,2.63095e-05,2.62737e-05,2.61307e-05
3.50004,2.63453e-05,2.63095e-05,2.63453e-05,2.62618e-05,2.61545e-05
3.60004,2.63453e-05,2.62856e-05,2.63214e-05,2.62499e-05,2.61188e-05
3.70004,2.63691e-05,2.63572e-05,2.63572e-05,2.62737e-05,2.61426e-05
3.80004,2.63691e-05,2.63214e-05,2.63333e-05,2.62737e-05,2.61903e-05
3.90004,2.63691e-05,2.63691e-05,2.63333e-05,2.62976e-05,2.61664e-05
4.00004,2.63572e-05,2.63453e-05,2.63453e-05,2.63095e-05,2.61664e-05
4.10004,2.6381e-05,2.64049e-05,2.63691e-05,2.63333e-05,2.62022e-05
4.20004,2.63691e-05,2.63929e-05,2.63691e-05,2.63453e-05,2.62022e-05
4.30004,2.64168e-05,2.63929e-05,2.64049e-05,2.63214e-05,2.61903e-05
4.40004,2.64049e-05,2.6381e-05,2.6381e-05,2.63214e-05,2.6238e-05
4.50005,2.63929e-05,2.63929e-05,2.64287e-05,2.63095e-05,2.6238e-05
4.60005,2.64168e-05,2.64168e-05,2.64406e-05,2.63095e-05,2.62141e-05
4.70005,2.64049e-05,2.64287e-05,2.64645e-05,2.63333e-05,2.62618e-05
4.80005,2.64406e-05,2.64406e-05,2.64525e-05,2.63453e-05,2.62856e-05
4.90005,2.64525e-05,2.64287e-05,2.64883e-05,2.63453e-05,2.62618e-05
5.00005,2.64764e-05,2.64525e-05,2.64764e-05,2.63333e-05,2.62856e-05
5.10005,2.65002e-05,2.64406e-05,2.64764e-05,2.63691e-05,2.62856e-05
5.20005,2.65002e-05,2.64406e-05,2.65002e-05,2.63691e-05,2.62976e-05
5.30005,2.65241e-05,2.64168e-05,2.64525e-05,2.6381e-05,2.62856e-05
5.40005,2.65121e-05,2.64525e-05,2.6536e-05,2.63929e-05,2.63095e-05
5.50005,2.65241e-05,2.64525e-05,2.65241e-05,2.63929e-05,2.62976e-05
5.60006,2.6536e-05,2.64645e-05,2.6536e-05,2.64168e-05,2.62856e-05
5.70006,2.65121e-05,2.65002e-05,2.6536e-05,2.64287e-05,2.63095e-05
5.80006,2.65241e-05,2.64764e-05,2.65479e-05,2.63929e-05,2.63572e-05
5.90006,2.65241e-05,2.64764e-05,2.6536e-05,2.63929e-05,2.63572e-05
6.00006,2.65002e-05,2.64764e-05,2.65598e-05,2.64168e-05,2.6381e-05
6.10006,2.64883e-05,2.64883e-05,2.65956e-05,2.64287e-05,2.63453e-05
6.20006,2.65241e-05,2.65121e-05,2.65956e-05,2.64168e-05,2.63691e-05
6.30006,2.6536e-05,2.64883e-05,2.65956e-05,2.64168e-05,2.63572e-05
6.40006,2.65479e-05,2.65121e-05,2.65598e-05,2.64525e-05,2.63333e-05
6.50006,2.65598e-05,2.65002e-05,2.65598e-05,2.64168e-05,2.6381e-05
6.60007,2.6536e-05,2.65002e-05,2.65718e-05,2.64525e-05,2.63453e-05
6.70007,2.65479e-05,2.6536e-05,2.65479e-05,2.64645e-05,2.63453e-05
6.80007,2.65479e-05,2.65479e-05,2.65598e-05,2.64406e-05,2.6381e-05
6.90007,2.65598e-05,2.6536e-05,2.66075e-05,2.64764e-05,2.64049e-05
7.00007,2.65479e-05,2.65479e-05,2.65598e-05,2.64406e-05,2.64168e-05
7.10007,2.65718e-05,2.65002e-05,2.65956e-05,2.64525e-05,2.6381e-05
7.20007,2.65956e-05,2.6536e-05,2.66075e-05,2.64525e-05,2.64168e-05
7.30007,2.65837e-05,2.65479e-05,2.65956e-05,2.64525e-05,2.64406e-05
7.40007,2.66075e-05,2.65479e-05,2.65956e-05,2.65002e-05,2.64406e-05
7.50007,2.65479e-05,2.65837e-05,2.66314e-05,2.65002e-05,2.64287e-05
7.60008,2.65837e-05,2.65956e-05,2.66433e-05,2.65121e-05,2.6381e-05
7.70008,2.65837e-05,2.65718e-05,2.66194e-05,2.65121e-05,2.64049e-05
7.80008,2.65718e-05,2.65956e-05,2.66433e-05,2.65002e-05,2.64287e-05
7.90008,2.65837e-05,2.66194e-05,2.66314e-05,2.65121e-05,2.64287e-05
8.00008,2.65837e-05,2.66314e-05,2.66314e-05,2.65121e-05,2.64525e-05
8.10008,2.66075e-05,2.66314e-05,2.6679e-05,2.65002e-05,2.64049e-05
8.20008,2.66314e-05,2.66433e-05,2.66671e-05,2.65121e-05,2.64287e-05
8.30008,2.66194e-05,2.66433e-05,2.6679e-05,2.65002e-05,2.64168e-05
8.40008,2.65956e-05,2.66314e-05,2.6691e-05,2.65241e-05,2.6381e-05
8.50009,2.65837e-05,2.65956e-05,2.66671e-05,2.65121e-05,2.64168e-05
8.60009,2.65837e-05,2.65837e-05,2.6679e-05,2.64883e-05,2.63929e-05
8.70009,2.66433e-05,2.65837e-05,2.66671e-05,2.65241e-05,2.63691e-05
8.80009,2.66433e-05,2.66075e-05,2.6691e-05,2.6536e-05,2.6381e-05
8.90009,2.66552e-05,2.66075e-05,2.6691e-05,2.65002e-05,2.64049e-05
9.00009,2.66314e-05,2.66433e-05,2.66671e-05,2.65002e-05,2.64168e-05
9.10009,2.66433e-05,2.66433e-05,2.66671e-05,2.65121e-05,2.63929e-05
9.20009,2.66671e-05,2.6679e-05,2.67029e-05,2.65241e-05,2.64168e-05
9.30009,2.66314e-05,2.66433e-05,2.6691e-05,2.65121e-05,2.64406e-05
9.40009,2.66433e-05,2.66552e-05,2.6679e-05,2.6536e-05,2.64525e-05
9.50009,2.66433e-05,2.66671e-05,2.67029e-05,2.65479e-05,2.64406e-05
9.6001,2.66433e-05,2.66552e-05,2.6679e-05,2.65479e-05,2.64645e-05
9.7001,2.66552e-05,2.66671e-05,2.67148e-05,2.65598e-05,2.64645e-05
9.8001,2.66671e-05,2.6691e-05,2.67029e-05,2.65837e-05,2.64525e-05
9.9001,2.67029e-05,2.67267e-05,2.67148e-05,2.65479e-05,2.64764e-05
10.0001,2.6679e-05,2.6679e-05,2.66433e-05,2.65837e-05,2.65121e-05
10.1001,2.6679e-05,2.6679e-05,2.6691e-05,2.65956e-05,2.65002e-05
10.2001,2.6691e-05,2.67267e-05,2.66671e-05,2.66075e-05,2.64883e-05
10.3001,2.6679e-05,2.6691e-05,2.66433e-05,2.65837e-05,2.65718e-05
10.4001,2.66671e-05,2.67148e-05,2.6679e-05,2.65837e-05,2.65598e-05
10.5001,2.6679e-05,2.6691e-05,2.6679e-05,2.65718e-05,2.65241e-05
10.6001,2.6691e-05,2.67267e-05,2.6691e-05,2.65837e-05,2.65241e-05
10.7001,2.6691e-05,2.67267e-05,2.66671e-05,2.65837e-05,2.65121e-05
10.8001,2.67029e-05,2.67148e-05,2.6691e-05,2.65837e-05,2.65241e-05
10.9001,2.67148e-05,2.67029e-05,2.6691e-05,2.65837e-05,2.65598e-05
11.0001,2.67267e-05,2.67267e-05,2.6679e-05,2.65837e-05,2.65241e-05
11.1001,2.67029e-05,2.67267e-05,2.6691e-05,2.65837e-05,2.65121e-05
11.2001,2.67029e-05,2.67386e-05,2.6679e-05,2.65837e-05,2.6536e-05
11.3001,2.67267e-05,2.67148e-05,2.67029e-05,2.65598e-05,2.64883e-05
11.4001,2.67148e-05,2.67029e-05,2.67148e-05,2.66075e-05,2.65002e-05
11.5001,2.67386e-05,2.67029e-05,2.67148e-05,2.66314e-05,2.65002e-05
11.6001,2.67506e-05,2.6691e-05,2.67267e-05,2.66075e-05,2.65241e-05
11.7001,2.67744e-05,2.67267e-05,2.67267e-05,2.66552e-05,2.6536e-05
11.8001,2.67267e-05,2.67029e-05,2.67267e-05,2.66433e-05,2.6536e-05
11.9001,2.67148e-05,2.67506e-05,2.67148e-05,2.66314e-05,2.65002e-05
12.0001,2.67506e-05,2.67386e-05,2.67148e-05,2.66314e-05,2.6536e-05
12.1001,2.67506e-05,2.67148e-05,2.67506e-05,2.66314e-05,2.6536e-05
12.2001,2.67506e-05,2.67267e-05,2.67267e-05,2.66194e-05,2.65598e-05
12.3001,2.67267e-05,2.67267e-05,2.67148e-05,2.66314e-05,2.65598e-05
12.4001,2.67148e-05,2.67267e-05,2.67148e-05,2.66671e-05,2.65718e-05
12.5001,2.67267e-05,2.67506e-05,2.67267e-05,2.66433e-05,2.6536e-05
12.6001,2.67148e-05,2.67506e-05,2.67148e-05,2.66314e-05,2.6536e-05
12.7001,2.67267e-05,2.67267e-05,2.67506e-05,2.66194e-05,2.65002e-05
12.8001,2.67625e-05,2.67386e-05,2.67148e-05,2.66552e-05,2.65002e-05
12.9001,2.67506e-05,2.67506e-05,2.67386e-05,2.66433e-05,2.65479e-05
13.0001,2.67744e-05,2.67625e-05,2.67029e-05,2.66314e-05,2.6536e-05
13.1001,2.67744e-05,2.67625e-05,2.67386e-05,2.66671e-05,2.65479e-05
13.2001,2.67625e-05,2.67386e-05,2.67625e-05,2.6679e-05,2.65479e-05
13.3001,2.67506e-05,2.67625e-05,2.67625e-05,2.66314e-05,2.65718e-05
13.4001,2.67625e-05,2.67267e-05,2.67506e-05,2.6679e-05,2.65598e-05
13.5001,2.67863e-05,2.67744e-05,2.67625e-05,2.66671e-05,2.6536e-05
13.6001,2.67982e-05,2.67863e-05,2.67625e-05,2.66433e-05,2.65718e-05
13.7001,2.67863e-05,2.67982e-05,2.67744e-05,2.66552e-05,2.6536e-05
13.8001,2.67744e-05,2.67625e-05,2.67506e-05,2.66433e-05,2.6536e-05
13.9001,2.67982e-05,2.67982e-05,2.68102e-05,2.66671e-05,2.6536e-05
14.0001,2.67625e-05,2.67863e-05,2.67744e-05,2.6679e-05,2.65598e-05
14.1001,2.67863e-05,2.67625e-05,2.67744e-05,2.67029e-05,2.65718e-05
14.2001,2.67863e-05,2.67625e-05,2.67744e-05,2.6679e-05,2.65718e-05
14.3001,2.67863e-05,2.67744e-05,2.67982e-05,2.6679e-05,2.65837e-05
14.4001,2.67863e-05,2.67863e-05,2.67863e-05,2.67148e-05,2.65718e-05
14.5001,2.68102e-05,2.67982e-05,2.67863e-05,2.6691e-05,2.66075e-05
14.6001,2.68221e-05,2.68221e-05,2.67982e-05,2.66671e-05,2.66194e-05
14.7001,2.6834e-05,2.68579e-05,2.6834e-05,2.66552e-05,2.65837e-05
14.8001,2.67982e-05,2.68459e-05,2.68459e-05,2.66552e-05,2.65956e-05
14.9001,2.68102e-05,2.68459e-05,2.68102e-05,2.6679e-05,2.66194e-05
15.0001,2.67982e-05,2.67863e-05,2.68102e-05,2.66552e-05,2.66194e-05
15.1002,2.6834e-05,2.68221e-05,2.68221e-05,2.66433e-05,2.66194e-05
15.2002,2.6834e-05,2.6834e-05,2.68102e-05,2.6679e-05,2.66075e-05
15.3002,2.67982e-05,2.68102e-05,2.68221e-05,2.6691e-05,2.65956e-05
15.4002,2.67982e-05,2.68102e-05,2.67982e-05,2.66671e-05,2.65718e-05
15.5002,2.6834e-05,2.68459e-05,2.67863e-05,2.66433e-05,2.65718e-05
15.6002,2.68221e-05,2.68459e-05,2.68221e-05,2.66671e-05,2.65718e-05
15.7002,2.67863e-05,2.68579e-05,2.67982e-05,2.66671e-05,2.65956e-05
15.8002,2.67625e-05,2.68102e-05,2.68102e-05,2.66433e-05,2.65956e-05
15.9002,2.6834e-05,2.68459e-05,2.6834e-05,2.66314e-05,2.65718e-05
16.0002,2.63572e-05,2.62499e-05,2.6381e-05,2.66433e-05,2.72393e-05
16.1002,2.62499e-05,2.65598e-05,2.7287e-05,2.82645e-05,2.97427e-05
16.2002,2.6238e-05,2.66314e-05,2.74062e-05,2.86579e-05,3.0303e-05
16.3002,2.61784e-05,2.65598e-05,2.74301e-05,2.87294e-05,3.04341e-05
16.4002,2.61664e-05,2.65479e-05,2.74181e-05,2.87175e-05,3.04818e-05
16.5002,2.61545e-05,2.65479e-05,2.73943e-05,2.87056e-05,3.04937e-05
16.6002,2.61188e-05,2.65002e-05,2.73466e-05,2.86579e-05,3.0458e-05
16.7002,2.6083e-05,2.65002e-05,2.73228e-05,2.8646e-05,3.04341e-05
16.8002,2.6083e-05,2.64525e-05,2.7287e-05,2.85983e-05,3.03984e-05
16.9002,2.60592e-05,2.64287e-05,2.72512e-05,2.86222e-05,3.03388e-05
17.0002,2.62856e-05,2.6381e-05,2.65598e-05,2.7132e-05,2.77758e-05
17.1002,2.65002e-05,2.64525e-05,2.62856e-05,2.62618e-05,2.64049e-05
17.2002,2.65956e-05,2.65956e-05,2.6381e-05,2.64049e-05,2.64287e-05
17.3002,2.66194e-05,2.66433e-05,2.65479e-05,2.65002e-05,2.64764e-05
17.4002,2.67029e-05,2.6691e-05,2.66194e-05,2.65241e-05,2.65479e-05
17.5002,2.67386e-05,2.6679e-05,2.6679e-05,2.65718e-05,2.65956e-05
17.6002,2.67625e-05,2.6691e-05,2.66552e-05,2.66433e-05,2.65956e-05
17.7002,2.67744e-05,2.67148e-05,2.66552e-05,2.66552e-05,2.66194e-05
17.8002,2.68102e-05,2.67386e-05,2.67029e-05,2.67029e-05,2.66433e-05
17.9002,2.6834e-05,2.67744e-05,2.67029e-05,2.6691e-05,2.66552e-05
18.0002,2.68102e-05,2.67863e-05,2.67506e-05,2.67148e-05,2.66671e-05
18.1002,2.6834e-05,2.67506e-05,2.67506e-05,2.67625e-05,2.66433e-05
18.2002,2.68221e-05,2.67982e-05,2.67625e-05,2.67982e-05,2.6679e-05
18.3002,2.6834e-05,2.68221e-05,2.67744e-05,2.67744e-05,2.66671e-05
18.4002,2.68459e-05,2.68102e-05,2.67982e-05,2.67386e-05,2.67029e-05
18.5002,2.68102e-05,2.68102e-05,2.67863e-05,2.67863e-05,2.6691e-05
18.6002,2.6834e-05,2.68459e-05,2.67386e-05,2.67863e-05,2.67148e-05
18.7002,2.68579e-05,2.68459e-05,2.68102e-05,2.68102e-05,2.6691e-05
18.8002,2.67982e-05,2.68459e-05,2.67863e-05,2.68102e-05,2.67029e-05
18.9002,2.6834e-05,2.68221e-05,2.67506e-05,2.67863e-05,2.67029e-05
19.0002,2.68579e-05,2.68579e-05,2.67982e-05,2.68102e-05,2.67267e-05
19.1002,2.68817e-05,2.68459e-05,2.68221e-05,2.67982e-05,2.67029e-05
19.2002,2.68579e-05,2.68579e-05,2.68221e-05,2.67863e-05,2.6691e-05
19.3002,2.68579e-05,2.68698e-05,2.68221e-05,2.67386e-05,2.67148e-05
19.4002,2.68698e-05,2.6834e-05,2.6834e-05,2.67863e-05,2.67148e-05
19.5002,2.69055e-05,2.68817e-05,2.6834e-05,2.68102e-05,2.67386e-05
19.6002,2.69055e-05,2.68698e-05,2.68579e-05,2.68102e-05,2.67386e-05
19.7002,2.68936e-05,2.69175e-05,2.68459e-05,2.67863e-05,2.67267e-05
19.8002,2.69055e-05,2.69055e-05,2.68698e-05,2.67625e-05,2.67148e-05
19.9002,2.68698e-05,2.68817e-05,2.68579e-05,2.67625e-05,2.67386e-05
20.0002,2.68698e-05,2.68936e-05,2.68459e-05,2.67386e-05,2.67267e-05
20.1002,2.68817e-05,2.69055e-05,2.68698e-05,2.67506e-05,2.67386e-05
20.2002,2.68459e-05,2.68698e-05,2.68459e-05,2.67625e-05,2.67506e-05
20.3002,2.69055e-05,2.68817e-05,2.68221e-05,2.67982e-05,2.67506e-05
20.4002,2.68698e-05,2.68817e-05,2.68579e-05,2.67863e-05,2.67506e-05
20.5002,2.68698e-05,2.68698e-05,2.68221e-05,2.67982e-05,2.67744e-05
20.6002,2.68817e-05,2.68936e-05,2.68221e-05,2.68102e-05,2.67744e-05
20.7002,2.69055e-05,2.68936e-05,2.68579e-05,2.68102e-05,2.67506e-05
20.8002,2.68817e-05,2.68698e-05,2.68221e-05,2.68102e-05,2.67506e-05
20.9002,2.68936e-05,2.68936e-05,2.68579e-05,2.6834e-05,2.67029e-05
21.0002,2.69055e-05,2.68817e-05,2.6834e-05,2.6834e-05,2.67267e-05
21.1002,2.69055e-05,2.69055e-05,2.68579e-05,2.68102e-05,2.67506e-05
21.2002,2.69294e-05,2.69055e-05,2.68579e-05,2.68459e-05,2.67744e-05
21.3002,2.69175e-05,2.69413e-05,2.68936e-05,2.68221e-05,2.67744e-05
21.4002,2.69175e-05,2.69175e-05,2.69175e-05,2.68579e-05,2.67506e-05
21.5002,2.68936e-05,2.69294e-05,2.68936e-05,2.67982e-05,2.67625e-05
21.6002,2.69413e-05,2.69294e-05,2.68579e-05,2.67863e-05,2.67506e-05
21.7002,2.69175e-05,2.69532e-05,2.68459e-05,2.67982e-05,2.67744e-05
21.8002,2.68817e-05,2.69175e-05,2.68698e-05,2.6834e-05,2.67506e-05
21.9002,2.68936e-05,2.69294e-05,2.68698e-05,2.68221e-05,2.67863e-05
22.0002,2.68579e-05,2.69651e-05,2.69175e-05,2.68221e-05,2.67744e-05
22.1002,2.69175e-05,2.69532e-05,2.68936e-05,2.68459e-05,2.67744e-05
22.2002,2.69055e-05,2.69651e-05,2.68936e-05,2.6834e-05,2.67863e-05
22.3002,2.68936e-05,2.6989e-05,2.69055e-05,2.6834e-05,2.68102e-05
22.4002,2.69175e-05,2.69651e-05,2.68698e-05,2.68459e-05,2.67744e-05
22.5002,2.69532e-05,2.6989e-05,2.68936e-05,2.68459e-05,2.67863e-05
22.6002,2.69294e-05,2.69771e-05,2.68817e-05,2.6834e-05,2.67863e-05
22.7002,2.69294e-05,2.70128e-05,2.68698e-05,2.68698e-05,2.67982e-05
22.8002,2.69055e-05,2.70009e-05,2.68459e-05,2.68459e-05,2.68221e-05
22.9002,2.69294e-05,2.69771e-05,2.68698e-05,2.68459e-05,2.67863e-05
23.0002,2.68936e-05,2.70247e-05,2.68817e-05,2.68459e-05,2.68102e-05
23.1002,2.69532e-05,2.70009e-05,2.68579e-05,2.68221e-05,2.68102e-05
23.2002,2.69175e-05,2.6989e-05,2.68817e-05,2.68579e-05,2.67982e-05
23.3002,2.69413e-05,2.70128e-05,2.69175e-05,2.68817e-05,2.67625e-05
23.4002,2.69413e-05,2.70128e-05,2.69175e-05,2.68936e-05,2.68102e-05
23.5002,2.69532e-05,2.70247e-05,2.68936e-05,2.68459e-05,2.67982e-05
23.6002,2.69175e-05,2.70128e-05,2.69413e-05,2.68936e-05,2.67863e-05
23.7002,2.69532e-05,2.70247e-05,2.69413e-05,2.68936e-05,2.67625e-05
23.8002,2.69651e-05,2.6989e-05,2.69413e-05,2.69055e-05,2.67863e-05
23.9002,2.69771e-05,2.69771e-05,2.69413e-05,2.69055e-05,2.67982e-05
24.0002,2.69413e-05,2.70009e-05,2.69413e-05,2.68817e-05,2.67744e-05
24.1002,2.69532e-05,2.6989e-05,2.69175e-05,2.68698e-05,2.67982e-05
24.2002,2.69175e-05,2.70009e-05,2.69055e-05,2.68936e-05,2.6834e-05
24.3002,2.69532e-05,2.70009e-05,2.69294e-05,2.68817e-05,2.68102e-05
24.4002,2.69532e-05,2.69651e-05,2.68936e-05,2.68817e-05,2.68221e-05
24.5002,2.69294e-05,2.69651e-05,2.69175e-05,2.69175e-05,2.68102e-05
24.6002,2.69294e-05,2.69771e-05,2.69413e-05,2.68817e-05,2.68459e-05
24.7002,2.69413e-05,2.70009e-05,2.69532e-05,2.68698e-05,2.68459e-05
24.8002,2.69532e-05,2.70128e-05,2.69413e-05,2.68698e-05,2.6834e-05
24.9002,2.69651e-05,2.69771e-05,2.69294e-05,2.68579e-05,2.67982e-05
25.0002,2.69771e-05,2.69771e-05,2.69532e-05,2.6834e-05,2.67982e-05
25.1003,2.69651e-05,2.69532e-05,2.69413e-05,2.68698e-05,2.68102e-05
25.2003,2.69651e-05,2.69771e-05,2.69294e-05,2.68698e-05,2.68221e-05
25.3003,2.69532e-05,2.69771e-05,2.69532e-05,2.68936e-05,2.67982e-05
25.4003,2.69771e-05,2.69532e-05,2.70128e-05,2.69055e-05,2.67982e-05
25.5003,2.6989e-05,2.69413e-05,2.69294e-05,2.68936e-05,2.67982e-05
25.6003,2.69771e-05,2.69771e-05,2.69294e-05,2.68936e-05,2.68102e-05
25.7003,2.69651e-05,2.69413e-05,2.69175e-05,2.68936e-05,2.67982e-05
25.8003,2.69532e-05,2.69771e-05,2.69413e-05,2.69055e-05,2.68102e-05
25.9003,2.69532e-05,2.69532e-05,2.69651e-05,2.69175e-05,2.68102e-05
26.0003,2.69651e-05,2.69294e-05,2.69294e-05,2.69175e-05,2.6834e-05
26.1003,2.70009e-05,2.69532e-05,2.69294e-05,2.69294e-05,2.67744e-05
26.2003,2.70128e-05,2.69294e-05,2.69055e-05,2.69532e-05,2.6834e-05
26.3003,2.69771e-05,2.69532e-05,2.69413e-05,2.69175e-05,2.68102e-05
26.4003,2.69771e-05,2.69532e-05,2.69294e-05,2.69294e-05,2.6834e-05
26.5003,2.70009e-05,2.69294e-05,2.69175e-05,2.69175e-05,2.67982e-05
26.6003,2.6989e-05,2.69055e-05,2.69651e-05,2.69532e-05,2.68102e-05
26.7003,2.70486e-05,2.69413e-05,2.69651e-05,2.69532e-05,2.68459e-05
26.8003,2.70128e-05,2.69294e-05,2.69413e-05,2.69532e-05,2.68221e-05
26.9003,2.70009e-05,2.69532e-05,2.69175e-05,2.68936e-05,2.68102e-05
27.0003,2.70009e-05,2.69532e-05,2.69294e-05,2.68698e-05,2.67982e-05
27.1003,2.69532e-05,2.70009e-05,2.69532e-05,2.68698e-05,2.68102e-05
27.2003,2.69532e-05,2.70009e-05,2.69413e-05,2.69055e-05,2.67863e-05
27.3003,2.69771e-05,2.70009e-05,2.69413e-05,2.69055e-05,2.67982e-05
27.4003,2.6989e-05,2.69771e-05,2.69175e-05,2.69175e-05,2.68102e-05
27.5003,2.70009e-05,2.69651e-05,2.69413e-05,2.69413e-05,2.68102e-05
27.6003,2.69532e-05,2.69771e-05,2.69413e-05,2.69175e-05,2.68221e-05
27.7003,2.6989e-05,2.69532e-05,2.69413e-05,2.69651e-05,2.6834e-05
27.8003,2.69532e-05,2.69651e-05,2.69532e-05,2.69413e-05,2.6834e-05
27.9003,2.69651e-05,2.69771e-05,2.69294e-05,2.69294e-05,2.68579e-05
28.0003,2.69413e-05,2.69413e-05,2.69413e-05,2.69055e-05,2.68459e-05
28.1003,2.69294e-05,2.69413e-05,2.69175e-05,2.69413e-05,2.68459e-05
28.2003,2.69175e-05,2.69532e-05,2.69413e-05,2.69294e-05,2.6834e-05
28.3003,2.69532e-05,2.69413e-05,2.69175e-05,2.69413e-05,2.6834e-05
28.4003,2.69413e-05,2.69413e-05,2.69532e-05,2.69651e-05,2.6834e-05
28.5003,2.69651e-05,2.69532e-05,2.69294e-05,2.6989e-05,2.67982e-05
28.6003,2.69651e-05,2.69413e-05,2.69651e-05,2.69413e-05,2.67982e-05
28.7003,2.6989e-05,2.69175e-05,2.69771e-05,2.69413e-05,2.68579e-05
28.8003,2.69771e-05,2.69175e-05,2.69771e-05,2.69294e-05,2.68459e-05
28.9003,2.69651e-05,2.69294e-05,2.69651e-05,2.69532e-05,2.68459e-05
29.0003,2.69651e-05,2.68936e-05,2.69651e-05,2.69175e-05,2.6834e-05
29.1003,2.69651e-05,2.69532e-05,2.6989e-05,2.68936e-05,2.68221e-05
29.2003,2.69651e-05,2.69294e-05,2.6989e-05,2.69532e-05,2.68459e-05
29.3003,2.70009e-05,2.69413e-05,2.69771e-05,2.69294e-05,2.68221e-05
29.4003,2.69532e-05,2.69413e-05,2.70128e-05,2.69294e-05,2.68221e-05
29.5003,2.69651e-05,2.69413e-05,2.69771e-05,2.69175e-05,2.67982e-05
29.6003,2.70009e-05,2.69294e-05,2.69771e-05,2.68936e-05,2.68102e-05
29.7003,2.70128e-05,2.69532e-05,2.69771e-05,2.69175e-05,2.6834e-05
29.8003,2.70009e-05,2.69771e-05,2.69771e-05,2.69294e-05,2.68459e-05
29.9003,2.70247e-05,2.69413e-05,2.69413e-05,2.69294e-05,2.6834e-05
30.0003,2.70486e-05,2.6989e-05,2.69651e-05,2.69413e-05,2.68459e-05
30.1003,2.70367e-05,2.69771e-05,2.69532e-05,2.69651e-05,2.68817e-05
30.2003,2.70367e-05,2.6989e-05,2.69413e-05,2.69532e-05,2.68698e-05
30.3003,2.6989e-05,2.6989e-05,2.6989e-05,2.69532e-05,2.68817e-05
30.4003,2.70486e-05,2.69771e-05,2.69651e-05,2.69413e-05,2.68698e-05
30.5003,2.70486e-05,2.69651e-05,2.69651e-05,2.69413e-05,2.68817e-05
30.6003,2.70128e-05,2.69651e-05,2.69532e-05,2.68936e-05,2.6834e-05
30.7003,2.70009e-05,2.69532e-05,2.69532e-05,2.69413e-05,2.68459e-05
30.8003,2.69771e-05,2.6989e-05,2.69651e-05,2.69413e-05,2.68579e-05
30.9003,2.70128e-05,2.69532e-05,2.69771e-05,2.68936e-05,2.68579e-05
31.0003,2.70247e-05,2.69413e-05,2.69771e-05,2.68936e-05,2.68817e-05
31.1003,2.70128e-05,2.69651e-05,2.70247e-05,2.68817e-05,2.68579e-05
31.2003,2.70247e-05,2.69532e-05,2.69771e-05,2.68936e-05,2.68698e-05
31.3003,2.70247e-05,2.6989e-05,2.70367e-05,2.69294e-05,2.68698e-05
31.4003,2.70009e-05,2.70128e-05,2.69651e-05,2.69055e-05,2.69175e-05
31.5003,2.70247e-05,2.70247e-05,2.69413e-05,2.68936e-05,2.68936e-05
31.6003,2.70247e-05,2.6989e-05,2.69771e-05,2.68817e-05,2.68698e-05
31.7003,2.70367e-05,2.70367e-05,2.69771e-05,2.69175e-05,2.69175e-05
31.8003,2.70128e-05,2.70128e-05,2.6989e-05,2.69294e-05,2.68817e-05
31.9003,2.70486e-05,2.6989e-05,2.69532e-05,2.68936e-05,2.69175e-05
32.0003,2.70724e-05,2.69771e-05,2.69532e-05,2.69294e-05,2.68936e-05
32.1003,2.70367e-05,2.70367e-05,2.69413e-05,2.69413e-05,2.68936e-05
32.2003,2.70605e-05,2.70367e-05,2.6989e-05,2.69055e-05,2.68936e-05
32.3003,2.70367e-05,2.70367e-05,2.70009e-05,2.69294e-05,2.69055e-05
32.4003,2.70605e-05,2.70486e-05,2.69651e-05,2.69294e-05,2.69175e-05
32.5003,2.70128e-05,2.70605e-05,2.69532e-05,2.69532e-05,2.68936e-05
32.6003,2.70486e-05,2.70367e-05,2.69294e-05,2.69175e-05,2.69175e-05
32.7003,2.70367e-05,2.70486e-05,2.6989e-05,2.69175e-05,2.69294e-05
32.8003,2.70605e-05,2.70724e-05,2.6989e-05,2.69294e-05,2.69175e-05
32.9003,2.70724e-05,2.70486e-05,2.70009e-05,2.69294e-05,2.69413e-05
33.0003,2.70486e-05,2.70605e-05,2.70009e-05,2.69175e-05,2.69055e-05
33.1003,2.70367e-05,2.70367e-05,2.70128e-05,2.69651e-05,2.69055e-05
33.2003,2.70724e-05,2.70247e-05,2.70128e-05,2.69413e-05,2.69175e-05
33.3003,2.70605e-05,2.70367e-05,2.69771e-05,2.69294e-05,2.69055e-05
33.4003,2.70963e-05,2.70128e-05,2.70009e-05,2.69413e-05,2.69294e-05
33.5003,2.70605e-05,2.70247e-05,2.70128e-05,2.69532e-05,2.68936e-05
33.6003,2.70605e-05,2.70367e-05,2.70247e-05,2.69771e-05,2.68698e-05
33.7003,2.70724e-05,2.70486e-05,2.70247e-05,2.69532e-05,2.69294e-05
33.8003,2.70605e-05,2.70486e-05,2.70128e-05,2.69413e-05,2.69055e-05
33.9003,2.70605e-05,2.70128e-05,2.70128e-05,2.69294e-05,2.68698e-05
34.0003,2.70724e-05,2.70009e-05,2.69532e-05,2.69294e-05,2.68579e-05
34.1003,2.70844e-05,2.70009e-05,2.6989e-05,2.69413e-05,2.69175e-05
34.2003,2.70605e-05,2.70128e-05,2.69771e-05,2.69532e-05,2.69055e-05
34.3003,2.70724e-05,2.70486e-05,2.69771e-05,2.69532e-05,2.68817e-05
34.4003,2.70605e-05,2.70247e-05,2.70128e-05,2.69651e-05,2.68817e-05
34.5003,2.70724e-05,2.70128e-05,2.70128e-05,2.69771e-05,2.69294e-05
34.6003,2.70844e-05,2.70367e-05,2.70247e-05,2.69294e-05,2.69294e-05
34.7003,2.70605e-05,2.70247e-05,2.70009e-05,2.69413e-05,2.69294e-05
34.8003,2.70724e-05,2.70009e-05,2.70128e-05,2.69651e-05,2.69055e-05
34.9003,2.70724e-05,2.70247e-05,2.70367e-05,2.69771e-05,2.69413e-05
35.0003,2.70844e-05,2.70128e-05,2.70486e-05,2.69771e-05,2.69532e-05
35.1004,2.70486e-05,2.70128e-05,2.70247e-05,2.6989e-05,2.68936e-05
35.2004,2.70724e-05,2.70247e-05,2.70009e-05,2.69532e-05,2.69055e-05
35.3004,2.70963e-05,2.70009e-05,2.70247e-05,2.69175e-05,2.68817e-05
35.4004,2.7132e-05,2.70009e-05,2.70486e-05,2.69294e-05,2.68936e-05
35.5004,2.70724e-05,2.70128e-05,2.70605e-05,2.69413e-05,2.68817e-05
35.6004,2.70724e-05,2.70367e-05,2.70247e-05,2.69413e-05,2.68698e-05
35.7004,2.70844e-05,2.70486e-05,2.70367e-05,2.69175e-05,2.68817e-05
35.8004,2.70724e-05,2.6989e-05,2.70605e-05,2.69413e-05,2.68817e-05
35.9004,2.70844e-05,2.70009e-05,2.70605e-05,2.69055e-05,2.68936e-05
36.0004,2.71082e-05,2.70128e-05,2.70486e-05,2.69294e-05,2.69294e-05
36.1004,2.70605e-05,2.6989e-05,2.70247e-05,2.69532e-05,2.69055e-05
36.2004,2.70605e-05,2.70009e-05,2.70367e-05,2.69294e-05,2.69175e-05
36.3004,2.70724e-05,2.70247e-05,2.70247e-05,2.69413e-05,2.68817e-05
36.4004,2.71082e-05,2.70128e-05,2.70486e-05,2.69413e-05,2.68936e-05
36.5004,2.70963e-05,2.6989e-05,2.70128e-05,2.69532e-05,2.68817e-05
36.6004,2.70605e-05,2.70128e-05,2.70486e-05,2.69771e-05,2.68936e-05
36.7004,2.70963e-05,2.70247e-05,2.70128e-05,2.70009e-05,2.68936e-05
36.8004,2.70486e-05,2.69771e-05,2.70367e-05,2.69651e-05,2.69175e-05
36.9004,2.70367e-05,2.70367e-05,2.70486e-05,2.69532e-05,2.68698e-05
