Time,Current SMUb (A),Current SMUb (A),Current SMUb (A),Current SMUb (A),Current SMUb (A),Current SMUb (A),Current SMUb (A)
0.0,9.82285e-06,9.77516e-06,9.69172e-06,9.64403e-06,9.63211e-06,9.71556e-06,9.75132e-06
0.100001,9.67979e-06,9.62019e-06,9.54866e-06,9.53674e-06,9.46522e-06,9.54866e-06,9.58443e-06
0.200002,9.67979e-06,9.56059e-06,9.56059e-06,9.53674e-06,9.46522e-06,9.54866e-06,9.58443e-06
0.300003,9.66787e-06,9.58443e-06,9.56059e-06,9.52482e-06,9.47714e-06,9.53674e-06,9.58443e-06
0.400004,9.66787e-06,9.56059e-06,9.53674e-06,9.52482e-06,9.48906e-06,9.50098e-06,9.56059e-06
0.500005,9.65595e-06,9.56059e-06,9.48906e-06,9.50098e-06,9.48906e-06,9.5129e-06,9.52482e-06
0.600006,9.63211e-06,9.62019e-06,9.52482e-06,9.52482e-06,9.47714e-06,9.52482e-06,9.57251e-06
0.700007,9.64403e-06,9.64403e-06,9.52482e-06,9.54866e-06,9.46522e-06,9.5129e-06,9.56059e-06
0.800008,9.64403e-06,9.63211e-06,9.52482e-06,9.53674e-06,9.47714e-06,9.50098e-06,9.54866e-06
0.900009,9.62019e-06,9.60827e-06,9.54866e-06,9.5129e-06,9.50098e-06,9.5129e-06,9.54866e-06
1.00001,9.62019e-06,9.59635e-06,9.52482e-06,9.50098e-06,9.5129e-06,9.5129e-06,9.57251e-06
1.10001,9.64403e-06,9.59635e-06,9.53674e-06,9.47714e-06,9.50098e-06,9.50098e-06,9.57251e-06
1.20001,9.63211e-06,9.59635e-06,9.54866e-06,9.5129e-06,9.5129e-06,9.53674e-06,9.58443e-06
1.30001,9.62019e-06,9.57251e-06,9.5129e-06,9.52482e-06,9.52482e-06,9.53674e-06,9.58443e-06
1.40001,9.60827e-06,9.60827e-06,9.54866e-06,9.5129e-06,9.5129e-06,9.52482e-06,9.58443e-06
1.50001,9.64403e-06,9.60827e-06,9.57251e-06,9.5129e-06,9.52482e-06,9.5129e-06,9.58443e-06
1.60002,9.62019e-06,9.62019e-06,9.54866e-06,9.5129e-06,9.50098e-06,9.48906e-06,9.60827e-06
1.70002,9.63211e-06,9.63211e-06,9.53674e-06,9.48906e-06,9.53674e-06,9.50098e-06,9.57251e-06
1.80002,9.62019e-06,9.62019e-06,9.54866e-06,9.53674e-06,9.53674e-06,9.52482e-06,9.58443e-06
1.90002,9.65595e-06,9.60827e-06,9.53674e-06,9.52482e-06,9.52482e-06,9.53674e-06,9.60827e-06
2.00002,9.66787e-06,9.62019e-06,9.5129e-06,9.48906e-06,9.53674e-06,9.54866e-06,9.60827e-06
2.10002,9.66787e-06,9.60827e-06,9.54866e-06,9.5129e-06,9.52482e-06,9.52482e-06,9.60827e-06
2.20002,9.66787e-06,9.64403e-06,9.5129e-06,9.5129e-06,9.52482e-06,9.53674e-06,9.57251e-06
2.30002,9.66787e-06,9.63211e-06,9.54866e-06,9.5129e-06,9.50098e-06,9.54866e-06,9.58443e-06
2.40002,9.66787e-06,9.63211e-06,9.60827e-06,9.52482e-06,9.5129e-06,9.56059e-06,9.57251e-06
2.50002,9.65595e-06,9.62019e-06,9.57251e-06,9.56059e-06,9.52482e-06,9.56059e-06,9.62019e-06
2.60003,9.69172e-06,9.64403e-06,9.58443e-06,9.57251e-06,9.54866e-06,9.56059e-06,9.59635e-06
2.70003,9.70364e-06,9.59635e-06,9.59635e-06,9.54866e-06,9.53674e-06,9.52482e-06,9.54866e-06
2.80003,9.67979e-06,9.65595e-06,9.58443e-06,9.5129e-06,9.5129e-06,9.52482e-06,9.62019e-06
2.90003,9.65595e-06,9.64403e-06,9.58443e-06,9.52482e-06,9.5129e-06,9.48906e-06,9.65595e-06
3.00003,9.67979e-06,9.63211e-06,9.59635e-06,9.52482e-06,9.53674e-06,9.50098e-06,9.65595e-06
3.10003,9.67979e-06,9.62019e-06,9.60827e-06,9.57251e-06,9.52482e-06,9.5129e-06,9.64403e-06
3.20003,9.64403e-06,9.63211e-06,9.63211e-06,9.54866e-06,9.56059e-06,9.53674e-06,9.64403e-06
3.30003,9.67979e-06,9.67979e-06,9.59635e-06,9.54866e-06,9.56059e-06,9.56059e-06,9.67979e-06
3.40003,9.69172e-06,9.66787e-06,9.62019e-06,9.57251e-06,9.58443e-06,9.53674e-06,9.64403e-06
3.50004,9.66787e-06,9.67979e-06,9.60827e-06,9.59635e-06,9.57251e-06,9.54866e-06,9.64403e-06
3.60004,9.69172e-06,9.63211e-06,9.64403e-06,9.62019e-06,9.54866e-06,9.57251e-06,9.60827e-06
3.70004,9.67979e-06,9.66787e-06,9.63211e-06,9.63211e-06,9.57251e-06,9.56059e-06,9.65595e-06
3.80004,9.66787e-06,9.66787e-06,9.59635e-06,9.60827e-06,9.54866e-06,9.54866e-06,9.67979e-06
3.90004,9.65595e-06,9.65595e-06,9.64403e-06,9.59635e-06,9.56059e-06,9.57251e-06,9.67979e-06
4.00004,9.67979e-06,9.65595e-06,9.65595e-06,9.60827e-06,9.52482e-06,9.57251e-06,9.67979e-06
4.10004,9.67979e-06,9.65595e-06,9.65595e-06,9.58443e-06,9.5129e-06,9.58443e-06,9.65595e-06
4.20004,9.67979e-06,9.64403e-06,9.64403e-06,9.60827e-06,9.5129e-06,9.56059e-06,9.63211e-06
4.30004,9.71556e-06,9.63211e-06,9.60827e-06,9.63211e-06,9.5129e-06,9.56059e-06,9.60827e-06
4.40004,9.69172e-06,9.63211e-06,9.62019e-06,9.60827e-06,9.52482e-06,9.53674e-06,9.63211e-06
4.50005,9.67979e-06,9.63211e-06,9.63211e-06,9.58443e-06,9.54866e-06,9.54866e-06,9.64403e-06
4.60005,9.67979e-06,9.63211e-06,9.62019e-06,9.59635e-06,9.57251e-06,9.58443e-06,9.66787e-06
4.70005,9.66787e-06,9.64403e-06,9.58443e-06,9.62019e-06,9.53674e-06,9.56059e-06,9.64403e-06
4.80005,9.67979e-06,9.64403e-06,9.60827e-06,9.57251e-06,9.53674e-06,9.58443e-06,9.65595e-06
4.90005,9.69172e-06,9.66787e-06,9.59635e-06,9.60827e-06,9.57251e-06,9.56059e-06,9.66787e-06
5.00005,9.71556e-06,9.66787e-06,9.62019e-06,9.58443e-06,9.54866e-06,9.58443e-06,9.66787e-06
5.10005,9.72748e-06,9.66787e-06,9.62019e-06,9.59635e-06,9.54866e-06,9.54866e-06,9.66787e-06
5.20005,9.69172e-06,9.66787e-06,9.62019e-06,9.58443e-06,9.53674e-06,9.59635e-06,9.69172e-06
5.30005,9.71556e-06,9.70364e-06,9.62019e-06,9.62019e-06,9.57251e-06,9.59635e-06,9.67979e-06
5.40005,9.66787e-06,9.67979e-06,9.65595e-06,9.59635e-06,9.54866e-06,9.58443e-06,9.67979e-06
5.50005,9.72748e-06,9.64403e-06,9.63211e-06,9.59635e-06,9.53674e-06,9.59635e-06,9.67979e-06
5.60006,9.71556e-06,9.65595e-06,9.63211e-06,9.59635e-06,9.54866e-06,9.56059e-06,9.67979e-06
5.70006,9.75132e-06,9.71556e-06,9.63211e-06,9.62019e-06,9.57251e-06,9.59635e-06,9.66787e-06
5.80006,9.72748e-06,9.7394e-06,9.62019e-06,9.63211e-06,9.59635e-06,9.59635e-06,9.69172e-06
5.90006,9.7394e-06,9.72748e-06,9.63211e-06,9.67979e-06,9.62019e-06,9.58443e-06,9.71556e-06
6.00006,9.70364e-06,9.70364e-06,9.62019e-06,9.64403e-06,9.59635e-06,9.57251e-06,9.69172e-06
6.10006,9.67979e-06,9.67979e-06,9.63211e-06,9.64403e-06,9.59635e-06,9.59635e-06,9.72748e-06
6.20006,9.70364e-06,9.71556e-06,9.62019e-06,9.64403e-06,9.60827e-06,9.57251e-06,9.72748e-06
6.30006,9.76324e-06,9.67979e-06,9.60827e-06,9.69172e-06,9.57251e-06,9.62019e-06,9.72748e-06
6.40006,9.77516e-06,9.69172e-06,9.63211e-06,9.65595e-06,9.58443e-06,9.60827e-06,9.72748e-06
6.50006,9.76324e-06,9.71556e-06,9.64403e-06,9.60827e-06,9.58443e-06,9.59635e-06,9.67979e-06
6.60007,9.7394e-06,9.67979e-06,9.64403e-06,9.65595e-06,9.58443e-06,9.59635e-06,9.70364e-06
6.70007,9.7394e-06,9.69172e-06,9.65595e-06,9.65595e-06,9.58443e-06,9.54866e-06,9.70364e-06
6.80007,9.7394e-06,9.67979e-06,9.63211e-06,9.65595e-06,9.57251e-06,9.56059e-06,9.69172e-06
6.90007,9.77516e-06,9.69172e-06,9.66787e-06,9.64403e-06,9.54866e-06,9.58443e-06,9.66787e-06
7.00007,9.78708e-06,9.69172e-06,9.62019e-06,9.66787e-06,9.58443e-06,9.59635e-06,9.67979e-06
7.10007,9.72748e-06,9.70364e-06,9.65595e-06,9.67979e-06,9.58443e-06,9.56059e-06,9.69172e-06
7.20007,9.76324e-06,9.71556e-06,9.65595e-06,9.70364e-06,9.58443e-06,9.59635e-06,9.67979e-06
7.30007,9.76324e-06,9.70364e-06,9.65595e-06,9.65595e-06,9.60827e-06,9.57251e-06,9.70364e-06
7.40007,9.78708e-06,9.69172e-06,9.66787e-06,9.65595e-06,9.58443e-06,9.57251e-06,9.69172e-06
7.50007,9.77516e-06,9.72748e-06,9.64403e-06,9.66787e-06,9.63211e-06,9.57251e-06,9.70364e-06
7.60008,9.77516e-06,9.70364e-06,9.64403e-06,9.65595e-06,9.64403e-06,9.57251e-06,9.69172e-06
7.70008,9.76324e-06,9.70364e-06,9.64403e-06,9.64403e-06,9.63211e-06,9.57251e-06,9.71556e-06
7.80008,9.77516e-06,9.69172e-06,9.63211e-06,9.66787e-06,9.63211e-06,9.57251e-06,9.70364e-06
7.90008,9.7394e-06,9.67979e-06,9.66787e-06,9.67979e-06,9.66787e-06,9.56059e-06,9.70364e-06
8.00008,9.72748e-06,9.67979e-06,9.65595e-06,9.71556e-06,9.65595e-06,9.56059e-06,9.69172e-06
8.10008,9.72748e-06,9.70364e-06,9.65595e-06,9.71556e-06,9.65595e-06,9.56059e-06,9.69172e-06
8.20008,9.72748e-06,9.66787e-06,9.65595e-06,9.72748e-06,9.66787e-06,9.60827e-06,9.66787e-06
8.30008,9.78708e-06,9.69172e-06,9.66787e-06,9.69172e-06,9.62019e-06,9.58443e-06,9.70364e-06
8.40008,9.75132e-06,9.66787e-06,9.63211e-06,9.72748e-06,9.64403e-06,9.57251e-06,9.70364e-06
8.50009,9.75132e-06,9.67979e-06,9.64403e-06,9.72748e-06,9.66787e-06,9.58443e-06,9.67979e-06
8.60009,9.7394e-06,9.67979e-06,9.64403e-06,9.66787e-06,9.66787e-06,9.58443e-06,9.71556e-06
8.70009,9.72748e-06,9.71556e-06,9.65595e-06,9.71556e-06,9.65595e-06,9.58443e-06,9.72748e-06
8.80009,9.78708e-06,9.67979e-06,9.65595e-06,9.67979e-06,9.62019e-06,9.59635e-06,9.70364e-06
8.90009,9.75132e-06,9.69172e-06,9.64403e-06,9.69172e-06,9.60827e-06,9.59635e-06,9.69172e-06
9.00009,9.76324e-06,9.67979e-06,9.64403e-06,9.69172e-06,9.62019e-06,9.57251e-06,9.67979e-06
9.10009,9.76324e-06,9.67979e-06,9.66787e-06,9.69172e-06,9.62019e-06,9.57251e-06,9.70364e-06
9.20009,9.76324e-06,9.66787e-06,9.66787e-06,9.71556e-06,9.62019e-06,9.59635e-06,9.7394e-06
9.30009,9.77516e-06,9.67979e-06,9.64403e-06,9.69172e-06,9.64403e-06,9.60827e-06,9.71556e-06
9.40009,9.76324e-06,9.70364e-06,9.66787e-06,9.71556e-06,9.66787e-06,9.62019e-06,9.69172e-06
9.50009,9.77516e-06,9.72748e-06,9.66787e-06,9.70364e-06,9.64403e-06,9.60827e-06,9.72748e-06
9.6001,9.76324e-06,9.69172e-06,9.67979e-06,9.70364e-06,9.66787e-06,9.57251e-06,9.70364e-06
9.7001,9.77516e-06,9.65595e-06,9.71556e-06,9.70364e-06,9.59635e-06,9.60827e-06,9.71556e-06
9.8001,9.75132e-06,9.69172e-06,9.70364e-06,9.69172e-06,9.64403e-06,9.58443e-06,9.72748e-06
9.9001,9.78708e-06,9.69172e-06,9.71556e-06,9.69172e-06,9.60827e-06,9.57251e-06,9.71556e-06
10.0001,9.77516e-06,9.70364e-06,9.71556e-06,9.71556e-06,9.65595e-06,9.59635e-06,9.71556e-06
10.1001,9.78708e-06,9.69172e-06,9.65595e-06,9.70364e-06,9.62019e-06,9.60827e-06,9.71556e-06
10.2001,9.75132e-06,9.69172e-06,9.70364e-06,9.71556e-06,9.65595e-06,9.63211e-06,9.69172e-06
10.3001,9.77516e-06,9.69172e-06,9.67979e-06,9.70364e-06,9.66787e-06,9.62019e-06,9.71556e-06
10.4001,9.78708e-06,9.70364e-06,9.72748e-06,9.67979e-06,9.62019e-06,9.63211e-06,9.75132e-06
10.5001,9.77516e-06,9.70364e-06,9.67979e-06,9.70364e-06,9.62019e-06,9.63211e-06,9.70364e-06
10.6001,9.77516e-06,9.67979e-06,9.70364e-06,9.70364e-06,9.60827e-06,9.63211e-06,9.69172e-06
10.7001,9.76324e-06,9.69172e-06,9.70364e-06,9.66787e-06,9.63211e-06,9.63211e-06,9.70364e-06
10.8001,9.76324e-06,9.71556e-06,9.69172e-06,9.66787e-06,9.59635e-06,9.66787e-06,9.70364e-06
10.9001,9.799e-06,9.71556e-06,9.69172e-06,9.66787e-06,9.57251e-06,9.66787e-06,9.69172e-06
11.0001,9.78708e-06,9.72748e-06,9.66787e-06,9.71556e-06,9.60827e-06,9.63211e-06,9.70364e-06
11.1001,9.81092e-06,9.71556e-06,9.70364e-06,9.70364e-06,9.64403e-06,9.63211e-06,9.69172e-06
11.2001,9.78708e-06,9.69172e-06,9.67979e-06,9.66787e-06,9.59635e-06,9.63211e-06,9.67979e-06
11.3001,9.76324e-06,9.72748e-06,9.69172e-06,9.69172e-06,9.59635e-06,9.62019e-06,9.66787e-06
11.4001,9.78708e-06,9.7394e-06,9.71556e-06,9.71556e-06,9.59635e-06,9.60827e-06,9.65595e-06
11.5001,9.78708e-06,9.71556e-06,9.67979e-06,9.71556e-06,9.60827e-06,9.62019e-06,9.67979e-06
11.6001,9.78708e-06,9.70364e-06,9.69172e-06,9.70364e-06,9.58443e-06,9.65595e-06,9.69172e-06
11.7001,9.799e-06,9.71556e-06,9.70364e-06,9.70364e-06,9.60827e-06,9.62019e-06,9.67979e-06
11.8001,9.81092e-06,9.69172e-06,9.70364e-06,9.69172e-06,9.59635e-06,9.63211e-06,9.67979e-06
11.9001,9.77516e-06,9.67979e-06,9.70364e-06,9.67979e-06,9.58443e-06,9.64403e-06,9.66787e-06
12.0001,9.78708e-06,9.71556e-06,9.72748e-06,9.65595e-06,9.59635e-06,9.63211e-06,9.66787e-06
12.1001,9.82285e-06,9.69172e-06,9.71556e-06,9.70364e-06,9.56059e-06,9.62019e-06,9.67979e-06
12.2001,9.82285e-06,9.70364e-06,9.66787e-06,9.66787e-06,9.59635e-06,9.64403e-06,9.70364e-06
12.3001,9.81092e-06,9.70364e-06,9.70364e-06,9.69172e-06,9.59635e-06,9.65595e-06,9.71556e-06
12.4001,9.799e-06,9.72748e-06,9.66787e-06,9.71556e-06,9.60827e-06,9.64403e-06,9.71556e-06
12.5001,9.78708e-06,9.69172e-06,9.69172e-06,9.70364e-06,9.60827e-06,9.62019e-06,9.71556e-06
12.6001,9.77516e-06,9.70364e-06,9.72748e-06,9.7394e-06,9.60827e-06,9.65595e-06,9.70364e-06
12.7001,9.799e-06,9.70364e-06,9.67979e-06,9.70364e-06,9.63211e-06,9.66787e-06,9.67979e-06
12.8001,9.83477e-06,9.70364e-06,9.69172e-06,9.69172e-06,9.64403e-06,9.63211e-06,9.65595e-06
12.9001,9.799e-06,9.69172e-06,9.70364e-06,9.70364e-06,9.62019e-06,9.64403e-06,9.64403e-06
13.0001,9.81092e-06,9.70364e-06,9.67979e-06,9.69172e-06,9.59635e-06,9.64403e-06,9.69172e-06
13.1001,9.81092e-06,9.71556e-06,9.67979e-06,9.70364e-06,9.60827e-06,9.65595e-06,9.65595e-06
13.2001,9.799e-06,9.71556e-06,9.70364e-06,9.70364e-06,9.60827e-06,9.63211e-06,9.66787e-06
13.3001,9.83477e-06,9.67979e-06,9.66787e-06,9.69172e-06,9.62019e-06,9.64403e-06,9.67979e-06
13.4001,9.82285e-06,9.67979e-06,9.66787e-06,9.66787e-06,9.60827e-06,9.60827e-06,9.71556e-06
13.5001,9.83477e-06,9.70364e-06,9.67979e-06,9.66787e-06,9.60827e-06,9.62019e-06,9.69172e-06
13.6001,9.82285e-06,9.71556e-06,9.67979e-06,9.67979e-06,9.63211e-06,9.62019e-06,9.71556e-06
13.7001,9.81092e-06,9.75132e-06,9.67979e-06,9.69172e-06,9.62019e-06,9.62019e-06,9.7394e-06
13.8001,9.81092e-06,9.70364e-06,9.65595e-06,9.72748e-06,9.63211e-06,9.63211e-06,9.71556e-06
13.9001,9.82285e-06,9.69172e-06,9.69172e-06,9.71556e-06,9.64403e-06,9.65595e-06,9.70364e-06
14.0001,9.85861e-06,9.71556e-06,9.69172e-06,9.66787e-06,9.64403e-06,9.66787e-06,9.69172e-06
14.1001,9.81092e-06,9.70364e-06,9.69172e-06,9.70364e-06,9.66787e-06,9.65595e-06,9.67979e-06
14.2001,9.81092e-06,9.7394e-06,9.69172e-06,9.71556e-06,9.67979e-06,9.67979e-06,9.67979e-06
14.3001,9.81092e-06,9.75132e-06,9.69172e-06,9.72748e-06,9.65595e-06,9.64403e-06,9.66787e-06
14.4001,9.82285e-06,9.7394e-06,9.72748e-06,9.7394e-06,9.66787e-06,9.66787e-06,9.67979e-06
14.5001,9.83477e-06,9.71556e-06,9.67979e-06,9.69172e-06,9.66787e-06,9.67979e-06,9.65595e-06
14.6001,9.81092e-06,9.7394e-06,9.71556e-06,9.69172e-06,9.67979e-06,9.66787e-06,9.70364e-06
14.7001,9.82285e-06,9.71556e-06,9.70364e-06,9.7394e-06,9.63211e-06,9.65595e-06,9.70364e-06
14.8001,9.82285e-06,9.71556e-06,9.71556e-06,9.67979e-06,9.66787e-06,9.63211e-06,9.70364e-06
14.9001,9.83477e-06,9.71556e-06,9.71556e-06,9.69172e-06,9.67979e-06,9.63211e-06,9.69172e-06
15.0001,9.82285e-06,9.72748e-06,9.70364e-06,9.69172e-06,9.64403e-06,9.65595e-06,9.71556e-06
15.1002,9.84669e-06,9.66787e-06,9.71556e-06,9.70364e-06,9.62019e-06,9.66787e-06,9.69172e-06
15.2002,9.82285e-06,9.69172e-06,9.71556e-06,9.69172e-06,9.63211e-06,9.65595e-06,9.67979e-06
15.3002,9.83477e-06,9.67979e-06,9.76324e-06,9.71556e-06,9.60827e-06,9.66787e-06,9.70364e-06
15.4002,9.81092e-06,9.71556e-06,9.75132e-06,9.71556e-06,9.65595e-06,9.67979e-06,9.70364e-06
15.5002,9.799e-06,9.69172e-06,9.75132e-06,9.71556e-06,9.63211e-06,9.64403e-06,9.67979e-06
15.6002,9.81092e-06,9.69172e-06,9.75132e-06,9.7394e-06,9.65595e-06,9.66787e-06,9.71556e-06
15.7002,9.799e-06,9.69172e-06,9.72748e-06,9.72748e-06,9.65595e-06,9.65595e-06,9.72748e-06
15.8002,9.81092e-06,9.71556e-06,9.76324e-06,9.72748e-06,9.63211e-06,9.66787e-06,9.70364e-06
15.9002,9.81092e-06,9.70364e-06,9.7394e-06,9.70364e-06,9.60827e-06,9.67979e-06,9.69172e-06
16.0002,1.12295e-05,1.31249e-05,1.54853e-05,1.81913e-05,2.11716e-05,2.45929e-05,2.82884e-05
16.1002,1.11818e-05,1.297e-05,1.51873e-05,1.76787e-05,2.03133e-05,2.32458e-05,2.63453e-05
16.2002,1.12176e-05,1.29342e-05,1.51515e-05,1.75595e-05,2.01345e-05,2.29359e-05,2.58565e-05
16.3002,1.11699e-05,1.29223e-05,1.51038e-05,1.74999e-05,2.00391e-05,2.27571e-05,2.56419e-05
16.4002,1.11818e-05,1.29104e-05,1.508e-05,1.74642e-05,2.00152e-05,2.26855e-05,2.55108e-05
16.5002,1.11938e-05,1.29104e-05,1.50323e-05,1.74522e-05,1.99676e-05,2.26617e-05,2.54393e-05
16.6002,1.11938e-05,1.29104e-05,1.50442e-05,1.74403e-05,1.99437e-05,2.25902e-05,2.53916e-05
16.7002,1.11699e-05,1.29104e-05,1.508e-05,1.73926e-05,1.9908e-05,2.25782e-05,2.53439e-05
16.8002,1.11699e-05,1.29342e-05,1.50561e-05,1.74284e-05,1.98841e-05,2.25663e-05,2.52485e-05
16.9002,1.11699e-05,1.29223e-05,1.50681e-05,1.74046e-05,1.9896e-05,2.25425e-05,2.51889e-05
17.0002,9.87053e-06,9.84669e-06,9.90629e-06,9.78708e-06,9.67979e-06,9.5129e-06,9.2864e-06
17.1002,9.90629e-06,9.90629e-06,1.00136e-05,1.00374e-05,1.00136e-05,1.00017e-05,1.00017e-05
17.2002,9.88245e-06,9.85861e-06,9.95398e-06,9.93013e-06,9.91821e-06,9.91821e-06,9.89437e-06
17.3002,9.84669e-06,9.83477e-06,9.93013e-06,9.94205e-06,9.87053e-06,9.88245e-06,9.85861e-06
17.4002,9.88245e-06,9.82285e-06,9.90629e-06,9.89437e-06,9.799e-06,9.81092e-06,9.78708e-06
17.5002,9.87053e-06,9.82285e-06,9.89437e-06,9.89437e-06,9.81092e-06,9.77516e-06,9.77516e-06
17.6002,9.87053e-06,9.83477e-06,9.88245e-06,9.87053e-06,9.77516e-06,9.76324e-06,9.72748e-06
17.7002,9.85861e-06,9.799e-06,9.89437e-06,9.85861e-06,9.75132e-06,9.7394e-06,9.71556e-06
17.8002,9.85861e-06,9.76324e-06,9.82285e-06,9.85861e-06,9.7394e-06,9.75132e-06,9.70364e-06
17.9002,9.83477e-06,9.76324e-06,9.84669e-06,9.88245e-06,9.71556e-06,9.76324e-06,9.67979e-06
18.0002,9.81092e-06,9.77516e-06,9.799e-06,9.84669e-06,9.71556e-06,9.71556e-06,9.69172e-06
18.1002,9.82285e-06,9.76324e-06,9.76324e-06,9.81092e-06,9.75132e-06,9.7394e-06,9.65595e-06
18.2002,9.87053e-06,9.799e-06,9.78708e-06,9.799e-06,9.75132e-06,9.72748e-06,9.65595e-06
18.3002,9.84669e-06,9.78708e-06,9.76324e-06,9.82285e-06,9.77516e-06,9.71556e-06,9.64403e-06
18.4002,9.84669e-06,9.76324e-06,9.76324e-06,9.799e-06,9.75132e-06,9.70364e-06,9.64403e-06
18.5002,9.83477e-06,9.76324e-06,9.76324e-06,9.77516e-06,9.72748e-06,9.66787e-06,9.65595e-06
18.6002,9.81092e-06,9.75132e-06,9.76324e-06,9.799e-06,9.7394e-06,9.70364e-06,9.66787e-06
18.7002,9.84669e-06,9.77516e-06,9.82285e-06,9.799e-06,9.70364e-06,9.70364e-06,9.62019e-06
18.8002,9.83477e-06,9.77516e-06,9.81092e-06,9.76324e-06,9.7394e-06,9.67979e-06,9.62019e-06
18.9002,9.85861e-06,9.78708e-06,9.81092e-06,9.71556e-06,9.72748e-06,9.67979e-06,9.58443e-06
19.0002,9.88245e-06,9.77516e-06,9.81092e-06,9.78708e-06,9.7394e-06,9.66787e-06,9.60827e-06
19.1002,9.85861e-06,9.76324e-06,9.83477e-06,9.72748e-06,9.72748e-06,9.67979e-06,9.59635e-06
19.2002,9.85861e-06,9.76324e-06,9.799e-06,9.78708e-06,9.72748e-06,9.66787e-06,9.57251e-06
19.3002,9.85861e-06,9.81092e-06,9.81092e-06,9.82285e-06,9.70364e-06,9.67979e-06,9.59635e-06
19.4002,9.84669e-06,9.799e-06,9.75132e-06,9.78708e-06,9.69172e-06,9.65595e-06,9.58443e-06
19.5002,9.84669e-06,9.799e-06,9.7394e-06,9.78708e-06,9.70364e-06,9.65595e-06,9.64403e-06
19.6002,9.87053e-06,9.78708e-06,9.75132e-06,9.75132e-06,9.69172e-06,9.69172e-06,9.62019e-06
19.7002,9.84669e-06,9.77516e-06,9.75132e-06,9.77516e-06,9.70364e-06,9.67979e-06,9.62019e-06
19.8002,9.83477e-06,9.75132e-06,9.75132e-06,9.75132e-06,9.72748e-06,9.69172e-06,9.64403e-06
19.9002,9.85861e-06,9.76324e-06,9.72748e-06,9.78708e-06,9.71556e-06,9.69172e-06,9.66787e-06
20.0002,9.91821e-06,9.71556e-06,9.72748e-06,9.75132e-06,9.66787e-06,9.66787e-06,9.63211e-06
20.1002,9.87053e-06,9.75132e-06,9.75132e-06,9.77516e-06,9.66787e-06,9.66787e-06,9.64403e-06
20.2002,9.87053e-06,9.75132e-06,9.75132e-06,9.76324e-06,9.69172e-06,9.67979e-06,9.62019e-06
20.3002,9.89437e-06,9.76324e-06,9.76324e-06,9.75132e-06,9.70364e-06,9.66787e-06,9.63211e-06
20.4002,9.87053e-06,9.76324e-06,9.77516e-06,9.76324e-06,9.67979e-06,9.65595e-06,9.64403e-06
20.5002,9.89437e-06,9.77516e-06,9.799e-06,9.75132e-06,9.63211e-06,9.66787e-06,9.63211e-06
20.6002,9.87053e-06,9.77516e-06,9.77516e-06,9.71556e-06,9.66787e-06,9.66787e-06,9.60827e-06
20.7002,9.85861e-06,9.77516e-06,9.77516e-06,9.71556e-06,9.66787e-06,9.65595e-06,9.60827e-06
20.8002,9.87053e-06,9.77516e-06,9.75132e-06,9.7394e-06,9.64403e-06,9.64403e-06,9.62019e-06
20.9002,9.90629e-06,9.72748e-06,9.76324e-06,9.70364e-06,9.63211e-06,9.71556e-06,9.62019e-06
21.0002,9.87053e-06,9.7394e-06,9.76324e-06,9.7394e-06,9.65595e-06,9.69172e-06,9.60827e-06
21.1002,9.87053e-06,9.77516e-06,9.75132e-06,9.72748e-06,9.70364e-06,9.67979e-06,9.64403e-06
21.2002,9.84669e-06,9.7394e-06,9.72748e-06,9.72748e-06,9.71556e-06,9.66787e-06,9.59635e-06
21.3002,9.85861e-06,9.75132e-06,9.72748e-06,9.71556e-06,9.67979e-06,9.66787e-06,9.57251e-06
21.4002,9.84669e-06,9.77516e-06,9.71556e-06,9.76324e-06,9.66787e-06,9.65595e-06,9.57251e-06
21.5002,9.82285e-06,9.75132e-06,9.71556e-06,9.7394e-06,9.66787e-06,9.67979e-06,9.57251e-06
21.6002,9.85861e-06,9.75132e-06,9.75132e-06,9.76324e-06,9.65595e-06,9.64403e-06,9.58443e-06
21.7002,9.81092e-06,9.76324e-06,9.7394e-06,9.72748e-06,9.65595e-06,9.64403e-06,9.56059e-06
21.8002,9.83477e-06,9.75132e-06,9.7394e-06,9.7394e-06,9.65595e-06,9.62019e-06,9.57251e-06
21.9002,9.85861e-06,9.76324e-06,9.70364e-06,9.70364e-06,9.66787e-06,9.63211e-06,9.58443e-06
22.0002,9.88245e-06,9.77516e-06,9.70364e-06,9.67979e-06,9.64403e-06,9.57251e-06,9.58443e-06
22.1002,9.88245e-06,9.72748e-06,9.71556e-06,9.71556e-06,9.65595e-06,9.59635e-06,9.58443e-06
22.2002,9.89437e-06,9.7394e-06,9.69172e-06,9.69172e-06,9.65595e-06,9.59635e-06,9.60827e-06
22.3002,9.87053e-06,9.7394e-06,9.65595e-06,9.71556e-06,9.63211e-06,9.62019e-06,9.58443e-06
22.4002,9.88245e-06,9.76324e-06,9.69172e-06,9.72748e-06,9.69172e-06,9.62019e-06,9.57251e-06
22.5002,9.87053e-06,9.76324e-06,9.72748e-06,9.69172e-06,9.66787e-06,9.60827e-06,9.57251e-06
22.6002,9.85861e-06,9.75132e-06,9.70364e-06,9.70364e-06,9.65595e-06,9.63211e-06,9.57251e-06
22.7002,9.87053e-06,9.7394e-06,9.67979e-06,9.70364e-06,9.64403e-06,9.62019e-06,9.57251e-06
22.8002,9.87053e-06,9.72748e-06,9.67979e-06,9.67979e-06,9.63211e-06,9.59635e-06,9.57251e-06
22.9002,9.87053e-06,9.75132e-06,9.67979e-06,9.64403e-06,9.60827e-06,9.60827e-06,9.60827e-06
23.0002,9.89437e-06,9.7394e-06,9.70364e-06,9.66787e-06,9.60827e-06,9.63211e-06,9.59635e-06
23.1002,9.89437e-06,9.72748e-06,9.69172e-06,9.66787e-06,9.59635e-06,9.62019e-06,9.58443e-06
23.2002,9.87053e-06,9.72748e-06,9.72748e-06,9.67979e-06,9.59635e-06,9.59635e-06,9.58443e-06
23.3002,9.89437e-06,9.76324e-06,9.70364e-06,9.65595e-06,9.64403e-06,9.57251e-06,9.60827e-06
23.4002,9.88245e-06,9.77516e-06,9.71556e-06,9.67979e-06,9.64403e-06,9.58443e-06,9.58443e-06
23.5002,9.87053e-06,9.78708e-06,9.71556e-06,9.67979e-06,9.64403e-06,9.60827e-06,9.57251e-06
23.6002,9.84669e-06,9.76324e-06,9.75132e-06,9.65595e-06,9.64403e-06,9.59635e-06,9.56059e-06
23.7002,9.85861e-06,9.76324e-06,9.7394e-06,9.66787e-06,9.60827e-06,9.58443e-06,9.56059e-06
23.8002,9.84669e-06,9.799e-06,9.75132e-06,9.70364e-06,9.62019e-06,9.60827e-06,9.56059e-06
23.9002,9.87053e-06,9.78708e-06,9.71556e-06,9.67979e-06,9.62019e-06,9.63211e-06,9.56059e-06
24.0002,9.87053e-06,9.75132e-06,9.7394e-06,9.66787e-06,9.60827e-06,9.62019e-06,9.54866e-06
24.1002,9.84669e-06,9.7394e-06,9.71556e-06,9.64403e-06,9.65595e-06,9.65595e-06,9.56059e-06
24.2002,9.85861e-06,9.7394e-06,9.70364e-06,9.65595e-06,9.64403e-06,9.65595e-06,9.53674e-06
24.3002,9.84669e-06,9.7394e-06,9.71556e-06,9.70364e-06,9.66787e-06,9.58443e-06,9.56059e-06
24.4002,9.85861e-06,9.7394e-06,9.72748e-06,9.67979e-06,9.64403e-06,9.57251e-06,9.58443e-06
24.5002,9.84669e-06,9.77516e-06,9.70364e-06,9.70364e-06,9.62019e-06,9.57251e-06,9.57251e-06
24.6002,9.84669e-06,9.75132e-06,9.71556e-06,9.70364e-06,9.65595e-06,9.59635e-06,9.56059e-06
24.7002,9.84669e-06,9.76324e-06,9.75132e-06,9.67979e-06,9.62019e-06,9.59635e-06,9.54866e-06
24.8002,9.84669e-06,9.72748e-06,9.7394e-06,9.66787e-06,9.60827e-06,9.58443e-06,9.53674e-06
24.9002,9.83477e-06,9.7394e-06,9.7394e-06,9.70364e-06,9.62019e-06,9.63211e-06,9.54866e-06
25.0002,9.82285e-06,9.7394e-06,9.72748e-06,9.69172e-06,9.63211e-06,9.57251e-06,9.52482e-06
25.1003,9.83477e-06,9.75132e-06,9.69172e-06,9.69172e-06,9.63211e-06,9.57251e-06,9.53674e-06
25.2003,9.82285e-06,9.75132e-06,9.69172e-06,9.69172e-06,9.63211e-06,9.56059e-06,9.50098e-06
25.3003,9.83477e-06,9.75132e-06,9.70364e-06,9.71556e-06,9.60827e-06,9.59635e-06,9.53674e-06
25.4003,9.87053e-06,9.7394e-06,9.70364e-06,9.70364e-06,9.64403e-06,9.58443e-06,9.57251e-06
25.5003,9.88245e-06,9.77516e-06,9.70364e-06,9.71556e-06,9.62019e-06,9.58443e-06,9.56059e-06
25.6003,9.85861e-06,9.7394e-06,9.71556e-06,9.7394e-06,9.62019e-06,9.58443e-06,9.58443e-06
25.7003,9.88245e-06,9.71556e-06,9.69172e-06,9.66787e-06,9.64403e-06,9.58443e-06,9.57251e-06
25.8003,9.85861e-06,9.72748e-06,9.69172e-06,9.65595e-06,9.62019e-06,9.56059e-06,9.56059e-06
25.9003,9.83477e-06,9.7394e-06,9.67979e-06,9.65595e-06,9.64403e-06,9.59635e-06,9.54866e-06
26.0003,9.83477e-06,9.77516e-06,9.67979e-06,9.69172e-06,9.59635e-06,9.59635e-06,9.57251e-06
26.1003,9.87053e-06,9.76324e-06,9.72748e-06,9.67979e-06,9.62019e-06,9.58443e-06,9.56059e-06
26.2003,9.82285e-06,9.76324e-06,9.70364e-06,9.65595e-06,9.62019e-06,9.60827e-06,9.56059e-06
26.3003,9.82285e-06,9.76324e-06,9.69172e-06,9.66787e-06,9.64403e-06,9.59635e-06,9.57251e-06
26.4003,9.84669e-06,9.75132e-06,9.69172e-06,9.69172e-06,9.64403e-06,9.59635e-06,9.56059e-06
26.5003,9.799e-06,9.76324e-06,9.66787e-06,9.69172e-06,9.62019e-06,9.54866e-06,9.53674e-06
26.6003,9.76324e-06,9.81092e-06,9.67979e-06,9.70364e-06,9.62019e-06,9.54866e-06,9.53674e-06
26.7003,9.81092e-06,9.78708e-06,9.67979e-06,9.69172e-06,9.63211e-06,9.54866e-06,9.50098e-06
26.8003,9.83477e-06,9.77516e-06,9.71556e-06,9.69172e-06,9.63211e-06,9.56059e-06,9.5129e-06
26.9003,9.81092e-06,9.76324e-06,9.70364e-06,9.66787e-06,9.63211e-06,9.57251e-06,9.5129e-06
27.0003,9.82285e-06,9.78708e-06,9.69172e-06,9.66787e-06,9.63211e-06,9.58443e-06,9.5129e-06
27.1003,9.78708e-06,9.75132e-06,9.71556e-06,9.66787e-06,9.65595e-06,9.58443e-06,9.52482e-06
27.2003,9.82285e-06,9.76324e-06,9.66787e-06,9.66787e-06,9.65595e-06,9.58443e-06,9.52482e-06
27.3003,9.84669e-06,9.76324e-06,9.67979e-06,9.66787e-06,9.63211e-06,9.58443e-06,9.52482e-06
27.4003,9.82285e-06,9.75132e-06,9.64403e-06,9.66787e-06,9.64403e-06,9.57251e-06,9.53674e-06
27.5003,9.81092e-06,9.77516e-06,9.67979e-06,9.67979e-06,9.65595e-06,9.59635e-06,9.50098e-06
27.6003,9.81092e-06,9.75132e-06,9.64403e-06,9.69172e-06,9.62019e-06,9.60827e-06,9.53674e-06
27.7003,9.81092e-06,9.77516e-06,9.69172e-06,9.70364e-06,9.64403e-06,9.58443e-06,9.52482e-06
27.8003,9.78708e-06,9.76324e-06,9.72748e-06,9.69172e-06,9.64403e-06,9.54866e-06,9.53674e-06
27.9003,9.799e-06,9.70364e-06,9.65595e-06,9.69172e-06,9.62019e-06,9.56059e-06,9.53674e-06
28.0003,9.81092e-06,9.75132e-06,9.69172e-06,9.70364e-06,9.62019e-06,9.56059e-06,9.53674e-06
28.1003,9.81092e-06,9.7394e-06,9.67979e-06,9.70364e-06,9.62019e-06,9.56059e-06,9.56059e-06
28.2003,9.81092e-06,9.72748e-06,9.67979e-06,9.69172e-06,9.62019e-06,9.53674e-06,9.53674e-06
28.3003,9.82285e-06,9.76324e-06,9.67979e-06,9.66787e-06,9.60827e-06,9.57251e-06,9.53674e-06
28.4003,9.82285e-06,9.76324e-06,9.67979e-06,9.67979e-06,9.63211e-06,9.59635e-06,9.53674e-06
28.5003,9.82285e-06,9.72748e-06,9.69172e-06,9.66787e-06,9.63211e-06,9.56059e-06,9.54866e-06
28.6003,9.84669e-06,9.76324e-06,9.67979e-06,9.67979e-06,9.64403e-06,9.58443e-06,9.53674e-06
28.7003,9.82285e-06,9.72748e-06,9.69172e-06,9.67979e-06,9.66787e-06,9.56059e-06,9.52482e-06
28.8003,9.81092e-06,9.72748e-06,9.67979e-06,9.64403e-06,9.63211e-06,9.58443e-06,9.48906e-06
28.9003,9.82285e-06,9.71556e-06,9.67979e-06,9.69172e-06,9.65595e-06,9.58443e-06,9.54866e-06
29.0003,9.799e-06,9.7394e-06,9.67979e-06,9.70364e-06,9.63211e-06,9.58443e-06,9.54866e-06
29.1003,9.83477e-06,9.75132e-06,9.69172e-06,9.69172e-06,9.65595e-06,9.54866e-06,9.52482e-06
29.2003,9.83477e-06,9.77516e-06,9.65595e-06,9.67979e-06,9.59635e-06,9.54866e-06,9.54866e-06
29.3003,9.85861e-06,9.76324e-06,9.66787e-06,9.69172e-06,9.60827e-06,9.57251e-06,9.54866e-06
29.4003,9.84669e-06,9.76324e-06,9.64403e-06,9.70364e-06,9.60827e-06,9.54866e-06,9.53674e-06
29.5003,9.85861e-06,9.7394e-06,9.65595e-06,9.69172e-06,9.62019e-06,9.56059e-06,9.52482e-06
29.6003,9.84669e-06,9.76324e-06,9.64403e-06,9.65595e-06,9.62019e-06,9.57251e-06,9.53674e-06
29.7003,9.82285e-06,9.7394e-06,9.65595e-06,9.63211e-06,9.60827e-06,9.53674e-06,9.52482e-06
29.8003,9.81092e-06,9.799e-06,9.67979e-06,9.66787e-06,9.65595e-06,9.53674e-06,9.53674e-06
29.9003,9.82285e-06,9.76324e-06,9.69172e-06,9.66787e-06,9.63211e-06,9.53674e-06,9.54866e-06
30.0003,9.84669e-06,9.76324e-06,9.66787e-06,9.65595e-06,9.63211e-06,9.56059e-06,9.53674e-06
30.1003,9.82285e-06,9.77516e-06,9.69172e-06,9.65595e-06,9.63211e-06,9.53674e-06,9.52482e-06
30.2003,9.83477e-06,9.72748e-06,9.67979e-06,9.67979e-06,9.62019e-06,9.5129e-06,9.50098e-06
30.3003,9.84669e-06,9.75132e-06,9.66787e-06,9.66787e-06,9.63211e-06,9.52482e-06,9.5129e-06
30.4003,9.81092e-06,9.75132e-06,9.64403e-06,9.63211e-06,9.60827e-06,9.57251e-06,9.52482e-06
30.5003,9.83477e-06,9.72748e-06,9.64403e-06,9.64403e-06,9.60827e-06,9.56059e-06,9.53674e-06
30.6003,9.84669e-06,9.76324e-06,9.64403e-06,9.63211e-06,9.59635e-06,9.58443e-06,9.50098e-06
30.7003,9.85861e-06,9.799e-06,9.65595e-06,9.63211e-06,9.63211e-06,9.57251e-06,9.5129e-06
30.8003,9.83477e-06,9.77516e-06,9.65595e-06,9.63211e-06,9.62019e-06,9.58443e-06,9.5129e-06
30.9003,9.82285e-06,9.799e-06,9.69172e-06,9.64403e-06,9.60827e-06,9.54866e-06,9.5129e-06
31.0003,9.82285e-06,9.82285e-06,9.69172e-06,9.67979e-06,9.60827e-06,9.54866e-06,9.54866e-06
31.1003,9.799e-06,9.799e-06,9.66787e-06,9.64403e-06,9.60827e-06,9.53674e-06,9.5129e-06
31.2003,9.81092e-06,9.799e-06,9.67979e-06,9.60827e-06,9.60827e-06,9.54866e-06,9.50098e-06
31.3003,9.82285e-06,9.75132e-06,9.67979e-06,9.64403e-06,9.63211e-06,9.53674e-06,9.50098e-06
31.4003,9.83477e-06,9.76324e-06,9.69172e-06,9.63211e-06,9.59635e-06,9.52482e-06,9.50098e-06
31.5003,9.82285e-06,9.78708e-06,9.69172e-06,9.64403e-06,9.63211e-06,9.54866e-06,9.52482e-06
31.6003,9.81092e-06,9.799e-06,9.67979e-06,9.64403e-06,9.62019e-06,9.56059e-06,9.50098e-06
31.7003,9.82285e-06,9.799e-06,9.66787e-06,9.63211e-06,9.64403e-06,9.57251e-06,9.50098e-06
31.8003,9.81092e-06,9.75132e-06,9.70364e-06,9.63211e-06,9.60827e-06,9.56059e-06,9.50098e-06
31.9003,9.82285e-06,9.76324e-06,9.70364e-06,9.64403e-06,9.62019e-06,9.58443e-06,9.48906e-06
32.0003,9.84669e-06,9.72748e-06,9.7394e-06,9.64403e-06,9.60827e-06,9.58443e-06,9.48906e-06
32.1003,9.84669e-06,9.77516e-06,9.71556e-06,9.69172e-06,9.62019e-06,9.60827e-06,9.5129e-06
32.2003,9.83477e-06,9.78708e-06,9.67979e-06,9.64403e-06,9.63211e-06,9.59635e-06,9.48906e-06
32.3003,9.83477e-06,9.76324e-06,9.67979e-06,9.65595e-06,9.58443e-06,9.57251e-06,9.48906e-06
32.4003,9.84669e-06,9.75132e-06,9.66787e-06,9.67979e-06,9.58443e-06,9.57251e-06,9.48906e-06
32.5003,9.83477e-06,9.72748e-06,9.66787e-06,9.69172e-06,9.59635e-06,9.59635e-06,9.47714e-06
32.6003,9.83477e-06,9.75132e-06,9.67979e-06,9.67979e-06,9.58443e-06,9.56059e-06,9.47714e-06
32.7003,9.82285e-06,9.75132e-06,9.69172e-06,9.66787e-06,9.57251e-06,9.58443e-06,9.46522e-06
32.8003,9.85861e-06,9.72748e-06,9.66787e-06,9.70364e-06,9.57251e-06,9.57251e-06,9.46522e-06
32.9003,9.84669e-06,9.75132e-06,9.65595e-06,9.70364e-06,9.56059e-06,9.57251e-06,9.47714e-06
33.0003,9.84669e-06,9.77516e-06,9.66787e-06,9.70364e-06,9.58443e-06,9.58443e-06,9.50098e-06
33.1003,9.81092e-06,9.77516e-06,9.65595e-06,9.69172e-06,9.58443e-06,9.58443e-06,9.47714e-06
33.2003,9.81092e-06,9.76324e-06,9.65595e-06,9.69172e-06,9.59635e-06,9.58443e-06,9.47714e-06
33.3003,9.82285e-06,9.77516e-06,9.65595e-06,9.66787e-06,9.54866e-06,9.57251e-06,9.50098e-06
33.4003,9.84669e-06,9.81092e-06,9.66787e-06,9.64403e-06,9.60827e-06,9.57251e-06,9.46522e-06
33.5003,9.85861e-06,9.78708e-06,9.65595e-06,9.63211e-06,9.62019e-06,9.56059e-06,9.4533e-06
33.6003,9.84669e-06,9.77516e-06,9.70364e-06,9.66787e-06,9.59635e-06,9.58443e-06,9.46522e-06
33.7003,9.82285e-06,9.78708e-06,9.69172e-06,9.67979e-06,9.58443e-06,9.57251e-06,9.4533e-06
33.8003,9.87053e-06,9.76324e-06,9.71556e-06,9.65595e-06,9.64403e-06,9.57251e-06,9.4533e-06
33.9003,9.87053e-06,9.78708e-06,9.66787e-06,9.67979e-06,9.64403e-06,9.58443e-06,9.47714e-06
34.0003,9.84669e-06,9.77516e-06,9.65595e-06,9.64403e-06,9.62019e-06,9.56059e-06,9.4533e-06
34.1003,9.83477e-06,9.82285e-06,9.66787e-06,9.67979e-06,9.63211e-06,9.59635e-06,9.44138e-06
34.2003,9.84669e-06,9.77516e-06,9.65595e-06,9.67979e-06,9.64403e-06,9.60827e-06,9.48906e-06
34.3003,9.84669e-06,9.76324e-06,9.66787e-06,9.66787e-06,9.63211e-06,9.57251e-06,9.44138e-06
34.4003,9.82285e-06,9.78708e-06,9.69172e-06,9.69172e-06,9.64403e-06,9.56059e-06,9.48906e-06
34.5003,9.81092e-06,9.76324e-06,9.66787e-06,9.70364e-06,9.62019e-06,9.56059e-06,9.48906e-06
34.6003,9.85861e-06,9.75132e-06,9.70364e-06,9.72748e-06,9.60827e-06,9.57251e-06,9.47714e-06
34.7003,9.84669e-06,9.76324e-06,9.66787e-06,9.69172e-06,9.62019e-06,9.58443e-06,9.48906e-06
34.8003,9.81092e-06,9.75132e-06,9.66787e-06,9.69172e-06,9.62019e-06,9.59635e-06,9.47714e-06
34.9003,9.84669e-06,9.78708e-06,9.65595e-06,9.67979e-06,9.63211e-06,9.52482e-06,9.46522e-06
35.0003,9.84669e-06,9.799e-06,9.66787e-06,9.70364e-06,9.62019e-06,9.56059e-06,9.48906e-06
35.1004,9.81092e-06,9.77516e-06,9.66787e-06,9.66787e-06,9.62019e-06,9.56059e-06,9.47714e-06
35.2004,9.83477e-06,9.78708e-06,9.64403e-06,9.70364e-06,9.62019e-06,9.58443e-06,9.50098e-06
35.3004,9.85861e-06,9.77516e-06,9.69172e-06,9.69172e-06,9.59635e-06,9.54866e-06,9.50098e-06
35.4004,9.85861e-06,9.75132e-06,9.66787e-06,9.69172e-06,9.58443e-06,9.57251e-06,9.46522e-06
35.5004,9.88245e-06,9.7394e-06,9.65595e-06,9.71556e-06,9.60827e-06,9.53674e-06,9.47714e-06
35.6004,9.84669e-06,9.75132e-06,9.67979e-06,9.70364e-06,9.60827e-06,9.54866e-06,9.46522e-06
35.7004,9.84669e-06,9.75132e-06,9.67979e-06,9.70364e-06,9.63211e-06,9.5129e-06,9.46522e-06
35.8004,9.85861e-06,9.77516e-06,9.69172e-06,9.71556e-06,9.64403e-06,9.53674e-06,9.48906e-06
35.9004,9.84669e-06,9.77516e-06,9.67979e-06,9.72748e-06,9.60827e-06,9.53674e-06,9.48906e-06
36.0004,9.83477e-06,9.78708e-06,9.65595e-06,9.70364e-06,9.59635e-06,9.52482e-06,9.5129e-06
36.1004,9.85861e-06,9.799e-06,9.67979e-06,9.69172e-06,9.60827e-06,9.5129e-06,9.47714e-06
36.2004,9.84669e-06,9.799e-06,9.69172e-06,9.69172e-06,9.62019e-06,9.5129e-06,9.47714e-06
36.3004,9.84669e-06,9.799e-06,9.69172e-06,9.66787e-06,9.60827e-06,9.52482e-06,9.47714e-06
36.4004,9.85861e-06,9.799e-06,9.66787e-06,9.69172e-06,9.62019e-06,9.54866e-06,9.47714e-06
36.5004,9.83477e-06,9.78708e-06,9.66787e-06,9.72748e-06,9.62019e-06,9.54866e-06,9.44138e-06
36.6004,9.82285e-06,9.81092e-06,9.69172e-06,9.65595e-06,9.65595e-06,9.53674e-06,9.46522e-06
36.7004,9.83477e-06,9.78708e-06,9.66787e-06,9.66787e-06,9.62019e-06,9.48906e-06,9.47714e-06
36.8004,9.84669e-06,9.78708e-06,9.71556e-06,9.65595e-06,9.60827e-06,9.48906e-06,9.47714e-06
36.9004,9.87053e-06,9.77516e-06,9.65595e-06,9.64403e-06,9.63211e-06,9.48906e-06,9.46522e-06
