Time,Current SMUb (A),Current SMUb (A),Current SMUb (A),Current SMUb (A),Current SMUb (A),Current SMUb (A),Current SMUb (A),Current SMUb (A)
0.0,3.46899e-06,3.45707e-06,3.38554e-06,3.45707e-06,3.40939e-06,3.49283e-06,3.57628e-06,3.69549e-06
0.100001,3.45707e-06,3.44515e-06,3.39746e-06,3.46899e-06,3.42131e-06,3.46899e-06,3.54052e-06,3.70741e-06
0.200002,3.46899e-06,3.42131e-06,3.42131e-06,3.46899e-06,3.43323e-06,3.50475e-06,3.56436e-06,3.73125e-06
0.300003,3.48091e-06,3.44515e-06,3.43323e-06,3.45707e-06,3.42131e-06,3.50475e-06,3.56436e-06,3.70741e-06
0.400004,3.48091e-06,3.42131e-06,3.42131e-06,3.45707e-06,3.43323e-06,3.48091e-06,3.56436e-06,3.73125e-06
0.500005,3.46899e-06,3.42131e-06,3.42131e-06,3.50475e-06,3.48091e-06,3.45707e-06,3.55244e-06,3.76701e-06
0.600006,3.44515e-06,3.43323e-06,3.38554e-06,3.5286e-06,3.45707e-06,3.50475e-06,3.5882e-06,3.77893e-06
0.700007,3.48091e-06,3.44515e-06,3.43323e-06,3.49283e-06,3.49283e-06,3.51667e-06,3.60012e-06,3.75509e-06
0.800008,3.44515e-06,3.44515e-06,3.43323e-06,3.49283e-06,3.49283e-06,3.50475e-06,3.60012e-06,3.75509e-06
0.900009,3.44515e-06,3.42131e-06,3.42131e-06,3.50475e-06,3.48091e-06,3.5286e-06,3.5882e-06,3.74317e-06
1.00001,3.45707e-06,3.43323e-06,3.44515e-06,3.50475e-06,3.48091e-06,3.51667e-06,3.61204e-06,3.70741e-06
1.10001,3.44515e-06,3.45707e-06,3.46899e-06,3.49283e-06,3.48091e-06,3.50475e-06,3.63588e-06,3.75509e-06
1.20001,3.46899e-06,3.45707e-06,3.48091e-06,3.49283e-06,3.45707e-06,3.50475e-06,3.61204e-06,3.76701e-06
1.30001,3.46899e-06,3.46899e-06,3.43323e-06,3.50475e-06,3.51667e-06,3.51667e-06,3.5882e-06,3.77893e-06
1.40001,3.43323e-06,3.48091e-06,3.43323e-06,3.44515e-06,3.49283e-06,3.51667e-06,3.5882e-06,3.77893e-06
1.50001,3.40939e-06,3.45707e-06,3.45707e-06,3.46899e-06,3.50475e-06,3.50475e-06,3.57628e-06,3.75509e-06
1.60002,3.45707e-06,3.45707e-06,3.50475e-06,3.45707e-06,3.45707e-06,3.51667e-06,3.60012e-06,3.76701e-06
1.70002,3.45707e-06,3.45707e-06,3.48091e-06,3.44515e-06,3.46899e-06,3.51667e-06,3.62396e-06,3.71933e-06
1.80002,3.48091e-06,3.45707e-06,3.45707e-06,3.48091e-06,3.44515e-06,3.49283e-06,3.62396e-06,3.75509e-06
1.90002,3.48091e-06,3.44515e-06,3.46899e-06,3.50475e-06,3.45707e-06,3.5286e-06,3.60012e-06,3.74317e-06
2.00002,3.46899e-06,3.43323e-06,3.45707e-06,3.46899e-06,3.46899e-06,3.51667e-06,3.61204e-06,3.75509e-06
2.10002,3.48091e-06,3.42131e-06,3.45707e-06,3.50475e-06,3.46899e-06,3.46899e-06,3.57628e-06,3.73125e-06
2.20002,3.48091e-06,3.42131e-06,3.44515e-06,3.48091e-06,3.49283e-06,3.45707e-06,3.62396e-06,3.73125e-06
2.30002,3.45707e-06,3.42131e-06,3.42131e-06,3.49283e-06,3.46899e-06,3.50475e-06,3.60012e-06,3.71933e-06
2.40002,3.45707e-06,3.44515e-06,3.40939e-06,3.50475e-06,3.48091e-06,3.49283e-06,3.5882e-06,3.70741e-06
2.50002,3.46899e-06,3.46899e-06,3.43323e-06,3.48091e-06,3.49283e-06,3.49283e-06,3.60012e-06,3.71933e-06
2.60003,3.44515e-06,3.45707e-06,3.43323e-06,3.48091e-06,3.46899e-06,3.49283e-06,3.57628e-06,3.75509e-06
2.70003,3.43323e-06,3.49283e-06,3.42131e-06,3.48091e-06,3.45707e-06,3.51667e-06,3.5882e-06,3.76701e-06
2.80003,3.44515e-06,3.50475e-06,3.42131e-06,3.44515e-06,3.44515e-06,3.51667e-06,3.5882e-06,3.77893e-06
2.90003,3.43323e-06,3.48091e-06,3.43323e-06,3.46899e-06,3.45707e-06,3.50475e-06,3.60012e-06,3.73125e-06
3.00003,3.46899e-06,3.49283e-06,3.46899e-06,3.48091e-06,3.45707e-06,3.54052e-06,3.56436e-06,3.75509e-06
3.10003,3.48091e-06,3.45707e-06,3.45707e-06,3.46899e-06,3.42131e-06,3.54052e-06,3.56436e-06,3.77893e-06
3.20003,3.46899e-06,3.45707e-06,3.44515e-06,3.49283e-06,3.46899e-06,3.55244e-06,3.54052e-06,3.76701e-06
3.30003,3.49283e-06,3.49283e-06,3.44515e-06,3.48091e-06,3.46899e-06,3.55244e-06,3.56436e-06,3.77893e-06
3.40003,3.44515e-06,3.49283e-06,3.45707e-06,3.46899e-06,3.48091e-06,3.55244e-06,3.56436e-06,3.74317e-06
3.50004,3.49283e-06,3.46899e-06,3.42131e-06,3.49283e-06,3.43323e-06,3.51667e-06,3.56436e-06,3.75509e-06
3.60004,3.48091e-06,3.46899e-06,3.43323e-06,3.49283e-06,3.46899e-06,3.51667e-06,3.55244e-06,3.76701e-06
3.70004,3.46899e-06,3.50475e-06,3.43323e-06,3.49283e-06,3.46899e-06,3.46899e-06,3.56436e-06,3.74317e-06
3.80004,3.48091e-06,3.48091e-06,3.44515e-06,3.49283e-06,3.49283e-06,3.48091e-06,3.55244e-06,3.74317e-06
3.90004,3.48091e-06,3.45707e-06,3.45707e-06,3.50475e-06,3.51667e-06,3.49283e-06,3.55244e-06,3.75509e-06
4.00004,3.50475e-06,3.43323e-06,3.43323e-06,3.48091e-06,3.51667e-06,3.49283e-06,3.54052e-06,3.73125e-06
4.10004,3.49283e-06,3.43323e-06,3.45707e-06,3.48091e-06,3.48091e-06,3.48091e-06,3.57628e-06,3.79086e-06
4.20004,3.49283e-06,3.44515e-06,3.45707e-06,3.48091e-06,3.50475e-06,3.49283e-06,3.60012e-06,3.79086e-06
4.30004,3.49283e-06,3.46899e-06,3.42131e-06,3.46899e-06,3.48091e-06,3.51667e-06,3.5882e-06,3.8147e-06
4.40004,3.5286e-06,3.49283e-06,3.45707e-06,3.50475e-06,3.49283e-06,3.49283e-06,3.5882e-06,3.8147e-06
4.50005,3.50475e-06,3.48091e-06,3.42131e-06,3.51667e-06,3.50475e-06,3.48091e-06,3.5882e-06,3.83854e-06
4.60005,3.45707e-06,3.44515e-06,3.44515e-06,3.5286e-06,3.46899e-06,3.49283e-06,3.63588e-06,3.82662e-06
4.70005,3.46899e-06,3.48091e-06,3.49283e-06,3.46899e-06,3.45707e-06,3.54052e-06,3.61204e-06,3.8147e-06
4.80005,3.49283e-06,3.44515e-06,3.46899e-06,3.46899e-06,3.44515e-06,3.51667e-06,3.6478e-06,3.80278e-06
4.90005,3.51667e-06,3.43323e-06,3.49283e-06,3.49283e-06,3.48091e-06,3.5286e-06,3.62396e-06,3.80278e-06
5.00005,3.48091e-06,3.46899e-06,3.46899e-06,3.49283e-06,3.46899e-06,3.51667e-06,3.62396e-06,3.77893e-06
5.10005,3.49283e-06,3.46899e-06,3.49283e-06,3.46899e-06,3.45707e-06,3.50475e-06,3.61204e-06,3.76701e-06
5.20005,3.45707e-06,3.48091e-06,3.46899e-06,3.48091e-06,3.46899e-06,3.50475e-06,3.61204e-06,3.77893e-06
5.30005,3.44515e-06,3.46899e-06,3.48091e-06,3.50475e-06,3.48091e-06,3.48091e-06,3.63588e-06,3.80278e-06
5.40005,3.48091e-06,3.46899e-06,3.48091e-06,3.50475e-06,3.45707e-06,3.51667e-06,3.5882e-06,3.79086e-06
5.50005,3.50475e-06,3.45707e-06,3.45707e-06,3.42131e-06,3.43323e-06,3.49283e-06,3.63588e-06,3.8147e-06
5.60006,3.48091e-06,3.46899e-06,3.43323e-06,3.46899e-06,3.44515e-06,3.51667e-06,3.63588e-06,3.80278e-06
5.70006,3.51667e-06,3.46899e-06,3.45707e-06,3.46899e-06,3.48091e-06,3.48091e-06,3.6478e-06,3.79086e-06
5.80006,3.49283e-06,3.46899e-06,3.44515e-06,3.49283e-06,3.46899e-06,3.49283e-06,3.62396e-06,3.80278e-06
5.90006,3.49283e-06,3.46899e-06,3.45707e-06,3.5286e-06,3.43323e-06,3.51667e-06,3.61204e-06,3.80278e-06
6.00006,3.49283e-06,3.44515e-06,3.46899e-06,3.46899e-06,3.44515e-06,3.50475e-06,3.63588e-06,3.8147e-06
6.10006,3.48091e-06,3.46899e-06,3.44515e-06,3.49283e-06,3.46899e-06,3.50475e-06,3.61204e-06,3.79086e-06
6.20006,3.48091e-06,3.46899e-06,3.44515e-06,3.49283e-06,3.44515e-06,3.5286e-06,3.61204e-06,3.8147e-06
6.30006,3.48091e-06,3.49283e-06,3.45707e-06,3.49283e-06,3.45707e-06,3.46899e-06,3.63588e-06,3.80278e-06
6.40006,3.49283e-06,3.48091e-06,3.46899e-06,3.5286e-06,3.48091e-06,3.50475e-06,3.61204e-06,3.82662e-06
6.50006,3.49283e-06,3.46899e-06,3.51667e-06,3.54052e-06,3.45707e-06,3.5286e-06,3.61204e-06,3.80278e-06
6.60007,3.45707e-06,3.44515e-06,3.49283e-06,3.5286e-06,3.44515e-06,3.54052e-06,3.57628e-06,3.79086e-06
6.70007,3.44515e-06,3.46899e-06,3.45707e-06,3.55244e-06,3.46899e-06,3.55244e-06,3.62396e-06,3.75509e-06
6.80007,3.45707e-06,3.50475e-06,3.45707e-06,3.5286e-06,3.51667e-06,3.5286e-06,3.63588e-06,3.80278e-06
6.90007,3.46899e-06,3.50475e-06,3.48091e-06,3.55244e-06,3.51667e-06,3.56436e-06,3.61204e-06,3.79086e-06
7.00007,3.44515e-06,3.49283e-06,3.48091e-06,3.54052e-06,3.51667e-06,3.50475e-06,3.62396e-06,3.79086e-06
7.10007,3.46899e-06,3.50475e-06,3.48091e-06,3.55244e-06,3.48091e-06,3.54052e-06,3.62396e-06,3.8147e-06
7.20007,3.50475e-06,3.54052e-06,3.49283e-06,3.55244e-06,3.49283e-06,3.54052e-06,3.60012e-06,3.80278e-06
7.30007,3.46899e-06,3.49283e-06,3.50475e-06,3.56436e-06,3.46899e-06,3.51667e-06,3.63588e-06,3.82662e-06
7.40007,3.48091e-06,3.50475e-06,3.49283e-06,3.56436e-06,3.46899e-06,3.55244e-06,3.63588e-06,3.8147e-06
7.50007,3.50475e-06,3.49283e-06,3.51667e-06,3.51667e-06,3.49283e-06,3.54052e-06,3.65973e-06,3.77893e-06
7.60008,3.49283e-06,3.49283e-06,3.49283e-06,3.55244e-06,3.48091e-06,3.51667e-06,3.62396e-06,3.79086e-06
7.70008,3.49283e-06,3.46899e-06,3.50475e-06,3.54052e-06,3.50475e-06,3.54052e-06,3.62396e-06,3.77893e-06
7.80008,3.49283e-06,3.44515e-06,3.50475e-06,3.5286e-06,3.48091e-06,3.55244e-06,3.63588e-06,3.77893e-06
7.90008,3.50475e-06,3.45707e-06,3.49283e-06,3.55244e-06,3.46899e-06,3.54052e-06,3.6478e-06,3.76701e-06
8.00008,3.49283e-06,3.46899e-06,3.49283e-06,3.51667e-06,3.45707e-06,3.51667e-06,3.6478e-06,3.77893e-06
8.10008,3.49283e-06,3.43323e-06,3.48091e-06,3.51667e-06,3.48091e-06,3.50475e-06,3.6478e-06,3.77893e-06
8.20008,3.48091e-06,3.49283e-06,3.50475e-06,3.5286e-06,3.46899e-06,3.5286e-06,3.60012e-06,3.79086e-06
8.30008,3.49283e-06,3.45707e-06,3.50475e-06,3.55244e-06,3.44515e-06,3.5286e-06,3.61204e-06,3.80278e-06
8.40008,3.49283e-06,3.44515e-06,3.48091e-06,3.51667e-06,3.43323e-06,3.5286e-06,3.57628e-06,3.79086e-06
8.50009,3.50475e-06,3.49283e-06,3.46899e-06,3.49283e-06,3.44515e-06,3.5286e-06,3.60012e-06,3.77893e-06
8.60009,3.51667e-06,3.49283e-06,3.49283e-06,3.54052e-06,3.43323e-06,3.5286e-06,3.5882e-06,3.83854e-06
8.70009,3.49283e-06,3.48091e-06,3.48091e-06,3.50475e-06,3.44515e-06,3.55244e-06,3.61204e-06,3.8147e-06
8.80009,3.50475e-06,3.46899e-06,3.49283e-06,3.5286e-06,3.45707e-06,3.55244e-06,3.61204e-06,3.82662e-06
8.90009,3.51667e-06,3.45707e-06,3.46899e-06,3.5286e-06,3.49283e-06,3.51667e-06,3.60012e-06,3.80278e-06
9.00009,3.55244e-06,3.45707e-06,3.50475e-06,3.54052e-06,3.49283e-06,3.5286e-06,3.57628e-06,3.79086e-06
9.10009,3.51667e-06,3.44515e-06,3.49283e-06,3.54052e-06,3.46899e-06,3.49283e-06,3.5882e-06,3.77893e-06
9.20009,3.5286e-06,3.46899e-06,3.45707e-06,3.50475e-06,3.51667e-06,3.48091e-06,3.61204e-06,3.77893e-06
9.30009,3.50475e-06,3.48091e-06,3.49283e-06,3.50475e-06,3.51667e-06,3.46899e-06,3.61204e-06,3.77893e-06
9.40009,3.50475e-06,3.46899e-06,3.51667e-06,3.51667e-06,3.48091e-06,3.45707e-06,3.61204e-06,3.79086e-06
9.50009,3.51667e-06,3.43323e-06,3.48091e-06,3.54052e-06,3.49283e-06,3.49283e-06,3.5882e-06,3.8147e-06
9.6001,3.5286e-06,3.43323e-06,3.44515e-06,3.5286e-06,3.48091e-06,3.48091e-06,3.62396e-06,3.80278e-06
9.7001,3.5286e-06,3.43323e-06,3.50475e-06,3.48091e-06,3.46899e-06,3.50475e-06,3.62396e-06,3.79086e-06
9.8001,3.5286e-06,3.44515e-06,3.48091e-06,3.5286e-06,3.49283e-06,3.49283e-06,3.61204e-06,3.79086e-06
9.9001,3.54052e-06,3.45707e-06,3.50475e-06,3.5286e-06,3.51667e-06,3.49283e-06,3.60012e-06,3.79086e-06
10.0001,3.50475e-06,3.45707e-06,3.49283e-06,3.54052e-06,3.50475e-06,3.50475e-06,3.62396e-06,3.8147e-06
10.1001,3.54052e-06,3.46899e-06,3.50475e-06,3.55244e-06,3.50475e-06,3.46899e-06,3.62396e-06,3.80278e-06
10.2001,3.5286e-06,3.45707e-06,3.49283e-06,3.54052e-06,3.51667e-06,3.46899e-06,3.61204e-06,3.8147e-06
10.3001,3.48091e-06,3.46899e-06,3.49283e-06,3.54052e-06,3.46899e-06,3.49283e-06,3.62396e-06,3.82662e-06
10.4001,3.5286e-06,3.46899e-06,3.46899e-06,3.51667e-06,3.49283e-06,3.5286e-06,3.61204e-06,3.8147e-06
10.5001,3.50475e-06,3.44515e-06,3.46899e-06,3.5286e-06,3.48091e-06,3.51667e-06,3.60012e-06,3.8147e-06
10.6001,3.48091e-06,3.43323e-06,3.42131e-06,3.51667e-06,3.51667e-06,3.5286e-06,3.60012e-06,3.82662e-06
10.7001,3.50475e-06,3.46899e-06,3.45707e-06,3.51667e-06,3.51667e-06,3.49283e-06,3.61204e-06,3.79086e-06
10.8001,3.54052e-06,3.48091e-06,3.43323e-06,3.5286e-06,3.49283e-06,3.48091e-06,3.62396e-06,3.79086e-06
10.9001,3.5286e-06,3.46899e-06,3.46899e-06,3.49283e-06,3.49283e-06,3.49283e-06,3.63588e-06,3.79086e-06
11.0001,3.50475e-06,3.46899e-06,3.50475e-06,3.51667e-06,3.51667e-06,3.48091e-06,3.6478e-06,3.77893e-06
11.1001,3.50475e-06,3.48091e-06,3.46899e-06,3.50475e-06,3.54052e-06,3.50475e-06,3.68357e-06,3.77893e-06
11.2001,3.50475e-06,3.46899e-06,3.46899e-06,3.54052e-06,3.50475e-06,3.51667e-06,3.65973e-06,3.79086e-06
11.3001,3.54052e-06,3.48091e-06,3.50475e-06,3.54052e-06,3.50475e-06,3.49283e-06,3.65973e-06,3.83854e-06
11.4001,3.55244e-06,3.48091e-06,3.46899e-06,3.56436e-06,3.46899e-06,3.51667e-06,3.6478e-06,3.82662e-06
11.5001,3.54052e-06,3.48091e-06,3.50475e-06,3.55244e-06,3.49283e-06,3.49283e-06,3.62396e-06,3.8147e-06
11.6001,3.54052e-06,3.49283e-06,3.49283e-06,3.5286e-06,3.51667e-06,3.49283e-06,3.6478e-06,3.80278e-06
11.7001,3.51667e-06,3.46899e-06,3.48091e-06,3.51667e-06,3.51667e-06,3.5286e-06,3.6478e-06,3.82662e-06
11.8001,3.51667e-06,3.46899e-06,3.44515e-06,3.54052e-06,3.50475e-06,3.51667e-06,3.61204e-06,3.8147e-06
11.9001,3.51667e-06,3.46899e-06,3.46899e-06,3.50475e-06,3.54052e-06,3.46899e-06,3.61204e-06,3.80278e-06
12.0001,3.54052e-06,3.49283e-06,3.46899e-06,3.56436e-06,3.55244e-06,3.50475e-06,3.63588e-06,3.79086e-06
12.1001,3.51667e-06,3.45707e-06,3.49283e-06,3.51667e-06,3.50475e-06,3.50475e-06,3.63588e-06,3.8147e-06
12.2001,3.48091e-06,3.46899e-06,3.46899e-06,3.5286e-06,3.50475e-06,3.51667e-06,3.61204e-06,3.82662e-06
12.3001,3.50475e-06,3.45707e-06,3.48091e-06,3.49283e-06,3.51667e-06,3.51667e-06,3.61204e-06,3.82662e-06
12.4001,3.50475e-06,3.45707e-06,3.45707e-06,3.56436e-06,3.50475e-06,3.54052e-06,3.61204e-06,3.85046e-06
12.5001,3.49283e-06,3.49283e-06,3.49283e-06,3.56436e-06,3.48091e-06,3.55244e-06,3.6478e-06,3.79086e-06
12.6001,3.51667e-06,3.46899e-06,3.46899e-06,3.55244e-06,3.50475e-06,3.5286e-06,3.62396e-06,3.80278e-06
12.7001,3.50475e-06,3.46899e-06,3.45707e-06,3.55244e-06,3.49283e-06,3.54052e-06,3.6478e-06,3.8147e-06
12.8001,3.50475e-06,3.44515e-06,3.50475e-06,3.49283e-06,3.49283e-06,3.56436e-06,3.62396e-06,3.82662e-06
12.9001,3.46899e-06,3.49283e-06,3.50475e-06,3.51667e-06,3.48091e-06,3.56436e-06,3.65973e-06,3.82662e-06
13.0001,3.50475e-06,3.48091e-06,3.50475e-06,3.50475e-06,3.49283e-06,3.55244e-06,3.62396e-06,3.86238e-06
13.1001,3.49283e-06,3.49283e-06,3.49283e-06,3.49283e-06,3.46899e-06,3.61204e-06,3.62396e-06,3.83854e-06
13.2001,3.49283e-06,3.50475e-06,3.44515e-06,3.51667e-06,3.49283e-06,3.56436e-06,3.60012e-06,3.82662e-06
13.3001,3.49283e-06,3.48091e-06,3.45707e-06,3.5286e-06,3.46899e-06,3.60012e-06,3.61204e-06,3.8147e-06
13.4001,3.49283e-06,3.49283e-06,3.46899e-06,3.49283e-06,3.50475e-06,3.60012e-06,3.61204e-06,3.85046e-06
13.5001,3.50475e-06,3.48091e-06,3.39746e-06,3.50475e-06,3.51667e-06,3.5882e-06,3.63588e-06,3.80278e-06
13.6001,3.50475e-06,3.43323e-06,3.44515e-06,3.5286e-06,3.51667e-06,3.5882e-06,3.61204e-06,3.83854e-06
13.7001,3.50475e-06,3.44515e-06,3.44515e-06,3.49283e-06,3.5286e-06,3.61204e-06,3.60012e-06,3.85046e-06
13.8001,3.50475e-06,3.48091e-06,3.42131e-06,3.50475e-06,3.54052e-06,3.5882e-06,3.61204e-06,3.83854e-06
13.9001,3.51667e-06,3.46899e-06,3.45707e-06,3.48091e-06,3.56436e-06,3.56436e-06,3.61204e-06,3.85046e-06
14.0001,3.50475e-06,3.48091e-06,3.48091e-06,3.49283e-06,3.55244e-06,3.56436e-06,3.61204e-06,3.82662e-06
14.1001,3.50475e-06,3.46899e-06,3.45707e-06,3.46899e-06,3.57628e-06,3.56436e-06,3.60012e-06,3.80278e-06
14.2001,3.5286e-06,3.49283e-06,3.49283e-06,3.48091e-06,3.56436e-06,3.56436e-06,3.61204e-06,3.76701e-06
14.3001,3.54052e-06,3.48091e-06,3.46899e-06,3.50475e-06,3.55244e-06,3.54052e-06,3.61204e-06,3.76701e-06
14.4001,3.49283e-06,3.48091e-06,3.48091e-06,3.50475e-06,3.50475e-06,3.55244e-06,3.5882e-06,3.79086e-06
14.5001,3.51667e-06,3.44515e-06,3.43323e-06,3.50475e-06,3.5286e-06,3.51667e-06,3.60012e-06,3.79086e-06
14.6001,3.48091e-06,3.45707e-06,3.44515e-06,3.49283e-06,3.50475e-06,3.56436e-06,3.60012e-06,3.76701e-06
14.7001,3.50475e-06,3.45707e-06,3.44515e-06,3.48091e-06,3.5286e-06,3.54052e-06,3.60012e-06,3.77893e-06
14.8001,3.50475e-06,3.46899e-06,3.43323e-06,3.50475e-06,3.55244e-06,3.56436e-06,3.62396e-06,3.76701e-06
14.9001,3.5286e-06,3.45707e-06,3.43323e-06,3.51667e-06,3.54052e-06,3.54052e-06,3.62396e-06,3.77893e-06
15.0001,3.50475e-06,3.45707e-06,3.46899e-06,3.50475e-06,3.5286e-06,3.55244e-06,3.6478e-06,3.77893e-06
15.1002,3.54052e-06,3.48091e-06,3.44515e-06,3.51667e-06,3.54052e-06,3.54052e-06,3.62396e-06,3.80278e-06
15.2002,3.51667e-06,3.49283e-06,3.42131e-06,3.51667e-06,3.54052e-06,3.55244e-06,3.60012e-06,3.80278e-06
15.3002,3.5286e-06,3.50475e-06,3.46899e-06,3.51667e-06,3.55244e-06,3.54052e-06,3.61204e-06,3.79086e-06
15.4002,3.51667e-06,3.46899e-06,3.46899e-06,3.51667e-06,3.56436e-06,3.57628e-06,3.61204e-06,3.8147e-06
15.5002,3.5286e-06,3.50475e-06,3.46899e-06,3.5286e-06,3.54052e-06,3.49283e-06,3.60012e-06,3.8147e-06
15.6002,3.50475e-06,3.50475e-06,3.45707e-06,3.48091e-06,3.54052e-06,3.51667e-06,3.57628e-06,3.80278e-06
15.7002,3.5286e-06,3.49283e-06,3.49283e-06,3.46899e-06,3.54052e-06,3.55244e-06,3.5882e-06,3.82662e-06
15.8002,3.50475e-06,3.48091e-06,3.49283e-06,3.48091e-06,3.54052e-06,3.50475e-06,3.61204e-06,3.80278e-06
15.9002,3.50475e-06,3.51667e-06,3.50475e-06,3.50475e-06,3.50475e-06,3.5286e-06,3.61204e-06,3.83854e-06
16.0002,3.77893e-06,4.33922e-06,5.03063e-06,5.91278e-06,7.02143e-06,8.30889e-06,9.94205e-06,1.21713e-05
16.1002,3.76701e-06,4.22001e-06,4.8399e-06,5.67436e-06,6.69956e-06,7.80821e-06,9.20296e-06,1.09792e-05
16.2002,3.76701e-06,4.23193e-06,4.88758e-06,5.72205e-06,6.74725e-06,7.82013e-06,9.19104e-06,1.08838e-05
16.3002,3.76701e-06,4.24385e-06,4.88758e-06,5.72205e-06,6.77109e-06,7.84397e-06,9.19104e-06,1.08361e-05
16.4002,3.77893e-06,4.24385e-06,4.92334e-06,5.78165e-06,6.77109e-06,7.89166e-06,9.20296e-06,1.07884e-05
16.5002,3.80278e-06,4.25577e-06,4.94719e-06,5.76973e-06,6.81877e-06,7.89166e-06,9.16719e-06,1.0705e-05
16.6002,3.79086e-06,4.27961e-06,4.93526e-06,5.76973e-06,6.84261e-06,7.9155e-06,9.19104e-06,1.06931e-05
16.7002,3.80278e-06,4.25577e-06,4.93526e-06,5.78165e-06,6.85453e-06,7.96318e-06,9.19104e-06,1.06573e-05
16.8002,3.77893e-06,4.24385e-06,4.98295e-06,5.78165e-06,6.8903e-06,7.9155e-06,9.20296e-06,1.06812e-05
16.9002,3.76701e-06,4.29153e-06,4.98295e-06,5.81741e-06,6.86646e-06,7.93934e-06,9.17912e-06,1.06573e-05
17.0002,3.49283e-06,3.49283e-06,3.49283e-06,3.5286e-06,3.61204e-06,3.45707e-06,3.3617e-06,3.33786e-06
17.1002,3.55244e-06,3.60012e-06,3.67165e-06,3.71933e-06,3.89814e-06,3.96967e-06,4.06504e-06,4.25577e-06
17.2002,3.55244e-06,3.5882e-06,3.63588e-06,3.68357e-06,3.80278e-06,3.88622e-06,4.01735e-06,4.19617e-06
17.3002,3.54052e-06,3.56436e-06,3.60012e-06,3.69549e-06,3.8147e-06,3.86238e-06,4.01735e-06,4.14848e-06
17.4002,3.55244e-06,3.5882e-06,3.57628e-06,3.68357e-06,3.74317e-06,3.80278e-06,3.93391e-06,4.1008e-06
17.5002,3.5286e-06,3.57628e-06,3.60012e-06,3.67165e-06,3.75509e-06,3.79086e-06,3.94583e-06,4.08888e-06
17.6002,3.54052e-06,3.57628e-06,3.55244e-06,3.6478e-06,3.73125e-06,3.74317e-06,3.91006e-06,4.07696e-06
17.7002,3.54052e-06,3.5882e-06,3.56436e-06,3.61204e-06,3.69549e-06,3.71933e-06,3.8743e-06,4.0412e-06
17.8002,3.54052e-06,3.5286e-06,3.55244e-06,3.61204e-06,3.69549e-06,3.73125e-06,3.8743e-06,4.00543e-06
17.9002,3.54052e-06,3.51667e-06,3.55244e-06,3.60012e-06,3.70741e-06,3.73125e-06,3.83854e-06,3.96967e-06
18.0002,3.51667e-06,3.54052e-06,3.57628e-06,3.5882e-06,3.67165e-06,3.70741e-06,3.8147e-06,3.99351e-06
18.1002,3.49283e-06,3.55244e-06,3.51667e-06,3.56436e-06,3.68357e-06,3.70741e-06,3.8147e-06,3.98159e-06
18.2002,3.46899e-06,3.54052e-06,3.55244e-06,3.56436e-06,3.65973e-06,3.70741e-06,3.82662e-06,3.96967e-06
18.3002,3.49283e-06,3.54052e-06,3.51667e-06,3.56436e-06,3.61204e-06,3.69549e-06,3.86238e-06,3.95775e-06
18.4002,3.51667e-06,3.55244e-06,3.5286e-06,3.56436e-06,3.62396e-06,3.65973e-06,3.86238e-06,3.91006e-06
18.5002,3.51667e-06,3.50475e-06,3.54052e-06,3.55244e-06,3.63588e-06,3.68357e-06,3.79086e-06,3.93391e-06
18.6002,3.49283e-06,3.5286e-06,3.51667e-06,3.5286e-06,3.61204e-06,3.63588e-06,3.79086e-06,3.89814e-06
18.7002,3.51667e-06,3.5286e-06,3.50475e-06,3.54052e-06,3.63588e-06,3.65973e-06,3.80278e-06,3.8743e-06
18.8002,3.51667e-06,3.5286e-06,3.50475e-06,3.54052e-06,3.61204e-06,3.5882e-06,3.77893e-06,3.8743e-06
18.9002,3.5286e-06,3.54052e-06,3.54052e-06,3.54052e-06,3.65973e-06,3.62396e-06,3.79086e-06,3.86238e-06
19.0002,3.51667e-06,3.55244e-06,3.54052e-06,3.49283e-06,3.62396e-06,3.63588e-06,3.79086e-06,3.83854e-06
19.1002,3.48091e-06,3.5286e-06,3.5286e-06,3.50475e-06,3.63588e-06,3.6478e-06,3.79086e-06,3.86238e-06
19.2002,3.50475e-06,3.54052e-06,3.51667e-06,3.49283e-06,3.65973e-06,3.67165e-06,3.75509e-06,3.86238e-06
19.3002,3.50475e-06,3.51667e-06,3.5286e-06,3.48091e-06,3.63588e-06,3.6478e-06,3.71933e-06,3.86238e-06
19.4002,3.54052e-06,3.51667e-06,3.55244e-06,3.48091e-06,3.61204e-06,3.6478e-06,3.75509e-06,3.88622e-06
19.5002,3.54052e-06,3.5286e-06,3.54052e-06,3.46899e-06,3.63588e-06,3.63588e-06,3.75509e-06,3.83854e-06
19.6002,3.5286e-06,3.5286e-06,3.55244e-06,3.49283e-06,3.60012e-06,3.61204e-06,3.74317e-06,3.80278e-06
19.7002,3.48091e-06,3.51667e-06,3.5286e-06,3.49283e-06,3.60012e-06,3.5882e-06,3.73125e-06,3.8147e-06
19.8002,3.50475e-06,3.51667e-06,3.50475e-06,3.50475e-06,3.6478e-06,3.61204e-06,3.76701e-06,3.8147e-06
19.9002,3.46899e-06,3.5286e-06,3.55244e-06,3.51667e-06,3.62396e-06,3.60012e-06,3.74317e-06,3.80278e-06
20.0002,3.49283e-06,3.49283e-06,3.5286e-06,3.50475e-06,3.60012e-06,3.55244e-06,3.74317e-06,3.82662e-06
20.1002,3.46899e-06,3.5286e-06,3.54052e-06,3.49283e-06,3.62396e-06,3.57628e-06,3.73125e-06,3.8147e-06
20.2002,3.48091e-06,3.56436e-06,3.5286e-06,3.49283e-06,3.60012e-06,3.60012e-06,3.70741e-06,3.8147e-06
20.3002,3.48091e-06,3.56436e-06,3.50475e-06,3.51667e-06,3.57628e-06,3.62396e-06,3.73125e-06,3.8147e-06
20.4002,3.45707e-06,3.5286e-06,3.51667e-06,3.54052e-06,3.61204e-06,3.61204e-06,3.73125e-06,3.8147e-06
20.5002,3.45707e-06,3.5286e-06,3.54052e-06,3.54052e-06,3.63588e-06,3.61204e-06,3.69549e-06,3.82662e-06
20.6002,3.48091e-06,3.56436e-06,3.5286e-06,3.54052e-06,3.56436e-06,3.57628e-06,3.70741e-06,3.82662e-06
20.7002,3.50475e-06,3.54052e-06,3.50475e-06,3.55244e-06,3.57628e-06,3.60012e-06,3.69549e-06,3.8147e-06
20.8002,3.49283e-06,3.54052e-06,3.5286e-06,3.57628e-06,3.5882e-06,3.60012e-06,3.73125e-06,3.80278e-06
20.9002,3.46899e-06,3.55244e-06,3.54052e-06,3.55244e-06,3.60012e-06,3.60012e-06,3.71933e-06,3.80278e-06
21.0002,3.51667e-06,3.5286e-06,3.51667e-06,3.57628e-06,3.5882e-06,3.61204e-06,3.73125e-06,3.80278e-06
21.1002,3.48091e-06,3.54052e-06,3.5286e-06,3.54052e-06,3.55244e-06,3.62396e-06,3.70741e-06,3.76701e-06
21.2002,3.49283e-06,3.51667e-06,3.50475e-06,3.56436e-06,3.56436e-06,3.60012e-06,3.73125e-06,3.79086e-06
21.3002,3.50475e-06,3.55244e-06,3.50475e-06,3.56436e-06,3.57628e-06,3.56436e-06,3.69549e-06,3.8147e-06
21.4002,3.49283e-06,3.5286e-06,3.54052e-06,3.5286e-06,3.5882e-06,3.57628e-06,3.69549e-06,3.80278e-06
21.5002,3.50475e-06,3.55244e-06,3.50475e-06,3.54052e-06,3.56436e-06,3.55244e-06,3.69549e-06,3.74317e-06
21.6002,3.54052e-06,3.56436e-06,3.49283e-06,3.55244e-06,3.56436e-06,3.57628e-06,3.67165e-06,3.76701e-06
21.7002,3.50475e-06,3.56436e-06,3.51667e-06,3.5286e-06,3.55244e-06,3.5882e-06,3.68357e-06,3.76701e-06
21.8002,3.5286e-06,3.5286e-06,3.49283e-06,3.55244e-06,3.57628e-06,3.60012e-06,3.65973e-06,3.76701e-06
21.9002,3.50475e-06,3.54052e-06,3.48091e-06,3.50475e-06,3.60012e-06,3.5882e-06,3.67165e-06,3.80278e-06
22.0002,3.50475e-06,3.54052e-06,3.45707e-06,3.50475e-06,3.5882e-06,3.56436e-06,3.68357e-06,3.79086e-06
22.1002,3.50475e-06,3.55244e-06,3.49283e-06,3.44515e-06,3.57628e-06,3.55244e-06,3.70741e-06,3.82662e-06
22.2002,3.48091e-06,3.56436e-06,3.50475e-06,3.49283e-06,3.5882e-06,3.5286e-06,3.68357e-06,3.80278e-06
22.3002,3.49283e-06,3.56436e-06,3.51667e-06,3.54052e-06,3.56436e-06,3.5286e-06,3.69549e-06,3.79086e-06
22.4002,3.48091e-06,3.50475e-06,3.49283e-06,3.50475e-06,3.56436e-06,3.56436e-06,3.65973e-06,3.8147e-06
22.5002,3.46899e-06,3.5286e-06,3.48091e-06,3.49283e-06,3.55244e-06,3.55244e-06,3.67165e-06,3.82662e-06
22.6002,3.46899e-06,3.50475e-06,3.45707e-06,3.50475e-06,3.57628e-06,3.55244e-06,3.67165e-06,3.83854e-06
22.7002,3.46899e-06,3.54052e-06,3.46899e-06,3.48091e-06,3.54052e-06,3.55244e-06,3.69549e-06,3.79086e-06
22.8002,3.45707e-06,3.55244e-06,3.46899e-06,3.54052e-06,3.61204e-06,3.56436e-06,3.70741e-06,3.74317e-06
22.9002,3.45707e-06,3.55244e-06,3.45707e-06,3.5286e-06,3.5882e-06,3.55244e-06,3.67165e-06,3.75509e-06
23.0002,3.46899e-06,3.54052e-06,3.46899e-06,3.50475e-06,3.57628e-06,3.56436e-06,3.65973e-06,3.75509e-06
23.1002,3.44515e-06,3.54052e-06,3.46899e-06,3.50475e-06,3.57628e-06,3.56436e-06,3.69549e-06,3.75509e-06
23.2002,3.44515e-06,3.54052e-06,3.48091e-06,3.50475e-06,3.54052e-06,3.57628e-06,3.71933e-06,3.71933e-06
23.3002,3.49283e-06,3.51667e-06,3.48091e-06,3.51667e-06,3.57628e-06,3.57628e-06,3.69549e-06,3.73125e-06
23.4002,3.48091e-06,3.51667e-06,3.48091e-06,3.5286e-06,3.5286e-06,3.54052e-06,3.70741e-06,3.74317e-06
23.5002,3.46899e-06,3.55244e-06,3.51667e-06,3.54052e-06,3.55244e-06,3.54052e-06,3.69549e-06,3.76701e-06
23.6002,3.45707e-06,3.54052e-06,3.51667e-06,3.5286e-06,3.5286e-06,3.55244e-06,3.65973e-06,3.77893e-06
23.7002,3.48091e-06,3.49283e-06,3.54052e-06,3.56436e-06,3.54052e-06,3.56436e-06,3.62396e-06,3.77893e-06
23.8002,3.46899e-06,3.50475e-06,3.5286e-06,3.56436e-06,3.50475e-06,3.56436e-06,3.60012e-06,3.82662e-06
23.9002,3.51667e-06,3.49283e-06,3.49283e-06,3.51667e-06,3.55244e-06,3.56436e-06,3.63588e-06,3.8147e-06
24.0002,3.51667e-06,3.45707e-06,3.49283e-06,3.5286e-06,3.56436e-06,3.57628e-06,3.65973e-06,3.76701e-06
24.1002,3.49283e-06,3.48091e-06,3.50475e-06,3.5286e-06,3.56436e-06,3.5882e-06,3.65973e-06,3.74317e-06
24.2002,3.46899e-06,3.48091e-06,3.54052e-06,3.56436e-06,3.56436e-06,3.56436e-06,3.6478e-06,3.77893e-06
24.3002,3.48091e-06,3.50475e-06,3.50475e-06,3.49283e-06,3.55244e-06,3.57628e-06,3.6478e-06,3.77893e-06
24.4002,3.48091e-06,3.50475e-06,3.5286e-06,3.49283e-06,3.55244e-06,3.57628e-06,3.65973e-06,3.79086e-06
24.5002,3.48091e-06,3.49283e-06,3.55244e-06,3.50475e-06,3.5882e-06,3.55244e-06,3.6478e-06,3.77893e-06
24.6002,3.48091e-06,3.51667e-06,3.51667e-06,3.5286e-06,3.57628e-06,3.54052e-06,3.6478e-06,3.76701e-06
24.7002,3.46899e-06,3.50475e-06,3.48091e-06,3.5286e-06,3.56436e-06,3.56436e-06,3.6478e-06,3.77893e-06
24.8002,3.46899e-06,3.48091e-06,3.50475e-06,3.50475e-06,3.54052e-06,3.56436e-06,3.65973e-06,3.75509e-06
24.9002,3.49283e-06,3.48091e-06,3.49283e-06,3.51667e-06,3.51667e-06,3.55244e-06,3.67165e-06,3.79086e-06
25.0002,3.51667e-06,3.46899e-06,3.45707e-06,3.49283e-06,3.51667e-06,3.56436e-06,3.67165e-06,3.77893e-06
25.1003,3.50475e-06,3.46899e-06,3.49283e-06,3.50475e-06,3.51667e-06,3.55244e-06,3.68357e-06,3.77893e-06
25.2003,3.48091e-06,3.48091e-06,3.49283e-06,3.5286e-06,3.54052e-06,3.55244e-06,3.68357e-06,3.76701e-06
25.3003,3.49283e-06,3.46899e-06,3.48091e-06,3.5286e-06,3.54052e-06,3.55244e-06,3.6478e-06,3.77893e-06
25.4003,3.49283e-06,3.50475e-06,3.50475e-06,3.54052e-06,3.57628e-06,3.5882e-06,3.6478e-06,3.76701e-06
25.5003,3.50475e-06,3.51667e-06,3.51667e-06,3.5286e-06,3.55244e-06,3.55244e-06,3.63588e-06,3.76701e-06
25.6003,3.49283e-06,3.5286e-06,3.46899e-06,3.49283e-06,3.5286e-06,3.51667e-06,3.62396e-06,3.77893e-06
25.7003,3.49283e-06,3.51667e-06,3.45707e-06,3.5286e-06,3.54052e-06,3.51667e-06,3.65973e-06,3.77893e-06
25.8003,3.46899e-06,3.50475e-06,3.45707e-06,3.5286e-06,3.50475e-06,3.56436e-06,3.68357e-06,3.73125e-06
25.9003,3.50475e-06,3.48091e-06,3.48091e-06,3.51667e-06,3.49283e-06,3.60012e-06,3.6478e-06,3.75509e-06
26.0003,3.49283e-06,3.49283e-06,3.50475e-06,3.49283e-06,3.5286e-06,3.55244e-06,3.61204e-06,3.73125e-06
26.1003,3.49283e-06,3.46899e-06,3.49283e-06,3.51667e-06,3.50475e-06,3.56436e-06,3.62396e-06,3.74317e-06
26.2003,3.50475e-06,3.50475e-06,3.50475e-06,3.5286e-06,3.54052e-06,3.5286e-06,3.6478e-06,3.74317e-06
26.3003,3.48091e-06,3.51667e-06,3.5286e-06,3.51667e-06,3.55244e-06,3.54052e-06,3.6478e-06,3.75509e-06
26.4003,3.49283e-06,3.49283e-06,3.51667e-06,3.50475e-06,3.56436e-06,3.54052e-06,3.61204e-06,3.74317e-06
26.5003,3.5286e-06,3.5286e-06,3.5286e-06,3.51667e-06,3.54052e-06,3.54052e-06,3.60012e-06,3.74317e-06
26.6003,3.50475e-06,3.48091e-06,3.54052e-06,3.50475e-06,3.5286e-06,3.55244e-06,3.61204e-06,3.73125e-06
26.7003,3.5286e-06,3.51667e-06,3.51667e-06,3.51667e-06,3.51667e-06,3.54052e-06,3.6478e-06,3.73125e-06
26.8003,3.54052e-06,3.51667e-06,3.49283e-06,3.54052e-06,3.56436e-06,3.5286e-06,3.63588e-06,3.70741e-06
26.9003,3.55244e-06,3.49283e-06,3.51667e-06,3.5286e-06,3.56436e-06,3.51667e-06,3.65973e-06,3.70741e-06
27.0003,3.51667e-06,3.51667e-06,3.50475e-06,3.50475e-06,3.55244e-06,3.5286e-06,3.62396e-06,3.71933e-06
27.1003,3.5286e-06,3.5286e-06,3.5286e-06,3.49283e-06,3.54052e-06,3.55244e-06,3.62396e-06,3.73125e-06
27.2003,3.54052e-06,3.5286e-06,3.48091e-06,3.5286e-06,3.57628e-06,3.54052e-06,3.62396e-06,3.71933e-06
27.3003,3.50475e-06,3.54052e-06,3.50475e-06,3.51667e-06,3.54052e-06,3.5286e-06,3.6478e-06,3.71933e-06
27.4003,3.51667e-06,3.51667e-06,3.50475e-06,3.49283e-06,3.5286e-06,3.50475e-06,3.6478e-06,3.75509e-06
27.5003,3.50475e-06,3.51667e-06,3.49283e-06,3.50475e-06,3.54052e-06,3.55244e-06,3.63588e-06,3.71933e-06
27.6003,3.49283e-06,3.5286e-06,3.49283e-06,3.49283e-06,3.55244e-06,3.56436e-06,3.65973e-06,3.70741e-06
27.7003,3.5286e-06,3.5286e-06,3.51667e-06,3.48091e-06,3.56436e-06,3.56436e-06,3.62396e-06,3.74317e-06
27.8003,3.54052e-06,3.49283e-06,3.50475e-06,3.5286e-06,3.5882e-06,3.5882e-06,3.6478e-06,3.75509e-06
27.9003,3.49283e-06,3.51667e-06,3.49283e-06,3.49283e-06,3.54052e-06,3.55244e-06,3.67165e-06,3.75509e-06
28.0003,3.48091e-06,3.51667e-06,3.48091e-06,3.5286e-06,3.60012e-06,3.56436e-06,3.62396e-06,3.75509e-06
28.1003,3.50475e-06,3.51667e-06,3.51667e-06,3.49283e-06,3.5882e-06,3.56436e-06,3.6478e-06,3.74317e-06
28.2003,3.49283e-06,3.50475e-06,3.49283e-06,3.56436e-06,3.56436e-06,3.5882e-06,3.61204e-06,3.75509e-06
28.3003,3.49283e-06,3.5286e-06,3.50475e-06,3.54052e-06,3.54052e-06,3.5882e-06,3.60012e-06,3.73125e-06
28.4003,3.51667e-06,3.51667e-06,3.48091e-06,3.56436e-06,3.54052e-06,3.57628e-06,3.61204e-06,3.73125e-06
28.5003,3.48091e-06,3.51667e-06,3.46899e-06,3.55244e-06,3.54052e-06,3.57628e-06,3.62396e-06,3.68357e-06
28.6003,3.49283e-06,3.5286e-06,3.49283e-06,3.57628e-06,3.54052e-06,3.55244e-06,3.60012e-06,3.65973e-06
28.7003,3.48091e-06,3.57628e-06,3.48091e-06,3.54052e-06,3.54052e-06,3.55244e-06,3.60012e-06,3.68357e-06
28.8003,3.48091e-06,3.55244e-06,3.45707e-06,3.54052e-06,3.56436e-06,3.5882e-06,3.63588e-06,3.73125e-06
28.9003,3.49283e-06,3.56436e-06,3.45707e-06,3.5286e-06,3.57628e-06,3.57628e-06,3.6478e-06,3.68357e-06
29.0003,3.51667e-06,3.54052e-06,3.45707e-06,3.51667e-06,3.56436e-06,3.56436e-06,3.61204e-06,3.71933e-06
29.1003,3.50475e-06,3.54052e-06,3.45707e-06,3.5286e-06,3.57628e-06,3.5882e-06,3.62396e-06,3.69549e-06
29.2003,3.50475e-06,3.55244e-06,3.44515e-06,3.5286e-06,3.5882e-06,3.54052e-06,3.65973e-06,3.70741e-06
29.3003,3.49283e-06,3.55244e-06,3.45707e-06,3.54052e-06,3.57628e-06,3.57628e-06,3.63588e-06,3.68357e-06
29.4003,3.48091e-06,3.50475e-06,3.48091e-06,3.5286e-06,3.60012e-06,3.57628e-06,3.6478e-06,3.67165e-06
29.5003,3.46899e-06,3.54052e-06,3.46899e-06,3.49283e-06,3.55244e-06,3.56436e-06,3.62396e-06,3.67165e-06
29.6003,3.48091e-06,3.50475e-06,3.50475e-06,3.51667e-06,3.51667e-06,3.56436e-06,3.67165e-06,3.69549e-06
29.7003,3.50475e-06,3.51667e-06,3.48091e-06,3.51667e-06,3.54052e-06,3.56436e-06,3.65973e-06,3.68357e-06
29.8003,3.49283e-06,3.5286e-06,3.49283e-06,3.49283e-06,3.55244e-06,3.57628e-06,3.63588e-06,3.68357e-06
29.9003,3.49283e-06,3.51667e-06,3.49283e-06,3.50475e-06,3.5882e-06,3.55244e-06,3.6478e-06,3.70741e-06
30.0003,3.48091e-06,3.51667e-06,3.5286e-06,3.5286e-06,3.5286e-06,3.55244e-06,3.6478e-06,3.68357e-06
30.1003,3.50475e-06,3.54052e-06,3.5286e-06,3.51667e-06,3.49283e-06,3.5286e-06,3.67165e-06,3.68357e-06
30.2003,3.48091e-06,3.54052e-06,3.51667e-06,3.51667e-06,3.5286e-06,3.56436e-06,3.68357e-06,3.69549e-06
30.3003,3.45707e-06,3.54052e-06,3.50475e-06,3.51667e-06,3.5286e-06,3.56436e-06,3.65973e-06,3.70741e-06
30.4003,3.48091e-06,3.49283e-06,3.49283e-06,3.49283e-06,3.54052e-06,3.5286e-06,3.67165e-06,3.69549e-06
30.5003,3.49283e-06,3.49283e-06,3.51667e-06,3.50475e-06,3.56436e-06,3.5286e-06,3.67165e-06,3.67165e-06
30.6003,3.48091e-06,3.54052e-06,3.50475e-06,3.48091e-06,3.51667e-06,3.50475e-06,3.65973e-06,3.67165e-06
30.7003,3.46899e-06,3.54052e-06,3.51667e-06,3.5286e-06,3.56436e-06,3.51667e-06,3.6478e-06,3.63588e-06
30.8003,3.46899e-06,3.5882e-06,3.51667e-06,3.5286e-06,3.54052e-06,3.51667e-06,3.63588e-06,3.6478e-06
30.9003,3.49283e-06,3.55244e-06,3.51667e-06,3.5286e-06,3.49283e-06,3.50475e-06,3.62396e-06,3.62396e-06
31.0003,3.46899e-06,3.5882e-06,3.54052e-06,3.49283e-06,3.51667e-06,3.5286e-06,3.63588e-06,3.63588e-06
31.1003,3.46899e-06,3.5286e-06,3.55244e-06,3.51667e-06,3.51667e-06,3.5286e-06,3.63588e-06,3.65973e-06
31.2003,3.48091e-06,3.57628e-06,3.54052e-06,3.5286e-06,3.57628e-06,3.46899e-06,3.63588e-06,3.67165e-06
31.3003,3.50475e-06,3.57628e-06,3.57628e-06,3.56436e-06,3.54052e-06,3.49283e-06,3.63588e-06,3.68357e-06
31.4003,3.49283e-06,3.5286e-06,3.5286e-06,3.50475e-06,3.56436e-06,3.5286e-06,3.6478e-06,3.68357e-06
31.5003,3.45707e-06,3.51667e-06,3.5286e-06,3.51667e-06,3.5286e-06,3.51667e-06,3.63588e-06,3.65973e-06
31.6003,3.46899e-06,3.54052e-06,3.51667e-06,3.49283e-06,3.57628e-06,3.51667e-06,3.63588e-06,3.65973e-06
31.7003,3.46899e-06,3.5286e-06,3.50475e-06,3.5286e-06,3.56436e-06,3.55244e-06,3.61204e-06,3.67165e-06
31.8003,3.46899e-06,3.5286e-06,3.50475e-06,3.54052e-06,3.51667e-06,3.50475e-06,3.61204e-06,3.69549e-06
31.9003,3.48091e-06,3.5286e-06,3.5286e-06,3.51667e-06,3.5286e-06,3.5286e-06,3.57628e-06,3.67165e-06
32.0003,3.44515e-06,3.54052e-06,3.50475e-06,3.51667e-06,3.5286e-06,3.49283e-06,3.61204e-06,3.69549e-06
32.1003,3.49283e-06,3.55244e-06,3.51667e-06,3.51667e-06,3.54052e-06,3.5286e-06,3.62396e-06,3.71933e-06
32.2003,3.48091e-06,3.5286e-06,3.5286e-06,3.51667e-06,3.54052e-06,3.5286e-06,3.62396e-06,3.70741e-06
32.3003,3.48091e-06,3.5286e-06,3.54052e-06,3.57628e-06,3.54052e-06,3.51667e-06,3.62396e-06,3.69549e-06
32.4003,3.51667e-06,3.54052e-06,3.54052e-06,3.51667e-06,3.5286e-06,3.55244e-06,3.62396e-06,3.70741e-06
32.5003,3.54052e-06,3.50475e-06,3.5286e-06,3.54052e-06,3.51667e-06,3.56436e-06,3.6478e-06,3.69549e-06
32.6003,3.51667e-06,3.5286e-06,3.5286e-06,3.54052e-06,3.50475e-06,3.5286e-06,3.61204e-06,3.67165e-06
32.7003,3.5286e-06,3.51667e-06,3.50475e-06,3.54052e-06,3.48091e-06,3.55244e-06,3.62396e-06,3.67165e-06
32.8003,3.5286e-06,3.49283e-06,3.50475e-06,3.5882e-06,3.54052e-06,3.55244e-06,3.61204e-06,3.62396e-06
32.9003,3.51667e-06,3.51667e-06,3.51667e-06,3.55244e-06,3.54052e-06,3.5286e-06,3.62396e-06,3.62396e-06
33.0003,3.5286e-06,3.51667e-06,3.54052e-06,3.54052e-06,3.54052e-06,3.5286e-06,3.63588e-06,3.63588e-06
33.1003,3.54052e-06,3.54052e-06,3.50475e-06,3.5286e-06,3.50475e-06,3.51667e-06,3.63588e-06,3.65973e-06
33.2003,3.5286e-06,3.5286e-06,3.48091e-06,3.5286e-06,3.51667e-06,3.54052e-06,3.62396e-06,3.65973e-06
33.3003,3.51667e-06,3.5286e-06,3.49283e-06,3.55244e-06,3.56436e-06,3.5286e-06,3.5882e-06,3.65973e-06
33.4003,3.5286e-06,3.48091e-06,3.5286e-06,3.54052e-06,3.57628e-06,3.5286e-06,3.60012e-06,3.67165e-06
33.5003,3.5286e-06,3.48091e-06,3.49283e-06,3.54052e-06,3.56436e-06,3.5286e-06,3.62396e-06,3.65973e-06
33.6003,3.49283e-06,3.50475e-06,3.46899e-06,3.50475e-06,3.54052e-06,3.5286e-06,3.61204e-06,3.65973e-06
33.7003,3.50475e-06,3.50475e-06,3.48091e-06,3.48091e-06,3.5286e-06,3.5286e-06,3.61204e-06,3.65973e-06
33.8003,3.51667e-06,3.51667e-06,3.51667e-06,3.50475e-06,3.54052e-06,3.50475e-06,3.63588e-06,3.62396e-06
33.9003,3.51667e-06,3.50475e-06,3.51667e-06,3.51667e-06,3.55244e-06,3.54052e-06,3.6478e-06,3.65973e-06
34.0003,3.5286e-06,3.48091e-06,3.50475e-06,3.50475e-06,3.56436e-06,3.56436e-06,3.6478e-06,3.6478e-06
34.1003,3.49283e-06,3.50475e-06,3.50475e-06,3.54052e-06,3.54052e-06,3.56436e-06,3.6478e-06,3.69549e-06
34.2003,3.49283e-06,3.50475e-06,3.51667e-06,3.51667e-06,3.55244e-06,3.57628e-06,3.68357e-06,3.70741e-06
34.3003,3.54052e-06,3.50475e-06,3.5286e-06,3.5286e-06,3.5286e-06,3.56436e-06,3.6478e-06,3.63588e-06
34.4003,3.5286e-06,3.5286e-06,3.49283e-06,3.54052e-06,3.56436e-06,3.56436e-06,3.63588e-06,3.63588e-06
34.5003,3.51667e-06,3.54052e-06,3.48091e-06,3.50475e-06,3.5286e-06,3.55244e-06,3.6478e-06,3.65973e-06
34.6003,3.5286e-06,3.51667e-06,3.44515e-06,3.5286e-06,3.54052e-06,3.5882e-06,3.65973e-06,3.65973e-06
34.7003,3.55244e-06,3.50475e-06,3.48091e-06,3.5286e-06,3.51667e-06,3.56436e-06,3.6478e-06,3.65973e-06
34.8003,3.5286e-06,3.5286e-06,3.48091e-06,3.54052e-06,3.5286e-06,3.55244e-06,3.6478e-06,3.68357e-06
34.9003,3.49283e-06,3.50475e-06,3.51667e-06,3.55244e-06,3.5286e-06,3.50475e-06,3.63588e-06,3.65973e-06
35.0003,3.5286e-06,3.49283e-06,3.48091e-06,3.49283e-06,3.55244e-06,3.5286e-06,3.6478e-06,3.68357e-06
35.1004,3.5286e-06,3.49283e-06,3.50475e-06,3.51667e-06,3.54052e-06,3.51667e-06,3.62396e-06,3.69549e-06
35.2004,3.55244e-06,3.51667e-06,3.51667e-06,3.51667e-06,3.5286e-06,3.5286e-06,3.62396e-06,3.67165e-06
35.3004,3.56436e-06,3.50475e-06,3.50475e-06,3.50475e-06,3.50475e-06,3.5286e-06,3.6478e-06,3.67165e-06
35.4004,3.56436e-06,3.50475e-06,3.50475e-06,3.51667e-06,3.51667e-06,3.54052e-06,3.63588e-06,3.65973e-06
35.5004,3.5286e-06,3.48091e-06,3.49283e-06,3.49283e-06,3.5286e-06,3.55244e-06,3.6478e-06,3.67165e-06
35.6004,3.54052e-06,3.51667e-06,3.46899e-06,3.46899e-06,3.56436e-06,3.50475e-06,3.65973e-06,3.69549e-06
35.7004,3.5286e-06,3.49283e-06,3.50475e-06,3.46899e-06,3.55244e-06,3.5286e-06,3.62396e-06,3.68357e-06
35.8004,3.55244e-06,3.49283e-06,3.5286e-06,3.48091e-06,3.54052e-06,3.54052e-06,3.67165e-06,3.68357e-06
35.9004,3.54052e-06,3.46899e-06,3.51667e-06,3.49283e-06,3.5286e-06,3.55244e-06,3.68357e-06,3.63588e-06
36.0004,3.54052e-06,3.42131e-06,3.51667e-06,3.50475e-06,3.5286e-06,3.5286e-06,3.67165e-06,3.62396e-06
36.1004,3.54052e-06,3.44515e-06,3.51667e-06,3.51667e-06,3.50475e-06,3.55244e-06,3.6478e-06,3.62396e-06
36.2004,3.54052e-06,3.45707e-06,3.55244e-06,3.49283e-06,3.56436e-06,3.56436e-06,3.6478e-06,3.69549e-06
36.3004,3.51667e-06,3.43323e-06,3.51667e-06,3.50475e-06,3.55244e-06,3.56436e-06,3.67165e-06,3.68357e-06
36.4004,3.51667e-06,3.43323e-06,3.5286e-06,3.50475e-06,3.57628e-06,3.57628e-06,3.6478e-06,3.62396e-06
36.5004,3.5286e-06,3.45707e-06,3.50475e-06,3.56436e-06,3.55244e-06,3.56436e-06,3.62396e-06,3.62396e-06
36.6004,3.56436e-06,3.46899e-06,3.51667e-06,3.54052e-06,3.57628e-06,3.55244e-06,3.65973e-06,3.65973e-06
36.7004,3.55244e-06,3.45707e-06,3.49283e-06,3.55244e-06,3.54052e-06,3.56436e-06,3.6478e-06,3.67165e-06
36.8004,3.56436e-06,3.44515e-06,3.45707e-06,3.54052e-06,3.55244e-06,3.54052e-06,3.6478e-06,3.65973e-06
36.9004,3.55244e-06,3.45707e-06,3.48091e-06,3.54052e-06,3.54052e-06,3.55244e-06,3.63588e-06,3.63588e-06
