V,|gm| [S] Indo,|gm| [S] Voltando
-0.6,,
-0.58,2.917149999999999e-05,
-0.56,2.900175000000011e-05,
-0.54,2.8867499999999974e-05,
-0.52,2.8748249999999967e-05,
-0.5,2.881424999999992e-05,
-0.48,2.8871750000000014e-05,
-0.46,2.8858249999999964e-05,
-0.44,2.8883999999999963e-05,
-0.42,2.8792500000000094e-05,
-0.4,2.86625e-05,
-0.38,2.8540999999999983e-05,
-0.36,2.8279999999999994e-05,
-0.34,2.7998999999999906e-05,
-0.32,2.767349999999993e-05,
-0.3,2.721750000000007e-05,
-0.28,2.6745000000000056e-05,
-0.26,2.61324999999999e-05,
-0.24,2.543899999999993e-05,
-0.22,2.476925000000009e-05,
-0.2,2.403425000000001e-05,
-0.18,2.3240749999999877e-05,
-0.16,2.2385000000000037e-05,
-0.14,2.11150000000001e-05,
-0.12,1.9676749999999977e-05,
-0.1,1.8459999999999982e-05,
-0.08,1.719575e-05,
-0.06,1.5778500000000046e-05,
-0.04,1.4347500000000011e-05,
-0.02,1.2873250000000082e-05,
0.0,1.1323249999999963e-05,
0.02,9.819999999999957e-06,
0.04,8.326000000000015e-06,
0.06,6.887500000000025e-06,
0.08,5.493999999999985e-06,
0.1,4.204249999999979e-06,
0.12,2.97425000000002e-06,
0.14,1.788999999999979e-06,
0.16,7.307499999999862e-07,
0.18,2.5899999999995805e-07,
0.2,1.163250000000074e-06,
0.22,1.9734999999999566e-06,
0.24,2.767499999999936e-06,
0.26,3.4415000000000313e-06,
0.28,4.049249999999978e-06,
0.3,4.641749999999983e-06,
0.32,5.160749999999969e-06,
0.34,5.640749999999992e-06,
0.36,6.087500000000006e-06,
0.38,6.494999999999971e-06,
0.4,6.848249999999976e-06,
0.42,7.174999999999998e-06,
0.44,7.537500000000014e-06,
0.46,7.864249999999981e-06,
0.48,8.094250000000025e-06,
0.5,8.316750000000005e-06,
0.52,8.493249999999965e-06,
0.54,8.65750000000003e-06,
0.56,8.768500000000097e-06,
0.58,8.773999999999967e-06,
0.6,,
0.58,,8.963999999999977e-06
0.56,,8.753500000000024e-06
0.54,,8.47675000000003e-06
0.52,,8.247499999999971e-06
0.5,,8.018249999999967e-06
0.48,,7.781500000000007e-06
0.46,,7.53100000000002e-06
0.44,,7.300999999999976e-06
0.42,,7.0825000000000055e-06
0.4,,6.826499999999986e-06
0.38,,6.615750000000002e-06
0.36,,6.389999999999998e-06
0.34,,6.127499999999985e-06
0.32,,5.900000000000035e-06
0.3,,5.623249999999987e-06
0.28,,5.343500000000001e-06
0.26,,5.0617499999999825e-06
0.24,,4.7414999999999545e-06
0.22,,4.388250000000003e-06
0.2,,4.0010000000000046e-06
0.18,,3.6184999999999993e-06
0.16,,3.0457500000000072e-06
0.14,,2.3974999999999648e-06
0.12,,1.7400000000000206e-06
0.1,,9.465000000000493e-07
0.08,,7.249999999994891e-08
0.06,,9.27499999999967e-07
0.04,,2.044999999999944e-06
0.02,,3.303249999999996e-06
0.0,,4.782500000000004e-06
-0.02,,6.262499999999996e-06
-0.04,,7.807500000000037e-06
-0.06,,9.583250000000051e-06
-0.08,,1.1389999999999957e-05
-0.1,,1.3237500000000044e-05
-0.12,,1.5124249999999963e-05
-0.14,,1.6981000000000006e-05
-0.16,,1.8811500000000042e-05
-0.18,,2.0648249999999986e-05
-0.2,,2.237175000000002e-05
-0.22,,2.401075000000002e-05
-0.24,,2.5562499999999923e-05
-0.26,,2.7069249999999985e-05
-0.28,,2.8460750000000048e-05
-0.3,,2.9694999999999993e-05
-0.32,,3.09284999999999e-05
-0.34,,3.1996749999999995e-05
-0.36,,3.297825e-05
-0.38,,3.398899999999995e-05
-0.4,,3.503000000000002e-05
-0.42,,3.5976749999999994e-05
-0.44,,3.6347500000000004e-05
-0.46,,3.642325000000014e-05
-0.48,,3.658925000000004e-05
-0.5,,3.653099999999991e-05
-0.52,,3.625249999999992e-05
-0.54,,3.571900000000003e-05
-0.56,,3.4820750000000115e-05
-0.58,,3.359849999999998e-05
-0.6,,3.290850000000003e-05
-0.6,,
-0.58,,
-0.56,,
-0.54,,
-0.52,,
-0.5,,
-0.48,,
-0.46,,
-0.44,,
-0.42,,
-0.4,,
-0.38,,
-0.36,,
-0.34,,
-0.32,,
-0.3,,
-0.28,,
-0.26,,
-0.24,,
-0.22,,
-0.2,,
-0.18,,
-0.16,,
-0.14,,
-0.12,,
-0.1,,
-0.08,,
-0.06,,
-0.04,,
-0.02,,
0.0,,
0.02,,
0.04,,
0.06,,
0.08,,
0.1,,
0.12,,
0.14,,
0.16,,
0.18,,
0.2,,
0.22,,
0.24,,
0.26,,
0.28,,
0.3,,
0.32,,
0.34,,
0.36,,
0.38,,
0.4,,
0.42,,
0.44,,
0.46,,
0.48,,
0.5,,
0.52,,
0.54,,
0.56,,
0.58,,
0.6,,
0.58,,
0.56,,
0.54,,
0.52,,
0.5,,
0.48,,
0.46,,
0.44,,
0.42,,
0.4,,
0.38,,
0.36,,
0.34,,
0.32,,
0.3,,
0.28,,
0.26,,
0.24,,
0.22,,
0.2,,
0.18,,
0.16,,
0.14,,
0.12,,
0.1,,
0.08,,
0.06,,
0.04,,
0.02,,
0.0,,
-0.02,,
-0.04,,
-0.06,,
-0.08,,
-0.1,,
-0.12,,
-0.14,,
-0.16,,
-0.18,,
-0.2,,
-0.22,,
-0.24,,
-0.26,,
-0.28,,
-0.3,,
-0.32,,
-0.34,,
-0.36,,
-0.38,,
-0.4,,
-0.42,,
-0.44,,
-0.46,,
-0.48,,
-0.5,,
-0.52,,
-0.54,,
-0.56,,
-0.58,,
-0.6,,
-0.6,,
-0.58,,
-0.56,,
-0.54,,
-0.52,,
-0.5,,
-0.48,,
-0.46,,
-0.44,,
-0.42,,
-0.4,,
-0.38,,
-0.36,,
-0.34,,
-0.32,,
-0.3,,
-0.28,,
-0.26,,
-0.24,,
-0.22,,
-0.2,,
-0.18,,
-0.16,,
-0.14,,
-0.12,,
-0.1,,
-0.08,,
-0.06,,
-0.04,,
-0.02,,
0.0,,
0.02,,
0.04,,
0.06,,
0.08,,
0.1,,
0.12,,
0.14,,
0.16,,
0.18,,
0.2,,
0.22,,
0.24,,
0.26,,
0.28,,
0.3,,
0.32,,
0.34,,
0.36,,
0.38,,
0.4,,
0.42,,
0.44,,
0.46,,
0.48,,
0.5,,
0.52,,
0.54,,
0.56,,
0.58,,
0.6,,
0.58,,
0.56,,
0.54,,
0.52,,
0.5,,
0.48,,
0.46,,
0.44,,
0.42,,
0.4,,
0.38,,
0.36,,
0.34,,
0.32,,
0.3,,
0.28,,
0.26,,
0.24,,
0.22,,
0.2,,
0.18,,
0.16,,
0.14,,
0.12,,
0.1,,
0.08,,
0.06,,
0.04,,
0.02,,
0.0,,
-0.02,,
-0.04,,
-0.06,,
-0.08,,
-0.1,,
-0.12,,
-0.14,,
-0.16,,
-0.18,,
-0.2,,
-0.22,,
-0.24,,
-0.26,,
-0.28,,
-0.3,,
-0.32,,
-0.34,,
-0.36,,
-0.38,,
-0.4,,
-0.42,,
-0.44,,
-0.46,,
-0.48,,
-0.5,,
-0.52,,
-0.54,,
-0.56,,
-0.58,,
-0.6,,
