V,|gm| [S] Indo,|gm| [S] Voltando
-0.6,,
-0.58,2.5554999999999968e-05,
-0.56,2.3545000000000087e-05,
-0.54,2.225075000000001e-05,
-0.52,2.1285999999999972e-05,
-0.5,2.056174999999998e-05,
-0.48,1.9857499999999977e-05,
-0.46,1.927325000000002e-05,
-0.44,1.8638249999999997e-05,
-0.42,1.792425000000003e-05,
-0.4,1.735825000000001e-05,
-0.38,1.6771500000000014e-05,
-0.36,1.615500000000001e-05,
-0.34,1.5526750000000012e-05,
-0.32,1.4911749999999978e-05,
-0.3,1.4327500000000076e-05,
-0.28,1.3729999999999992e-05,
-0.26,1.3037174999999982e-05,
-0.24,1.2381075e-05,
-0.22,1.1729325000000012e-05,
-0.2,1.0980425000000016e-05,
-0.18,1.0366499999999996e-05,
-0.16,9.698000000000015e-06,
-0.14,8.957075000000001e-06,
-0.12,8.259675000000003e-06,
-0.1,7.5604999999999965e-06,
-0.08,6.87275000000001e-06,
-0.06,6.147750000000006e-06,
-0.04,5.460149999999989e-06,
-0.02,4.7805000000000265e-06,
0.0,4.087599999999991e-06,
0.02,3.477249999999971e-06,
0.04,3.0169000000000083e-06,
0.06,2.5322499999999722e-06,
0.08,1.804599999999986e-06,
0.1,1.1190000000000006e-06,
0.12,6.419000000000184e-07,
0.14,1.9300000000000306e-07,
0.16,2.3882500000001715e-07,
0.18,6.503249999999911e-07,
0.2,1.0335750000000081e-06,
0.22,1.3727499999999844e-06,
0.24,1.7269999999999786e-06,
0.26,2.1077500000000104e-06,
0.28,2.424175000000008e-06,
0.3,2.746250000000035e-06,
0.32,3.0569999999999946e-06,
0.34,3.354574999999988e-06,
0.36,3.6609250000000195e-06,
0.38,3.949849999999991e-06,
0.4,4.238324999999998e-06,
0.42,4.5294999999999776e-06,
0.44,4.823500000000026e-06,
0.46,5.054900000000005e-06,
0.48,5.25849999999999e-06,
0.5,5.433250000000031e-06,
0.52,5.5510749999999865e-06,
0.54,5.526499999999955e-06,
0.56,5.38042500000007e-06,
0.58,5.343675000000006e-06,
0.6,,
0.58,,8.269675000000025e-06
0.56,,7.370425000000015e-06
0.54,,6.826399999999952e-06
0.52,,6.461000000000005e-06
0.5,,6.12360000000001e-06
0.48,,5.7775000000000036e-06
0.46,,5.5000749999999695e-06
0.44,,5.243399999999964e-06
0.42,,4.954075000000046e-06
0.4,,4.66910000000004e-06
0.38,,4.368924999999973e-06
0.36,,4.080824999999958e-06
0.34,,3.790499999999997e-06
0.32,,3.466825000000021e-06
0.3,,3.1464999999999944e-06
0.28,,2.819925000000005e-06
0.26,,2.4530000000000255e-06
0.24,,2.0264249999999795e-06
0.22,,1.6129250000000012e-06
0.2,,1.2024000000000344e-06
0.18,,6.605749999999899e-07
0.16,,1.0099999999999107e-07
0.14,,4.649250000000047e-07
0.12,,1.1289000000000156e-06
0.1,,1.8463250000000115e-06
0.08,,2.5943500000000068e-06
0.06,,3.380174999999963e-06
0.04,,4.191999999999976e-06
0.02,,5.040899999999974e-06
0.0,,5.930750000000004e-06
-0.02,,6.777750000000032e-06
-0.04,,7.618400000000008e-06
-0.06,,8.448099999999991e-06
-0.08,,9.288175000000015e-06
-0.1,,1.0125575000000022e-05
-0.12,,1.0927074999999984e-05
-0.14,,1.1717675000000023e-05
-0.16,,1.2459350000000022e-05
-0.18,,1.3182649999999961e-05
-0.2,,1.3887324999999973e-05
-0.22,,1.458567499999997e-05
-0.24,,1.521249999999997e-05
-0.26,,1.577999999999996e-05
-0.28,,1.6321000000000076e-05
-0.3,,1.6800750000000014e-05
-0.32,,1.730325000000001e-05
-0.34,,1.773924999999999e-05
-0.36,,1.7968249999999965e-05
-0.38,,1.8267499999999933e-05
-0.4,,1.8551750000000045e-05
-0.42,,1.8610750000000106e-05
-0.44,,1.8641749999999944e-05
-0.46,,1.8583499999999975e-05
-0.48,,1.8424000000000012e-05
-0.5,,1.8242499999999973e-05
-0.52,,1.797499999999999e-05
-0.54,,1.7643999999999982e-05
-0.56,,1.7265000000000086e-05
-0.58,,1.6899249999999938e-05
-0.6,,1.675850000000004e-05
-0.6,,
-0.58,,
-0.56,,
-0.54,,
-0.52,,
-0.5,,
-0.48,,
-0.46,,
-0.44,,
-0.42,,
-0.4,,
-0.38,,
-0.36,,
-0.34,,
-0.32,,
-0.3,,
-0.28,,
-0.26,,
-0.24,,
-0.22,,
-0.2,,
-0.18,,
-0.16,,
-0.14,,
-0.12,,
-0.1,,
-0.08,,
-0.06,,
-0.04,,
-0.02,,
0.0,,
0.02,,
0.04,,
0.06,,
0.08,,
0.1,,
0.12,,
0.14,,
0.16,,
0.18,,
0.2,,
0.22,,
0.24,,
0.26,,
0.28,,
0.3,,
0.32,,
0.34,,
0.36,,
0.38,,
0.4,,
0.42,,
0.44,,
0.46,,
0.48,,
0.5,,
0.52,,
0.54,,
0.56,,
0.58,,
0.6,,
0.58,,
0.56,,
0.54,,
0.52,,
0.5,,
0.48,,
0.46,,
0.44,,
0.42,,
0.4,,
0.38,,
0.36,,
0.34,,
0.32,,
0.3,,
0.28,,
0.26,,
0.24,,
0.22,,
0.2,,
0.18,,
0.16,,
0.14,,
0.12,,
0.1,,
0.08,,
0.06,,
0.04,,
0.02,,
0.0,,
-0.02,,
-0.04,,
-0.06,,
-0.08,,
-0.1,,
-0.12,,
-0.14,,
-0.16,,
-0.18,,
-0.2,,
-0.22,,
-0.24,,
-0.26,,
-0.28,,
-0.3,,
-0.32,,
-0.34,,
-0.36,,
-0.38,,
-0.4,,
-0.42,,
-0.44,,
-0.46,,
-0.48,,
-0.5,,
-0.52,,
-0.54,,
-0.56,,
-0.58,,
-0.6,,
-0.6,,
-0.58,,
-0.56,,
-0.54,,
-0.52,,
-0.5,,
-0.48,,
-0.46,,
-0.44,,
-0.42,,
-0.4,,
-0.38,,
-0.36,,
-0.34,,
-0.32,,
-0.3,,
-0.28,,
-0.26,,
-0.24,,
-0.22,,
-0.2,,
-0.18,,
-0.16,,
-0.14,,
-0.12,,
-0.1,,
-0.08,,
-0.06,,
-0.04,,
-0.02,,
0.0,,
0.02,,
0.04,,
0.06,,
0.08,,
0.1,,
0.12,,
0.14,,
0.16,,
0.18,,
0.2,,
0.22,,
0.24,,
0.26,,
0.28,,
0.3,,
0.32,,
0.34,,
0.36,,
0.38,,
0.4,,
0.42,,
0.44,,
0.46,,
0.48,,
0.5,,
0.52,,
0.54,,
0.56,,
0.58,,
0.6,,
0.58,,
0.56,,
0.54,,
0.52,,
0.5,,
0.48,,
0.46,,
0.44,,
0.42,,
0.4,,
0.38,,
0.36,,
0.34,,
0.32,,
0.3,,
0.28,,
0.26,,
0.24,,
0.22,,
0.2,,
0.18,,
0.16,,
0.14,,
0.12,,
0.1,,
0.08,,
0.06,,
0.04,,
0.02,,
0.0,,
-0.02,,
-0.04,,
-0.06,,
-0.08,,
-0.1,,
-0.12,,
-0.14,,
-0.16,,
-0.18,,
-0.2,,
-0.22,,
-0.24,,
-0.26,,
-0.28,,
-0.3,,
-0.32,,
-0.34,,
-0.36,,
-0.38,,
-0.4,,
-0.42,,
-0.44,,
-0.46,,
-0.48,,
-0.5,,
-0.52,,
-0.54,,
-0.56,,
-0.58,,
-0.6,,
