V,IGS Indo,IGS Voltando
-0.6,-2.935013e-05,
-0.58,-1.9925030000000002e-05,
-0.56,-1.42761e-05,
-0.54,-1.0238089999999999e-05,
-0.52,-7.197857e-06,
-0.5,-4.70042e-06,
-0.48,-2.6476370000000002e-06,
-0.46,-9.226783e-07,
-0.44,-2.1815299999999998e-07,
-0.42,1.451173e-06,
-0.4,2.6790269999999998e-06,
-0.38,3.685553e-06,
-0.36,4.53472e-06,
-0.34,5.2571270000000006e-06,
-0.32,5.9207270000000004e-06,
-0.3,6.481803e-06,
-0.28,7.04567e-06,
-0.26,7.495483000000001e-06,
-0.24,7.910727e-06,
-0.22,8.277893e-06,
-0.2,8.683203e-06,
-0.18,9.019377e-06,
-0.16,9.270507000000001e-06,
-0.14,9.516477e-06,
-0.12,9.81808e-06,
-0.1,1.003542e-05,
-0.08,1.02949e-05,
-0.06,1.05401e-05,
-0.04,1.0764200000000001e-05,
-0.02,1.097957e-05,
0.0,1.12653e-05,
0.02,1.146477e-05,
0.04,1.16992e-05,
0.06,1.108093e-05,
0.08,1.16845e-05,
0.1,1.210173e-05,
0.12,1.250307e-05,
0.14,1.2852770000000001e-05,
0.16,1.320523e-05,
0.18,1.350443e-05,
0.2,1.396497e-05,
0.22,1.428643e-05,
0.24,1.469213e-05,
0.26,1.51837e-05,
0.28,1.561207e-05,
0.3,1.6094429999999998e-05,
0.32,1.6678569999999998e-05,
0.34,1.73088e-05,
0.36,1.79676e-05,
0.38,1.861093e-05,
0.4,1.9449e-05,
0.42,2.039193e-05,
0.44,2.1430230000000002e-05,
0.46,2.2611629999999998e-05,
0.48,2.402783e-05,
0.5,2.57774e-05,
0.52,2.794107e-05,
0.54,3.058473e-05,
0.56,3.2383570000000004e-05,
0.58,3.6925069999999994e-05,
0.6,4.197557e-05,
0.58,,2.565703e-05
0.56,,1.675367e-05
0.54,,1.069347e-05
0.52,,6.282727e-06
0.5,,2.883673e-06
0.48,,3.004077e-07
0.46,,-1.8080069999999999e-06
0.44,,-3.3966730000000003e-06
0.42,,-4.732606999999999e-06
0.4,,-5.828933e-06
0.38,,-6.80208e-06
0.36,,-7.5022369999999995e-06
0.34,,-8.136033e-06
0.32,,-8.687973e-06
0.3,,-9.11077e-06
0.28,,-9.473167e-06
0.26,,-9.862963e-06
0.24,,-1.014747e-05
0.22,,-1.041533e-05
0.2,,-1.05691e-05
0.18,,-1.07789e-05
0.16,,-1.093827e-05
0.14,,-1.0216230000000001e-05
0.12,,-1.082937e-05
0.1,,-1.10789e-05
0.08,,-1.131893e-05
0.06,,-1.154543e-05
0.04,,-1.16714e-05
0.02,,-1.182757e-05
0.0,,-1.2032200000000001e-05
-0.02,,-1.226347e-05
-0.04,,-1.249353e-05
-0.06,,-1.270693e-05
-0.08,,-1.302877e-05
-0.1,,-1.3256870000000001e-05
-0.12,,-1.35823e-05
-0.14,,-1.389263e-05
-0.16,,-1.42757e-05
-0.18,,-1.466033e-05
-0.2,,-1.506963e-05
-0.22,,-1.55751e-05
-0.24,,-1.60158e-05
-0.26,,-1.6563729999999997e-05
-0.28,,-1.706003e-05
-0.3,,-1.7593699999999997e-05
-0.32,,-1.821717e-05
-0.34,,-1.878497e-05
-0.36,,-1.8456e-05
-0.38,,-1.957257e-05
-0.4,,-2.050083e-05
-0.42,,-2.14342e-05
-0.44,,-2.23553e-05
-0.46,,-2.3299869999999998e-05
-0.48,,-2.43938e-05
-0.5,,-2.5540599999999997e-05
-0.52,,-2.684193e-05
-0.54,,-2.827763e-05
-0.56,,-2.9886969999999998e-05
-0.58,,-3.176093e-05
-0.6,,-3.377837e-05
-0.6,,
-0.58,,
-0.56,,
-0.54,,
-0.52,,
-0.5,,
-0.48,,
-0.46,,
-0.44,,
-0.42,,
-0.4,,
-0.38,,
-0.36,,
-0.34,,
-0.32,,
-0.3,,
-0.28,,
-0.26,,
-0.24,,
-0.22,,
-0.2,,
-0.18,,
-0.16,,
-0.14,,
-0.12,,
-0.1,,
-0.08,,
-0.06,,
-0.04,,
-0.02,,
0.0,,
0.02,,
0.04,,
0.06,,
0.08,,
0.1,,
0.12,,
0.14,,
0.16,,
0.18,,
0.2,,
0.22,,
0.24,,
0.26,,
0.28,,
0.3,,
0.32,,
0.34,,
0.36,,
0.38,,
0.4,,
0.42,,
0.44,,
0.46,,
0.48,,
0.5,,
0.52,,
0.54,,
0.56,,
0.58,,
0.6,,
0.58,,
0.56,,
0.54,,
0.52,,
0.5,,
0.48,,
0.46,,
0.44,,
0.42,,
0.4,,
0.38,,
0.36,,
0.34,,
0.32,,
0.3,,
0.28,,
0.26,,
0.24,,
0.22,,
0.2,,
0.18,,
0.16,,
0.14,,
0.12,,
0.1,,
0.08,,
0.06,,
0.04,,
0.02,,
0.0,,
-0.02,,
-0.04,,
-0.06,,
-0.08,,
-0.1,,
-0.12,,
-0.14,,
-0.16,,
-0.18,,
-0.2,,
-0.22,,
-0.24,,
-0.26,,
-0.28,,
-0.3,,
-0.32,,
-0.34,,
-0.36,,
-0.38,,
-0.4,,
-0.42,,
-0.44,,
-0.46,,
-0.48,,
-0.5,,
-0.52,,
-0.54,,
-0.56,,
-0.58,,
-0.6,,
-0.6,,
-0.58,,
-0.56,,
-0.54,,
-0.52,,
-0.5,,
-0.48,,
-0.46,,
-0.44,,
-0.42,,
-0.4,,
-0.38,,
-0.36,,
-0.34,,
-0.32,,
-0.3,,
-0.28,,
-0.26,,
-0.24,,
-0.22,,
-0.2,,
-0.18,,
-0.16,,
-0.14,,
-0.12,,
-0.1,,
-0.08,,
-0.06,,
-0.04,,
-0.02,,
0.0,,
0.02,,
0.04,,
0.06,,
0.08,,
0.1,,
0.12,,
0.14,,
0.16,,
0.18,,
0.2,,
0.22,,
0.24,,
0.26,,
0.28,,
0.3,,
0.32,,
0.34,,
0.36,,
0.38,,
0.4,,
0.42,,
0.44,,
0.46,,
0.48,,
0.5,,
0.52,,
0.54,,
0.56,,
0.58,,
0.6,,
0.58,,
0.56,,
0.54,,
0.52,,
0.5,,
0.48,,
0.46,,
0.44,,
0.42,,
0.4,,
0.38,,
0.36,,
0.34,,
0.32,,
0.3,,
0.28,,
0.26,,
0.24,,
0.22,,
0.2,,
0.18,,
0.16,,
0.14,,
0.12,,
0.1,,
0.08,,
0.06,,
0.04,,
0.02,,
0.0,,
-0.02,,
-0.04,,
-0.06,,
-0.08,,
-0.1,,
-0.12,,
-0.14,,
-0.16,,
-0.18,,
-0.2,,
-0.22,,
-0.24,,
-0.26,,
-0.28,,
-0.3,,
-0.32,,
-0.34,,
-0.36,,
-0.38,,
-0.4,,
-0.42,,
-0.44,,
-0.46,,
-0.48,,
-0.5,,
-0.52,,
-0.54,,
-0.56,,
-0.58,,
-0.6,,
