V,IGS Indo,IGS Voltando
-0.6,-0.0001517113,
-0.58,-0.0001097963,
-0.56,-8.29593e-05,
-0.54,-6.343487000000001e-05,
-0.52,-4.873037e-05,
-0.5,-3.6875800000000004e-05,
-0.48,-2.72131e-05,
-0.46,-1.89205e-05,
-0.44,-1.224593e-05,
-0.42,-6.241003000000001e-06,
-0.4,-6.794937e-07,
-0.38,3.158647e-06,
-0.36,6.9121499999999995e-06,
-0.34,1.043201e-05,
-0.32,1.3469870000000001e-05,
-0.3,1.609403e-05,
-0.28,1.851043e-05,
-0.26,2.059817e-05,
-0.24,2.263347e-05,
-0.22,2.4318670000000003e-05,
-0.2,2.6017429999999998e-05,
-0.18,2.746183e-05,
-0.16,2.869807e-05,
-0.14,2.979633e-05,
-0.12,3.091337e-05,
-0.1,3.20868e-05,
-0.08,3.165367e-05,
-0.06,3.323233e-05,
-0.04,3.453253e-05,
-0.02,3.54421e-05,
0.0,3.6395e-05,
0.02,3.723383e-05,
0.04,3.798883e-05,
0.06,3.8781129999999996e-05,
0.08,3.9623169999999995e-05,
0.1,4.050693e-05,
0.12,4.157347e-05,
0.14,4.267573e-05,
0.16,4.4022e-05,
0.18,4.5475170000000006e-05,
0.2,4.724503e-05,
0.22,4.94929e-05,
0.24,5.186957e-05,
0.26,5.455537e-05,
0.28,5.7677469999999996e-05,
0.3,6.098627e-05,
0.32,6.490867e-05,
0.34,6.930787000000001e-05,
0.36,7.401386999999999e-05,
0.38,7.89837e-05,
0.4,8.426783e-05,
0.42,8.976777e-05,
0.44,9.57787e-05,
0.46,0.0001018793,
0.48,0.0001082337,
0.5,0.00011509399999999999,
0.52,0.00011928399999999999,
0.54,0.00012738029999999998,
0.56,0.000134963,
0.58,0.0001428443,
0.6,0.0001510153,
0.58,,0.00010441029999999999
0.56,,7.692059999999999e-05
0.54,,5.76214e-05
0.52,,4.324437e-05
0.5,,3.187657e-05
0.48,,2.27348e-05
0.46,,1.538713e-05
0.44,,9.908673e-06
0.42,,3.856817e-06
0.4,,-9.66391e-07
0.38,,-4.637243e-06
0.36,,-7.91947e-06
0.34,,-1.0694259999999999e-05
0.32,,-1.31281e-05
0.3,,-1.532637e-05
0.28,,-1.725277e-05
0.26,,-1.88124e-05
0.24,,-2.022903e-05
0.22,,-2.158207e-05
0.2,,-2.26867e-05
0.18,,-2.37123e-05
0.16,,-2.47943e-05
0.14,,-2.586683e-05
0.12,,-2.697707e-05
0.1,,-2.709227e-05
0.08,,-2.865193e-05
0.06,,-3.0265630000000002e-05
0.04,,-3.173787e-05
0.02,,-3.31076e-05
0.0,,-3.468593e-05
-0.02,,-3.657143e-05
-0.04,,-3.8514100000000005e-05
-0.06,,-4.04835e-05
-0.08,,-4.280927e-05
-0.1,,-4.510043e-05
-0.12,,-4.790347e-05
-0.14,,-5.0613470000000004e-05
-0.16,,-5.390327e-05
-0.18,,-5.7311830000000005e-05
-0.2,,-6.0817400000000005e-05
-0.22,,-6.445169999999999e-05
-0.24,,-6.834547e-05
-0.26,,-7.245023e-05
-0.28,,-7.665357e-05
-0.3,,-8.112549999999999e-05
-0.32,,-8.564907e-05
-0.34,,-9.04624e-05
-0.36,,-9.5344e-05
-0.38,,-0.0001004445
-0.4,,-0.000105571
-0.42,,-0.0001109473
-0.44,,-0.0001164383
-0.46,,-0.0001218837
-0.48,,-0.0001277893
-0.5,,-0.0001307923
-0.52,,-0.00013832029999999998
-0.54,,-0.000145886
-0.56,,-0.00015365770000000002
-0.58,,-0.00016176
-0.6,,-0.000170684
-0.6,,
-0.58,,
-0.56,,
-0.54,,
-0.52,,
-0.5,,
-0.48,,
-0.46,,
-0.44,,
-0.42,,
-0.4,,
-0.38,,
-0.36,,
-0.34,,
-0.32,,
-0.3,,
-0.28,,
-0.26,,
-0.24,,
-0.22,,
-0.2,,
-0.18,,
-0.16,,
-0.14,,
-0.12,,
-0.1,,
-0.08,,
-0.06,,
-0.04,,
-0.02,,
0.0,,
0.02,,
0.04,,
0.06,,
0.08,,
0.1,,
0.12,,
0.14,,
0.16,,
0.18,,
0.2,,
0.22,,
0.24,,
0.26,,
0.28,,
0.3,,
0.32,,
0.34,,
0.36,,
0.38,,
0.4,,
0.42,,
0.44,,
0.46,,
0.48,,
0.5,,
0.52,,
0.54,,
0.56,,
0.58,,
0.6,,
0.58,,
0.56,,
0.54,,
0.52,,
0.5,,
0.48,,
0.46,,
0.44,,
0.42,,
0.4,,
0.38,,
0.36,,
0.34,,
0.32,,
0.3,,
0.28,,
0.26,,
0.24,,
0.22,,
0.2,,
0.18,,
0.16,,
0.14,,
0.12,,
0.1,,
0.08,,
0.06,,
0.04,,
0.02,,
0.0,,
-0.02,,
-0.04,,
-0.06,,
-0.08,,
-0.1,,
-0.12,,
-0.14,,
-0.16,,
-0.18,,
-0.2,,
-0.22,,
-0.24,,
-0.26,,
-0.28,,
-0.3,,
-0.32,,
-0.34,,
-0.36,,
-0.38,,
-0.4,,
-0.42,,
-0.44,,
-0.46,,
-0.48,,
-0.5,,
-0.52,,
-0.54,,
-0.56,,
-0.58,,
-0.6,,
-0.6,,
-0.58,,
-0.56,,
-0.54,,
-0.52,,
-0.5,,
-0.48,,
-0.46,,
-0.44,,
-0.42,,
-0.4,,
-0.38,,
-0.36,,
-0.34,,
-0.32,,
-0.3,,
-0.28,,
-0.26,,
-0.24,,
-0.22,,
-0.2,,
-0.18,,
-0.16,,
-0.14,,
-0.12,,
-0.1,,
-0.08,,
-0.06,,
-0.04,,
-0.02,,
0.0,,
0.02,,
0.04,,
0.06,,
0.08,,
0.1,,
0.12,,
0.14,,
0.16,,
0.18,,
0.2,,
0.22,,
0.24,,
0.26,,
0.28,,
0.3,,
0.32,,
0.34,,
0.36,,
0.38,,
0.4,,
0.42,,
0.44,,
0.46,,
0.48,,
0.5,,
0.52,,
0.54,,
0.56,,
0.58,,
0.6,,
0.58,,
0.56,,
0.54,,
0.52,,
0.5,,
0.48,,
0.46,,
0.44,,
0.42,,
0.4,,
0.38,,
0.36,,
0.34,,
0.32,,
0.3,,
0.28,,
0.26,,
0.24,,
0.22,,
0.2,,
0.18,,
0.16,,
0.14,,
0.12,,
0.1,,
0.08,,
0.06,,
0.04,,
0.02,,
0.0,,
-0.02,,
-0.04,,
-0.06,,
-0.08,,
-0.1,,
-0.12,,
-0.14,,
-0.16,,
-0.18,,
-0.2,,
-0.22,,
-0.24,,
-0.26,,
-0.28,,
-0.3,,
-0.32,,
-0.34,,
-0.36,,
-0.38,,
-0.4,,
-0.42,,
-0.44,,
-0.46,,
-0.48,,
-0.5,,
-0.52,,
-0.54,,
-0.56,,
-0.58,,
-0.6,,
