Type	Chip	Disp	Electrolyte	Measure	Sweep	VGSmin [V]	IDSmin [A]	IDSmax [A]	Ronoff	Res [ohm]	IDS(-0.6V) [A]	IDS(+0.6V) [A]	VGS min |gm| [V]	min |gm| [S]	VGS min gm [V]	min gm [S]	VGS max gm [V]	max gm [S]
Standard	1	2	MgCl2	230	2	0.2	9.950633e-06	1.95586e-05	1.9655633968210864	9460.621581759166	1.95586e-05	1.173627e-05	0.2	1.4567500000001957e-07	-0.6	-2.4836499999999988e-05	0.6	8.284999999999949e-06
Standard	1	2	MgCl2	210	2	0.12	9.80261e-06	1.8593e-05	1.8967397458431987	9990.00999000999	1.8593e-05	1.21817e-05	0.12	2.3260000000000858e-07	-0.6	-2.3448499999999964e-05	0.6	8.3935e-06
Standard	1	2	MgCl2	250	2	0.3	9.90062e-06	2.01374e-05	2.0339534291791828	9061.229445733656	2.01374e-05	1.08793e-05	0.3	4.235000000002171e-08	-0.6	-2.5218500000000114e-05	0.6	6.174999999999982e-06
Standard	1	2	MgCl2	152	1	0.24	1.252073e-05	2.0922e-05	1.6709888321208108	7588.710124174064	2.0922e-05	1.37772e-05	0.24	1.482499999999761e-07	-0.6	-2.399500000000008e-05	0.6	6.073499999999997e-06
Standard	1	2	MgCl2	140	2	0.18	1.260073e-05	2.34322e-05	1.85959067450854	7636.794073847799	2.34322e-05	1.46278e-05	0.18	5.849999999999954e-08	-0.6	-3.0283499999999867e-05	0.58	8.389249999999954e-06
Standard	1	2	MgCl2	110	2	0.14	1.33148e-05	2.555823e-05	1.9195354042118544	7268.376818820445	2.555823e-05	1.571133e-05	0.14	2.507500000000179e-07	-0.6	-3.1225e-05	0.52	7.862499999999981e-06
Standard	1	2	MgCl2	151	1	0.36	1.316277e-05	2.614353e-05	1.9861723634159072	6573.528532071918	2.614353e-05	1.39024e-05	0.36	5.0750000000013024e-08	-0.44	-2.213149999999995e-05	0.6	5.528499999999988e-06
Standard	1	2	MgCl2	150	1	0.16	1.252187e-05	2.1486e-05	1.7158779000261142	7719.742469391222	2.1486e-05	1.45506e-05	0.16	1.665000000000195e-07	-0.46	-1.834150000000001e-05	0.6	8.41499999999998e-06
Standard	1	2	MgCl2	330	2	0.16	5.970877e-06	1.150443e-05	1.926757158119318	16091.173878489431	1.150443e-05	7.480097e-06	0.16	3.774999999999807e-08	-0.6	-1.7057999999999985e-05	0.6	5.8988499999999935e-06
Standard	1	2	MgCl2	310	2	0.08	7.45456e-06	1.51671e-05	2.034607005644866	13237.779510750202	1.51671e-05	1.010187e-05	0.08	5.692499999997744e-08	-0.6	-2.015849999999996e-05	0.6	8.091349999999971e-06
Standard	1	1	KCl	230	2	0.14	1.021737e-05	2.146787e-05	2.101115061899491	9407.691728757432	2.146787e-05	1.29044e-05	0.14	6.499999999999346e-08	-0.6	-2.7429999999999983e-05	0.6	9.714999999999948e-06
Standard	1	1	KCl	210	2	0.08	1.007477e-05	2.122843e-05	2.1070883007751045	9778.61221935383	2.122843e-05	1.323883e-05	0.08	7.50000000038914e-10	-0.6	-2.7230000000000053e-05	0.6	9.86649999999996e-06
Standard	1	1	KCl	250	2	0.24	1.01185e-05	2.1378e-05	2.112763749567624	8954.635814961406	2.1378e-05	1.165423e-05	0.26	2.474999999999938e-07	-0.6	-2.68515e-05	0.6	7.977999999999987e-06
Standard	1	1	KCl	150	1	0.1	6.69244e-06	1.445583e-05	2.1600238478043883	14651.742011540591	1.445583e-05	8.938323e-06	0.1	1.4107499999999593e-07	-0.6	-7.960299999999994e-05	0.6	7.827000000000012e-06
Standard	1	1	KCl	140	2	0.12	6.79169e-06	1.463017e-05	2.1541280594373418	14257.193787912553	1.463017e-05	8.86931e-06	0.12	7.100000000008792e-09	-0.6	-2.3843499999999983e-05	0.6	7.769350000000061e-06
Standard	1	1	KCl	152	1	0.14	6.758933e-06	1.417263e-05	2.096873870476301	14356.724697026451	1.417263e-05	8.381707e-06	0.14	3.0250000000015514e-08	-0.6	-8.468149999999987e-05	0.6	6.194349999999998e-06
Standard	1	1	KCl	151	1	0.24	7.02049e-06	1.793847e-05	2.555159255265658	12660.96357782625	1.793847e-05	8.314217e-06	0.24	6.707500000002341e-08	-0.6	-8.411699999999985e-05	0.6	6.348350000000013e-06
Standard	1	1	KCl	110	2	0.08	7.222443e-06	1.48764e-05	2.0597462659103023	13634.64629068766	1.48764e-05	9.83026e-06	0.08	4.9674999999998815e-08	-0.6	-2.3211499999999983e-05	0.6	8.464650000000048e-06
Standard	1	1	KCl	310	2	0.04	6.976753e-06	1.488717e-05	2.1338250042677447	14239.685519393242	1.488717e-05	1.01509e-05	0.04	3.5207499999998426e-07	-0.54	-1.800074999999999e-05	0.6	8.867849999999995e-06
Standard	1	1	KCl	330	2	0.12	6.049803e-06	1.211313e-05	2.0022354446913395	16032.706721712291	1.211313e-05	8.177133e-06	0.12	7.575000000002718e-08	-0.6	-1.6896499999999952e-05	0.6	8.027300000000014e-06
Standard	1	3	MgCl2	250	2	0.3	8.286577e-06	1.759993e-05	2.1239083399575	10707.245700237809	1.759993e-05	9.152317e-06	0.3	4.9425000000021984e-08	-0.6	-2.423650000000003e-05	0.6	5.237850000000002e-06
Standard	1	3	MgCl2	230	2	0.2	8.28356e-06	1.698157e-05	2.050032836123599	11312.681731161583	1.698157e-05	9.960917e-06	0.2	1.9750000000012813e-08	-0.6	-2.3581999999999985e-05	0.6	7.4904999999999345e-06
Standard	1	3	MgCl2	210	2	0.1	8.15109e-06	1.608747e-05	1.97365873766576	12012.23854912339	1.608747e-05	1.048133e-05	0.1	1.0617499999999397e-07	-0.6	-2.183849999999999e-05	0.6	7.572999999999946e-06
Standard	1	3	MgCl2	152	1	0.22	1.09369e-05	1.864497e-05	1.7047764905960554	8774.600689859106	1.864497e-05	1.21101e-05	0.22	1.1674999999996801e-07	-0.6	-3.085500000000004e-05	0.58	5.356749999999965e-06
Standard	1	3	MgCl2	110	2	0.16	1.209557e-05	2.37416e-05	1.9628343269478	7944.117897064887	2.37416e-05	1.410237e-05	0.16	1.4424999999996732e-07	-0.6	-3.169849999999992e-05	0.52	7.005999999999939e-06
Standard	1	3	MgCl2	151	1	0.34	1.15894e-05	2.367597e-05	2.0428986832795486	7568.189386371205	2.367597e-05	1.22895e-05	0.34	4.249999999985602e-09	-0.6	-2.2679999999999905e-05	0.6	4.959999999999945e-06
Standard	1	3	MgCl2	150	1	0.16	1.104757e-05	1.957577e-05	1.7719525651342332	8765.52484018257	1.957577e-05	1.286267e-05	0.16	6.499999999999346e-08	-0.6	-2.606000000000003e-05	0.6	7.573499999999981e-06
Standard	1	3	MgCl2	140	2	0.16	1.11118e-05	2.087753e-05	1.8788612106049427	8686.308727047515	2.087753e-05	1.293303e-05	0.18	1.932499999999799e-07	-0.6	-2.8920000000000028e-05	0.6	7.5264999999999965e-06
Standard	1	3	MgCl2	330	2	0.24	5.44777e-06	1.14751e-05	2.1063848143368755	16787.22693476987	1.14751e-05	6.378103e-06	0.24	1.6392500000000877e-07	-0.6	-1.7336499999999982e-05	0.6	4.631299999999998e-06
Standard	1	3	MgCl2	310	2	0.1	6.442923e-06	1.338033e-05	2.0767483950995533	15207.05084036444	1.338033e-05	8.677373e-06	0.1	2.1674999999999762e-07	-0.6	-1.8303e-05	0.6	7.139650000000023e-06
Standard	2	2	MgCl2	230	2	0.2	4.708223e-06	1.118513e-05	2.3756585021567584	19809.445024531025	1.118513e-05	5.977993e-06	0.2	1.3925000000001057e-07	-0.6	-2.0199999999999976e-05	0.6	5.443650000000007e-06
Standard	2	2	MgCl2	210	2	0.1	4.59837e-06	1.043393e-05	2.269049684997075	21296.26080252829	1.043393e-05	6.324367e-06	0.1	1.5584999999999278e-07	-0.6	-1.853000000000004e-05	0.58	5.669499999999984e-06
Standard	2	2	MgCl2	250	2	0.28	4.66132e-06	1.10578e-05	2.372246488119245	19180.55674634845	1.10578e-05	5.354643e-06	0.26	9.632499999999609e-08	-0.6	-1.9581499999999992e-05	0.6	3.71849999999996e-06
Standard	2	2	MgCl2	150	1	0.14	6.979947e-06	1.418277e-05	2.031930901481057	13909.49619387501	1.418277e-05	8.424887e-06	0.14	7.265000000000007e-08	-0.6	-4.925349999999994e-05	0.6	5.929200000000016e-06
Standard	2	2	MgCl2	151	1	0.3	7.323447e-06	1.73479e-05	2.3688162145503338	12012.512713743145	1.73479e-05	7.95862e-06	0.32	1.777499999999798e-07	-0.6	-4.974499999999993e-05	0.6	4.115649999999985e-06
Standard	2	2	MgCl2	110	2	0.14	7.706477e-06	1.659063e-05	2.152816390680203	12500.23906707216	1.659063e-05	9.30976e-06	0.14	1.9300000000000306e-07	-0.6	-2.6837999999999905e-05	0.52	5.5510749999999865e-06
Standard	2	2	MgCl2	140	2	0.16	7.003943e-06	1.429427e-05	2.04088896782855	13802.940661296128	1.429427e-05	8.45937e-06	0.16	1.0892500000001017e-07	-0.6	-2.340999999999998e-05	0.6	5.907349999999995e-06
Standard	2	2	MgCl2	152	1	0.2	6.880837e-06	1.336383e-05	1.9421808713096969	14006.79301447616	1.336383e-05	7.823907e-06	0.2	1.203500000000301e-07	-0.6	-5.431499999999996e-05	0.6	4.1715000000000125e-06
Standard	2	2	MgCl2	310	2	0.08	3.51482e-06	7.99989e-06	2.276045430491462	28008.43502029071	7.99989e-06	5.164067e-06	0.08	9.349999999999497e-08	-0.6	-1.3733500000000017e-05	0.6	5.2033500000000025e-06
Standard	2	2	MgCl2	330	2	0.1	2.891677e-06	5.915533e-06	2.0457101536582405	33841.02771140236	5.915533e-06	3.96327e-06	0.1	4.317499999999133e-08	-0.6	-1.1104999999999988e-05	0.6	3.888499999999993e-06
Standard	2	1	KCl	250	2	0.22	5.545e-06	1.29347e-05	2.332678088367899	16504.10126916539	1.29347e-05	6.9614e-06	0.22	2.0742500000001609e-07	-0.6	-2.2086499999999976e-05	0.6	6.577849999999974e-06
Standard	2	1	KCl	230	2	0.12	5.669103e-06	1.2631e-05	2.228042072969921	16921.246825151065	1.2631e-05	7.81401e-06	0.14	2.6799999999999134e-07	-0.6	-2.0718499999999995e-05	0.6	8.16900000000005e-06
Standard	2	1	KCl	150	1	0.12	8.550193e-06	1.78502e-05	2.087695564298958	11384.987095686378	1.78502e-05	1.090017e-05	0.12	4.607499999999092e-08	-0.6	-7.198849999999997e-05	0.6	8.769999999999994e-06
Standard	2	1	KCl	140	2	0.14	8.62243e-06	1.82061e-05	2.1114813341482623	11200.48726599802	1.82061e-05	1.091933e-05	0.14	1.2682500000004264e-07	-0.6	-2.812849999999989e-05	0.6	8.804999999999986e-06
Standard	2	1	KCl	110	2	0.1	9.298323e-06	2.0152e-05	2.167272528605427	10541.325527411504	2.0152e-05	1.22038e-05	0.1	2.6100000000001664e-07	-0.6	-3.060149999999992e-05	0.6	9.109999999999975e-06
Standard	2	1	KCl	151	1	0.26	8.921117e-06	2.14255e-05	2.401661137276868	9926.119889661251	2.14255e-05	1.01808e-05	0.26	1.7739999999999596e-07	-0.6	-6.924349999999987e-05	0.6	6.698499999999927e-06
Standard	2	1	KCl	152	1	0.16	8.507073e-06	1.687187e-05	1.9832755637573585	11339.835595063543	1.687187e-05	1.009987e-05	0.16	1.0589999999998149e-07	-0.6	-7.800849999999994e-05	0.6	6.606349999999935e-06
Standard	2	1	KCl	310	2	0.06	4.326973e-06	1.081503e-05	2.499444761961769	22702.07857961268	1.081503e-05	6.955687e-06	0.06	2.7182499999999464e-07	-0.6	-1.872999999999997e-05	0.6	8.223999999999959e-06
Standard	2	1	KCl	330	2	0.16	3.7274e-06	8.860023e-06	2.37699817567205	25206.94905171458	8.860023e-06	5.067553e-06	0.18	1.4767499999999685e-07	-0.6	-1.778564999999996e-05	0.6	5.846499999999999e-06
Standard	2	1	KCl	330	2	0.44	3.62917e-06	5.709757e-06	1.573295546915686	20753.33355608578	5.284333e-06	3.8108e-06	0.44	1.2749999999997464e-08	0.04	-4.399424999999992e-06	-0.6	4.890499999999996e-06
Standard	2	1	KCl	310	2	0.08	3.83795e-06	8.531107e-06	2.2228291145012307	25606.44381037199	8.531107e-06	6.17668e-06	0.08	1.031499999999924e-07	-0.6	-1.5031349999999935e-05	0.6	7.722849999999985e-06
Standard	2	3	KCl	250	2	0.18	4.89093e-06	1.161777e-05	2.3753703283424628	19062.869343093524	1.161777e-05	6.322307e-06	0.18	2.3424999999992072e-08	-0.6	-1.9997000000000005e-05	0.6	5.994700000000024e-06
Standard	2	3	KCl	230	2	0.08	4.917183e-06	1.10949e-05	2.256352875213308	20032.66526397945	1.10949e-05	7.11917e-06	0.08	2.0359999999998565e-07	-0.6	-1.925349999999992e-05	0.6	6.948349999999973e-06
Standard	2	3	KCl	210	2	0.04	4.815687e-06	1.111563e-05	2.308212722296944	20674.856252893187	1.111563e-05	7.329037e-06	0.04	9.160000000001113e-08	-0.6	-1.984299999999999e-05	0.6	7.23169999999999e-06
Standard	2	3	KCl	150	1	0.14	7.28897e-06	1.603433e-05	2.199807380192263	13234.498101511248	1.603433e-05	9.107273e-06	0.14	8.77499999999993e-08	-0.6	-6.839299999999984e-05	0.6	6.967299999999977e-06
Standard	2	3	KCl	151	1	0.28	7.60496e-06	1.95344e-05	2.568639414276998	11372.376293280848	1.95344e-05	8.531063e-06	0.28	2.373500000000021e-07	-0.6	-7.23015e-05	0.6	5.280150000000046e-06
Standard	2	3	KCl	152	1	0.18	7.283627e-06	1.497393e-05	2.055834270480902	13132.183304267435	1.497393e-05	8.512523e-06	0.18	4.9174999999990936e-08	-0.6	-7.067299999999992e-05	0.6	5.260000000000009e-06
Standard	2	3	KCl	110	2	0.12	7.984207e-06	1.838717e-05	2.30294254645452	12114.339986528856	1.838717e-05	1.022087e-05	0.12	2.639999999992236e-08	-0.6	-3.0183499999999983e-05	0.6	7.578499999999992e-06
Standard	2	3	KCl	140	2	0.16	7.352763e-06	1.640927e-05	2.2317147989130075	12985.39402879641	1.640927e-05	9.05057e-06	0.16	8.949999999999976e-08	-0.6	-2.6678499999999928e-05	0.6	6.82615000000003e-06
Standard	2	3	KCl	330	2	0.08	3.209293e-06	6.88269e-06	2.1446125361567177	30567.485365816385	6.88269e-06	4.773143e-06	0.1	1.3117500000002166e-07	-0.6	-1.279934999999999e-05	0.6	5.803499999999998e-06
Standard	2	3	KCl	310	2	0.06	4.060597e-06	9.871623e-06	2.431076760387697	24380.016188330752	9.871623e-06	6.342633e-06	0.06	1.5175000000001765e-07	-0.6	-1.7949500000000005e-05	0.6	6.994799999999995e-06
Enode	1	2	KCl	230	2	0.1	7.962813e-06	1.75434e-05	2.203166142417259	12276.476062099327	1.75434e-05	1.086657e-05	0.1	3.955749999999645e-07	-0.56	-2.199675000000008e-05	0.6	8.804999999999986e-06
Enode	1	2	KCl	250	2	0.14	8.043093e-06	1.724837e-05	2.144494661444297	11892.873278937708	1.724837e-05	1.024113e-05	0.14	2.657499999998204e-08	-0.6	-2.124850000000005e-05	0.6	8.051499999999962e-06
Enode	1	2	KCl	210	2	0.14	7.910383e-06	1.904723e-05	2.40787709014848	12024.241351534349	1.904723e-05	1.058367e-05	0.14	3.105999999999899e-07	-0.56	-2.401250000000002e-05	0.6	8.819999999999934e-06
Enode	1	2	KCl	110	2	0.14	1.26335e-05	2.73168e-05	2.1622511576364425	7541.176710131496	2.73168e-05	1.531667e-05	0.14	3.8324999999998994e-07	-0.56	-2.8974250000000164e-05	0.56	8.596750000000022e-06
Enode	1	2	KCl	151	1	0.3	1.20698e-05	2.374567e-05	1.9673623423751845	7275.759280049068	2.298303e-05	1.321877e-05	0.3	2.4075000000002306e-07	-0.4	-2.146349999999984e-05	-0.6	3.813200000000003e-05
Enode	1	2	KCl	150	1	0.12	1.166957e-05	1.955313e-05	1.6755655949619397	8346.8482718268	1.884303e-05	1.41445e-05	0.12	1.375000000000508e-07	-0.4	-1.7802499999999984e-05	-0.6	3.117699999999986e-05
Enode	1	2	KCl	152	1	0.16	1.165867e-05	1.842443e-05	1.5803200536596371	8318.865439855852	1.8191e-05	1.344783e-05	0.16	1.2349999999999297e-07	-0.42	-1.4877500000000062e-05	-0.6	1.1671500000000103e-05
Enode	1	2	KCl	140	2	0.12	1.17955e-05	2.319423e-05	1.966362595905218	8234.498761943112	2.319423e-05	1.42148e-05	0.12	2.557500000000424e-07	-0.6	-2.838300000000008e-05	0.6	8.249999999999957e-06
Enode	1	1	MgCl2	250	2	0.22	9.05671e-06	1.96485e-05	2.169496428614806	10200.997392319035	1.96485e-05	1.058977e-05	0.22	4.1849999999959634e-08	-0.58	-2.455174999999997e-05	0.6	7.283499999999938e-06
Enode	1	1	MgCl2	210	2	0.14	9.08208e-06	2.016647e-05	2.2204682187340343	10591.88176748426	2.016647e-05	1.153713e-05	0.14	2.328250000000311e-07	-0.6	-2.5778499999999987e-05	0.58	8.378999999999982e-06
Enode	1	1	MgCl2	230	2	0.16	9.16795e-06	2.023197e-05	2.206815045893575	10345.86217242414	2.023197e-05	1.137593e-05	0.16	5.6925000000004574e-08	-0.58	-2.5995999999999973e-05	0.6	8.572999999999936e-06
Enode	1	1	MgCl2	140	2	0.12	1.096427e-05	2.24658e-05	2.0490009822815383	8844.5247527292	2.24658e-05	1.359653e-05	0.14	3.089999999999864e-07	-0.56	-2.693250000000019e-05	0.56	8.968500000000048e-06
Enode	1	1	MgCl2	150	1	0.14	1.087247e-05	1.857833e-05	1.7087497137265035	8864.933867593349	1.60938e-05	1.34072e-05	0.14	1.8925000000002534e-07	-0.38	-1.759175e-05	-0.6	9.57134999999998e-05
Enode	1	1	MgCl2	110	2	0.14	1.1308e-05	2.53412e-05	2.240997523876901	8465.629965621078	2.53412e-05	1.416553e-05	0.14	1.5325000000005484e-07	-0.5	-2.9729250000000017e-05	0.52	8.918249999999989e-06
Enode	1	1	MgCl2	152	1	0.2	1.10982e-05	1.839437e-05	1.6574192211349588	8518.881675289194	1.6331e-05	1.27362e-05	0.2	1.6674999999999633e-07	-0.4	-1.536750000000008e-05	-0.6	8.498499999999992e-05
Enode	1	1	MgCl2	151	1	0.34	1.145287e-05	2.35722e-05	2.0581915275385123	7266.174504446899	2.03652e-05	1.252493e-05	0.34	2.8425000000000325e-07	-0.38	-2.107249999999997e-05	-0.6	0.0001324764999999
Enode	1	3	KCl	230	2	0.1	8.169217e-06	1.765753e-05	2.161471533930363	11923.815878635583	1.765753e-05	1.09637e-05	0.1	3.6175000000003095e-08	-0.56	-2.123750000000008e-05	0.58	8.916749999999911e-06
Enode	1	3	KCl	250	2	0.14	8.18779e-06	1.7484e-05	2.135374747031861	11710.8771798334	1.7484e-05	1.05343e-05	0.14	1.257500000000284e-07	-0.58	-2.069575000000003e-05	0.6	8.411499999999989e-06
Enode	1	3	KCl	210	2	0.12	8.12132e-06	1.86147e-05	2.292078135081489	11814.05108891881	1.86147e-05	1.082847e-05	0.12	9.97500000000256e-08	-0.6	-2.2769999999999933e-05	0.6	8.933499999999997e-06
Enode	1	3	KCl	151	1	0.26	1.037417e-05	2.14741e-05	2.069958367753758	8410.237950862343	2.025323e-05	1.198283e-05	0.26	1.1400000000000602e-07	-0.38	-2.060425e-05	-0.6	5.571499999999998e-05
Enode	1	3	KCl	110	2	0.12	1.04126e-05	2.432147e-05	2.335773005781457	9241.887932866926	2.432147e-05	1.383527e-05	0.12	2.9899999999993734e-07	-0.46	-2.7928500000000043e-05	0.6	1.0320000000000005e-05
Enode	1	3	KCl	150	1	0.1	9.920507e-06	1.735677e-05	1.7495849758485127	9849.56755473651	1.643607e-05	1.29036e-05	0.1	1.253249999999648e-07	-0.4	-1.7276499999999942e-05	-0.6	3.830299999999996e-05
Enode	1	3	KCl	152	1	0.14	1.01559e-05	1.697863e-05	1.671799643556947	9510.042604990873	1.63431e-05	1.23095e-05	0.14	1.3675000000001186e-07	-0.4	-1.5025750000000092e-05	-0.6	2.9065000000000007e-05
Enode	1	3	KCl	140	2	0.1	1.00193e-05	2.09999e-05	2.095944826484884	9732.388513056489	2.09999e-05	1.301007e-05	0.1	1.0249999999998758e-07	-0.6	-2.5511499999999944e-05	0.6	9.562000000000004e-06
Enode	2	2	MgCl2	250	2	0.22	6.531697e-06	1.531403e-05	2.3445714031131577	13829.93303684723	1.531403e-05	7.905207e-06	0.22	1.5782500000001572e-07	-0.54	-1.8205999999999995e-05	0.6	6.469499999999916e-06
Enode	2	2	MgCl2	230	2	0.14	6.41839e-06	1.52915e-05	2.382451050808692	14767.530276759762	1.52915e-05	8.590887e-06	0.14	2.2825000000004312e-08	-0.52	-1.9219000000000007e-05	0.6	7.342700000000047e-06
Enode	2	2	MgCl2	210	2	0.14	6.4653e-06	1.591103e-05	2.460988662552395	14514.603360159708	1.591103e-05	8.5659e-06	0.16	3.613250000000215e-07	-0.5	-1.9742499999999955e-05	0.6	7.152850000000048e-06
Enode	2	2	MgCl2	152	1	0.22	9.682093e-06	1.570813e-05	1.622389910941777	9750.770310854556	1.419777e-05	1.07673e-05	0.22	6.792500000001512e-08	-0.4	-1.2761750000000009e-05	-0.6	6.130299999999988e-05
Enode	2	2	MgCl2	110	2	0.22	1.091307e-05	2.4177e-05	2.215416926675995	8407.03500689377	2.4177e-05	1.24413e-05	0.22	2.2100000000001025e-07	-0.46	-2.576400000000006e-05	0.56	6.27000000000006e-06
Enode	2	2	MgCl2	140	2	0.18	9.84489e-06	2.01572e-05	2.0474784380526345	9703.113826257984	2.01572e-05	1.15204e-05	0.18	1.199249999999665e-07	-0.56	-2.386175000000017e-05	0.58	6.55174999999997e-06
Enode	2	2	MgCl2	150	1	0.18	9.681657e-06	1.654453e-05	1.708853143630269	9851.634386144662	1.453873e-05	1.145127e-05	0.18	2.580999999999764e-07	-0.38	-1.5230000000000029e-05	-0.6	7.572999999999989e-05
Enode	2	2	MgCl2	151	1	0.36	1.014973e-05	2.062077e-05	2.03165699974285	8242.371890874294	1.806347e-05	1.078767e-05	0.36	6.849999999999436e-08	-0.38	-1.8616500000000007e-05	-0.6	0.0001066779999999
Enode	2	1	KCl	230	2	0.08	7.197807e-06	1.683257e-05	2.3385692336568624	13568.8579512897	1.683257e-05	1.04746e-05	0.08	1.5384999999998837e-07	-0.54	-2.131249999999996e-05	0.58	9.25425000000002e-06
Enode	2	1	KCl	250	2	0.14	7.240103e-06	1.669217e-05	2.305515543079981	13043.09830974489	1.669217e-05	9.632293e-06	0.14	2.909000000000212e-07	-0.56	-2.046575000000015e-05	0.6	8.411300000000026e-06
Enode	2	1	KCl	210	2	0.08	7.15689e-06	1.754597e-05	2.451619348627686	13582.04225835136	1.754597e-05	1.044293e-05	0.08	4.439249999999993e-07	-0.54	-2.2029000000000016e-05	0.6	9.291499999999969e-06
Enode	2	1	KCl	152	1	0.16	1.121417e-05	1.798123e-05	1.6034383284719242	8608.467116086042	1.766967e-05	1.295363e-05	0.16	5.2500000000013473e-08	-0.44	-1.4955999999999995e-05	-0.6	1.539500000000003e-05
Enode	2	1	KCl	110	2	0.18	1.261967e-05	2.835773e-05	2.247105510682926	7389.617587289858	2.835773e-05	1.515403e-05	0.18	2.5899999999995805e-07	-0.6	-2.9316499999999983e-05	0.6	8.77799999999996e-06
Enode	2	1	KCl	140	2	0.14	1.147403e-05	2.342077e-05	2.041198253795746	8423.343781087404	2.342077e-05	1.387197e-05	0.14	1.6250000000001073e-07	-0.6	-2.9818499999999864e-05	0.6	8.271999999999971e-06
Enode	2	1	KCl	150	1	0.14	1.134517e-05	1.959243e-05	1.7269401868812897	8529.781304937123	1.87134e-05	1.379437e-05	0.14	1.9499999999998042e-07	-0.42	-1.840750000000008e-05	-0.6	3.864350000000007e-05
Enode	2	1	KCl	151	1	0.3	1.168627e-05	2.3976e-05	2.051638375632259	7379.109887490712	2.298757e-05	1.280513e-05	0.3	2.2575000000000375e-07	-0.42	-2.2438250000000035e-05	-0.6	4.866799999999998e-05
Enode	2	3	MgCl2	210	2	0.14	8.785507e-06	1.9748e-05	2.2477928706903314	10882.130529632206	1.9748e-05	1.132397e-05	0.14	9.310000000003472e-08	-0.5	-2.312325000000004e-05	0.6	8.638500000000027e-06
Enode	2	3	MgCl2	230	2	0.16	8.620293e-06	1.865197e-05	2.1637280774563	10995.59263660347	1.865197e-05	1.087593e-05	0.16	8.535000000002114e-08	-0.52	-2.14635e-05	0.6	8.556500000000053e-06
Enode	2	3	MgCl2	250	2	0.24	8.642277e-06	1.91517e-05	2.216047923481277	10409.556722559397	1.91517e-05	1.00702e-05	0.24	2.1440000000000933e-07	-0.54	-2.098000000000004e-05	0.6	7.292850000000016e-06
Enode	2	3	MgCl2	151	1	0.26	1.06277e-05	1.97161e-05	1.8551615118981528	8412.38875667418	1.628973e-05	1.233957e-05	0.26	3.317499999999922e-07	-0.34	-1.7708499999999968e-05	-0.6	0.0001286769999999
Enode	2	3	MgCl2	110	2	0.04	1.036877e-05	2.11361e-05	2.0384385033133148	9588.435579616136	2.11361e-05	1.3928e-05	0.04	4.040000000000185e-07	-0.46	-2.52265e-05	0.5	8.351499999999983e-06
Enode	2	3	MgCl2	150	1	0.06	1.008467e-05	1.57453e-05	1.5613103849704553	9826.339108927918	1.346423e-05	1.31572e-05	0.06	3.7649999999996497e-07	-0.36	-1.4415999999999951e-05	-0.6	8.035999999999996e-05
Enode	2	3	MgCl2	152	1	0.16	1.034633e-05	1.620217e-05	1.565982333832383	9318.275000931828	1.403527e-05	1.233813e-05	0.16	2.8500000000015062e-08	-0.38	-1.3096499999999938e-05	-0.6	8.065999999999984e-05
Enode	2	3	MgCl2	140	2	0.08	1.01882e-05	2.00048e-05	1.9635264325396045	9687.228454877375	2.00048e-05	1.3241e-05	0.08	7.499999999998827e-08	-0.5	-2.2592500000000052e-05	0.54	8.915750000000004e-06
