Type	Electrolyte	Potential [V]	Period [s]	A1_first [A]	A1_first [A]	A2_first [A]	A2_first [A]	Rat_first	Rat_first	A1_last [A]	A1_last [A]	A2_last [A]	A2_last [A]	Rat_last	Rat_last
				mean	std	mean	std	mean	std	mean	std	mean	std	mean	std
Enode	KCl	-0.8	0.101	1.66957696e-05	1.1122123599263052e-06	1.7923636266666667e-05	4.551691920002637e-07	1.0774145146929366	0.08997636890739466	-1.8424373333333402e-07	4.024325170973801e-08	-1.5621857066666666e-05	1.7993872405288903e-06	89.6609874751652	33.5002830803861
Enode	KCl	-0.8	0.102	2.4555881767337804e-05	4.6303643516887797e-07	2.1416681767337805e-05	4.0387822279028264e-07	0.8721610994690826	0.0005907591416162993	-1.7179311565995527e-05	1.507543055916779e-06	-1.5422944899328858e-05	1.525948418948284e-06	0.8975742819643039	0.03348650602570062
Enode	KCl	-0.8	0.105	1.677933531111111e-05	8.632153482550304e-07	2.233053531111111e-05	9.577319101692203e-07	1.3317330712377793	0.04710018499245138	-2.477146888888886e-07	8.11916847243837e-08	-1.5466764688888888e-05	1.7214412210913225e-06	65.45259709431112	14.821025547358785
Enode	KCl	-0.8	0.11	2.4850903266219234e-05	1.0065227488166797e-06	2.3623036599552572e-05	1.370274110781283e-06	0.9501939476320261	0.01967189022469426	-1.7377006733780762e-05	1.0253378557250311e-06	-1.6105436733780758e-05	1.2307911083075147e-06	0.9262013543046219	0.016552886714060747
Enode	KCl	-0.8	0.12	2.5103356353467564e-05	1.2376221141286624e-06	2.417352302013423e-05	1.1726729009249536e-06	0.9630040354626018	0.007967522381995013	-1.7951036979865772e-05	1.8635988832003948e-06	-1.6464896979865773e-05	1.4735876982308072e-06	0.9180804611213061	0.012562237318703581
Enode	KCl	-0.8	0.14	2.5334550377777778e-05	1.0723654953687003e-06	2.467888371111111e-05	9.529664596544062e-07	0.9742298464326247	0.006979527371984366	-1.820067628888889e-05	1.5613058325763436e-06	-1.644432962222222e-05	1.3730483012198413e-06	0.9037015403282963	0.015330602514769738
Enode	KCl	-0.8	0.15	2.6280427266666664e-05	1.331117541820564e-06	2.5612893933333334e-05	1.0931279854538643e-06	0.9748552309652377	0.007572880107411493	-1.8836306066666668e-05	1.6748695770464472e-06	-1.7425632733333332e-05	1.5973990634673642e-06	0.9249950526429744	0.00965024429837475
Enode	KCl	-0.8	0.18	2.8620153866666665e-05	9.112335196933473e-07	2.7563120533333335e-05	6.137467358659066e-07	0.963348778358247	0.01811139194259606	-2.1169612799999997e-05	1.5912667663759965e-06	-1.9822512799999998e-05	1.5345959418555038e-06	0.936347665051953	0.015547325264210559
Enode	KCl	-0.8	0.2	2.8751707844444445e-05	1.4466832314395244e-06	2.7996707844444443e-05	1.233309782764106e-06	0.9739898917469514	0.013280026278230075	-2.1451292155555558e-05	1.6919147005848098e-06	-2.0136025488888888e-05	1.4603975192321546e-06	0.9392239559399327	0.027781295524542834
Enode	KCl	-0.8	0.3	2.07817626e-05	1.0483319511934843e-06	2.8987329266666665e-05	1.9486224678029497e-06	1.3953495659645327	0.07995609846660112	-7.105271733333334e-06	1.3384837469251075e-06	-1.1090834066666667e-05	1.870486855698575e-06	1.5659183240955796	0.1053187903758911
Enode	KCl	-0.8	0.5	1.704512217777778e-05	9.924259018521825e-07	1.8499488844444444e-05	9.77162224876149e-07	1.0857585104609255	0.027656305327891737	-5.235087822222223e-06	1.6440704390034882e-06	-6.276185155555556e-06	1.6761878139073693e-06	1.2107471297694061	0.05684896665608199
Enode	KCl	-0.8	0.6	1.648954785234899e-05	8.503593658877368e-07	1.746311451901566e-05	9.765717754576732e-07	1.0588901133354935	0.00532307716225408	-4.8250654809843394e-06	8.584581829967677e-07	-5.5244321476510065e-06	9.967674149236948e-07	1.144952752029182	0.04686155738573926
Enode	KCl	-0.8	0.85	1.6023598210290828e-05	8.806865664881599e-07	1.686599821029083e-05	1.1348433357404818e-06	1.0526173183938126	0.0405222122270466	-5.140055123042506e-06	2.638397579159244e-07	-4.838058456375839e-06	1.2061906245860291e-06	0.9352948187859406	0.18905046803745823
Enode	KCl	-0.8	1.1	1.6232709440715883e-05	8.015904663908523e-07	1.6490976107382547e-05	7.22587890238736e-07	1.0161125784867957	0.009735114490383164	-5.507093892617449e-06	1.2773685347983254e-06	-4.55739389261745e-06	7.760207134518015e-07	0.8498478287175448	0.19235100547937337
Enode	KCl	-0.8	1.6	1.5756651208053688e-05	6.620960379287233e-07	1.624148454138702e-05	6.157109308473002e-07	1.030918757190596	0.0114550044780132	-7.2984067919463095e-06	6.57676371309714e-07	-4.294335458612976e-06	5.747474074555966e-07	0.5869583427362106	0.027898407847915963
Enode	KCl	-0.8	2.1	1.644186451901566e-05	7.554709155348385e-07	1.6918697852348993e-05	8.81944294041157e-07	1.0288801822078175	0.01519043513193907	-7.0304414809843406e-06	3.303029735309205e-07	-4.18133748098434e-06	6.186639990303949e-07	0.5929675758875314	0.060499549007286296
Enode	KCl	-0.5	0.101	7.865885133333333e-06	4.2165264529804774e-07	9.908351799999999e-06	1.396304222588082e-07	1.262377928148455	0.07719000858338311	-5.860315333333328e-07	3.5514407546821493e-07	-7.8180632e-06	5.876684708188561e-07	20.047151480286356	16.831234938913006
Enode	KCl	-0.5	0.102	1.2293319172259508e-05	5.676718946007863e-07	1.0727685838926174e-05	4.1542758538691844e-07	0.8729811174269414	0.020796968940616663	-8.60805749440716e-06	7.949644486577453e-07	-7.900747261073827e-06	3.4082963631798635e-07	0.920605083834296	0.046394654721833684
Enode	KCl	-0.5	0.105	8.0721482e-06	7.022668239574124e-07	1.1799414866666669e-05	6.397848707999943e-07	1.4667851575925654	0.10677660254630367	-3.7582846666666686e-07	1.6208831270194783e-07	-7.866143466666668e-06	9.234965085433529e-07	25.303787268297935	15.448131818639016
Enode	KCl	-0.5	0.11	1.2494263870246085e-05	4.26805870693357e-07	1.2021397203579419e-05	7.327341673828653e-07	0.9616008501969827	0.028291187965355544	-8.506447129753915e-06	7.963439505489301e-07	-7.90245479642058e-06	7.196393485318047e-07	0.9297779814495688	0.040124814748525015
Enode	KCl	-0.5	0.12	1.2775234608501118e-05	6.153962580121613e-07	1.2103667941834452e-05	2.791621853530251e-07	0.9483338364200801	0.031441814173490165	-8.952668724832214e-06	3.2288854331142115e-07	-8.17383505816555e-06	1.737075222073949e-07	0.9135389645261927	0.02777210172520412
Enode	KCl	-0.5	0.14	1.3230928622222223e-05	4.060642592540728e-07	1.2773961955555556e-05	6.331533561426254e-07	0.9651555143969194	0.022370986682195625	-9.073122377777777e-06	7.328781051218274e-07	-8.286341077777778e-06	9.449763612649683e-07	0.9118078454186564	0.03273206246539058
Enode	KCl	-0.5	0.15	1.316350131111111e-05	3.150776323025887e-07	1.3219134644444443e-05	2.057944505721526e-07	1.0043641749836116	0.009153086671061288	-9.466385355555556e-06	7.311904712469219e-07	-8.67960068888889e-06	8.14319755743615e-07	0.9174420688793332	0.06169251274308741
Enode	KCl	-0.5	0.18	1.4306914266666668e-05	5.31396069852139e-07	1.39691476e-05	4.626108048539635e-07	0.9768735751324695	0.034370924658268076	-1.0285959066666666e-05	8.253973791798483e-07	-9.872699066666665e-06	7.754260737854355e-07	0.9604878203149129	0.04009503831117529
Enode	KCl	-0.5	0.2	1.4653567644444445e-05	4.4038683594462697e-07	1.4311867644444444e-05	5.241233285592112e-07	0.9765630448647326	0.008056868045399445	-1.0126059022222222e-05	6.90351190790754e-07	-9.756512355555554e-06	7.084011899378213e-07	0.9633248183719484	0.010917814167344341
Enode	KCl	-0.5	0.3	9.662377577777776e-06	4.844245265365321e-07	1.4371144244444443e-05	1.0129783725305225e-06	1.4863045400918946	0.032046254410427896	-2.902296622222223e-06	5.253285243263022e-07	-4.952692422222222e-06	4.183695203670365e-07	1.7467279188493026	0.3677166838742473
Enode	KCl	-0.5	0.5	7.7140524e-06	5.829543036128333e-07	8.1829524e-06	1.3505686711181204e-07	1.0639366687170353	0.06256348570737394	-2.2041276000000004e-06	3.099176674850785e-07	-2.506122933333334e-06	7.129506300587191e-07	1.1614900722372061	0.384643949100428
Enode	KCl	-0.5	0.6	7.350773131991051e-06	3.894839987893952e-07	8.062039798657718e-06	6.887932045230222e-07	1.0955099495013616	0.03541731942030171	-2.7422655346756156e-06	4.087863265299668e-07	-2.2137732013422826e-06	2.7367830089101214e-07	0.8110865314429271	0.06084453475574038
Enode	KCl	-0.5	0.85	7.107980134228189e-06	3.969557898018949e-07	7.437796800894854e-06	7.224557783879579e-07	1.0449256297204685	0.049625465860256554	-3.879156532438478e-06	2.460296636695338e-07	-2.440695199105145e-06	2.474079638843905e-08	0.6310248978187419	0.043840017876668566
Enode	KCl	-0.5	1.1	7.81896409395973e-06	5.422515218606823e-08	7.32226409395973e-06	1.0674872987977217e-07	0.9365244441578495	0.01678198198547257	-4.268839239373603e-06	5.932194111577471e-07	-2.9297201727069362e-06	2.6232247003520226e-07	0.6919872991777805	0.07503814649844129
Enode	KCl	-0.5	1.6	8.099332572706936e-06	4.3918884781958797e-07	7.229132572706936e-06	2.8343316819725555e-07	0.8948639839154926	0.07138115854067349	-4.640150760626397e-06	5.262214022194434e-07	-3.654684760626397e-06	4.6335337335491685e-07	0.790509205650424	0.09250354825817088
Enode	KCl	-0.5	2.1	9.475435324384789e-06	2.5018782496403166e-06	8.819768657718121e-06	2.2058541761127042e-06	0.932832401044759	0.023537196347853444	-5.878724675615211e-06	2.19627110606685e-06	-5.064128008948545e-06	2.807993430571858e-06	0.8268845609073487	0.1412949450900002
Enode	KCl	0.5	0.101	-7.957271e-06	3.7990962495415194e-07	-6.0737647999999996e-06	2.8244028195577577e-07	0.7635200792679332	0.0212737873265056	1.0619531866666665e-05	3.6104403569175723e-07	1.1922831866666666e-05	3.022808724601299e-07	1.1233536387129333	0.03825539971601386
Enode	KCl	0.5	0.102	-8.982033422818791e-06	2.763867689495995e-07	-7.420389422818791e-06	7.275866445551695e-07	0.8250134485909176	0.055510261590478595	1.2074303243847877e-05	6.237436591189623e-07	1.1820003243847877e-05	5.184356413843068e-07	0.9792793105567682	0.01811290203209516
Enode	KCl	0.5	0.105	-8.131211955555555e-06	2.2594252221853316e-07	-7.972267288888889e-06	4.747765236563237e-07	0.9799015069809295	0.03213438078846208	1.0838986711111111e-05	3.909989702417611e-07	1.2050920044444445e-05	6.168225645183596e-07	1.1116065447932963	0.029584344312838243
Enode	KCl	0.5	0.11	-9.377744630872482e-06	1.3797668093884977e-06	-8.332673964205815e-06	2.911104882612192e-07	0.8980124463496756	0.09724623386555743	1.1960705369127517e-05	6.812602645001121e-07	1.1801772035794185e-05	5.117410648570545e-07	0.9880840579815452	0.05363308656820222
Enode	KCl	0.5	0.12	-9.206793959731544e-06	1.2602386917362206e-06	-8.43988462639821e-06	5.633376560023224e-07	0.9225574329792492	0.06476323690480071	1.1837626040268456e-05	7.417380534765599e-07	1.1762092706935121e-05	5.622455131466116e-07	0.9942415094932472	0.017000494476157455
Enode	KCl	0.5	0.14	-9.260146911111112e-06	9.508070988107651e-07	-8.723708911111111e-06	4.940746416812048e-07	0.9449199989895289	0.04218915227921113	1.200676308888889e-05	6.493122217307657e-07	1.1959096422222224e-05	4.3686466921315675e-07	0.9971134683698151	0.04139310359330883
Enode	KCl	0.5	0.15	-5.759848177777778e-06	2.9896483369924377e-06	-6.582391511111111e-06	5.057633887033396e-06	1.702988272431486	1.9791284825082314	1.0762565155555556e-05	6.36237393250952e-07	1.1604965155555555e-05	1.4195126029700356e-06	1.0788854308361866	0.12684815865756432
Enode	KCl	0.5	0.18	-2.8740815111111105e-06	1.1217947909190705e-06	-3.0727635111111107e-06	8.960974148748716e-07	1.0959998967214724	0.11098630169267212	5.6215818222222225e-06	7.080262084915632e-07	6.130195155555556e-06	4.3530044404378616e-07	1.0955709486230347	0.06071556772598293
Enode	KCl	0.5	0.2	-1.0871092888888882e-06	5.865990873843871e-07	-9.718759555555548e-07	1.3842678556702486e-07	1.0556094352598557	0.4658449635720019	3.879920711111112e-06	5.066230696795507e-07	4.019020711111112e-06	4.1802895495192396e-07	1.0381166327384865	0.026888871023519802
Enode	KCl	0.5	0.3	-7.514262977777777e-06	4.5945059885570265e-07	-7.510290677777777e-06	2.3719319211051086e-07	1.0026763207597276	0.08302928702539032	9.755204355555555e-06	1.9063103936410894e-07	9.707504355555557e-06	3.526662561436428e-07	0.9953096929911668	0.0386352879029261
Enode	KCl	0.5	0.5	-8.122550288888888e-06	4.4263686025515315e-07	-7.848366955555557e-06	6.170520594336929e-07	0.9666115095636506	0.061474422418728206	1.0998606044444444e-05	1.1411893825900076e-07	1.0871472711111111e-05	2.6865043455602334e-07	0.9884108350843963	0.02019783030599407
Enode	KCl	0.5	0.6	-8.337341492617448e-06	7.355376770606986e-07	-7.626059092617449e-06	4.231068417374534e-07	0.9164757512014289	0.032727582133769466	1.0883182774049216e-05	4.5551487699611645e-07	1.1065982774049219e-05	1.91983598110124e-07	1.0177269519834307	0.03624817234386289
Enode	KCl	0.5	0.85	-8.942427800894856e-06	1.198842543902301e-06	-9.284163467561522e-06	6.249543185916346e-07	1.044922541134901	0.08514622301018969	1.1287393199105146e-05	1.2072683740837807e-07	1.1374826532438478e-05	5.133466879367174e-07	1.007976068229765	0.051596655936958946
Enode	KCl	0.5	1.1	-9.187167451901566e-06	7.479000345815029e-07	-8.746096451901567e-06	1.1991757894701434e-06	0.951218566522829	0.08854202760845128	1.1483735548098432e-05	4.4708487525753556e-07	1.1388335548098433e-05	3.5607561485746804e-07	0.9919120877925859	0.011313013194801293
Enode	KCl	0.5	1.6	-8.950429449664429e-06	5.668641366338794e-07	-8.823272782997762e-06	6.62043015982127e-07	0.9859256250785234	0.04255907189931674	1.1422425883668902e-05	4.1287112016881076e-07	1.154959255033557e-05	1.372384461679194e-07	1.0117671976764797	0.02682970452091927
Enode	KCl	0.5	2.1	-8.827807742729306e-06	8.846484728899024e-07	-9.157621409395973e-06	4.317687015804021e-07	1.041315347704402	0.06434353082637749	1.1612595257270692e-05	2.2375287313465457e-07	1.1286795257270694e-05	1.8943891029209727e-07	0.9719949330939514	0.008077405159331367
Enode	KCl	0.8	0.101	-1.5295638888888888e-05	1.7065994775639778e-06	-1.1584255555555556e-05	9.331053653422687e-07	0.7596170112269531	0.04086369036508632	2.0975797777777777e-05	8.232682410462735e-07	2.4774564444444445e-05	1.4234457691812046e-06	1.180608402779902	0.02524757635659398
Enode	KCl	0.8	0.102	-1.896957413870246e-05	1.9707123727887914e-06	-1.3700520805369128e-05	8.467617995456365e-07	0.7243062032400389	0.030706284008275388	2.4668995861297538e-05	1.2123887120871685e-06	2.512592919463087e-05	1.086304957268074e-06	1.0187166909623653	0.006333513439866804
Enode	KCl	0.8	0.105	-1.543801988888889e-05	1.1422443743179288e-06	-1.5294986555555558e-05	1.5195931461229512e-06	0.9896661891932347	0.030712147299552153	2.1361893444444446e-05	7.283223022329076e-07	2.4858660111111112e-05	1.675752508908843e-06	1.162845966734378	0.03923948904073154
Enode	KCl	0.8	0.11	-1.876383400447427e-05	2.2897315039662997e-06	-1.650679067114094e-05	1.0906241370249322e-06	0.8834993050663617	0.04658244891915962	2.4755539328859058e-05	1.0184787486926602e-06	2.4743572662192396e-05	1.2752039105423472e-06	0.9992434768657068	0.011267140386196528
Enode	KCl	0.8	0.12	-1.8941536577181206e-05	1.7421664061105504e-06	-1.710174324384787e-05	1.5170591330953784e-06	0.9030509542336905	0.005364439215599361	2.479636342281879e-05	1.643009577278785e-06	2.514999675615213e-05	1.4765017802817662e-06	1.0145912866151825	0.007771625185214518
Enode	KCl	0.8	0.14	-1.894563402222222e-05	1.8184720887575427e-06	-1.7817120688888888e-05	2.128681355891588e-06	0.9392413913743681	0.028576358845982835	2.5014799311111112e-05	1.3680547890219094e-06	2.5030699311111113e-05	1.3570151349582585e-06	1.000652489423885	0.0011301448335702905
Enode	KCl	0.8	0.15	-1.7163760755555554e-05	1.8515179303275455e-06	-1.3396740755555555e-05	3.2803494294134374e-06	0.7793348798405163	0.16296978986062813	2.3403189244444445e-05	1.4393074752061823e-06	2.4257522577777775e-05	1.0506929335125894e-06	1.0374998737274346	0.030765822318477437
Enode	KCl	0.8	0.18	-7.759887933333332e-06	2.347207524771454e-06	-7.104237933333333e-06	2.9368715201012334e-06	0.8970833478687643	0.099010699413075	1.3042088733333332e-05	2.1946195712555143e-06	1.3900422066666665e-05	2.401359167662709e-06	1.0654548526442131	0.016958086274246244
Enode	KCl	0.8	0.2	-4.602538577777778e-06	2.326908198934644e-06	-3.148183577777778e-06	1.2991830600239017e-06	0.7029319733415912	0.06602947000217621	9.09860642222222e-06	9.829300874286024e-07	9.468106422222222e-06	7.426611732899466e-07	1.0427513394781267	0.031470172664112527
Enode	KCl	0.8	0.3	-1.319758111111111e-05	1.0580944243785725e-06	-1.2700874444444443e-05	3.159733863464559e-07	0.9651941526426558	0.05329164631903974	1.8686902222222225e-05	6.654084284914522e-07	1.888956888888889e-05	5.544991700892718e-07	1.0110125798302843	0.009403243364099693
Enode	KCl	0.8	0.5	-1.6356807e-05	9.743328868948664e-07	-1.6221697e-05	1.1428363155332223e-06	0.9915884292863887	0.02942719443301722	2.1694836333333333e-05	5.334599327224271e-07	2.210803633333333e-05	6.620036859868832e-07	1.0189575207573112	0.005707498030543156
Enode	KCl	0.8	0.6	-1.636384621923937e-05	1.0884561691351125e-06	-1.6566522885906042e-05	1.2381595691959903e-06	1.0120445025981435	0.012423036745539963	2.197382711409396e-05	6.586184551208944e-07	2.209306044742729e-05	8.59065315606027e-07	1.005249385155644	0.008847869082202415
Enode	KCl	0.8	0.85	-1.7314100178970917e-05	1.3667416433808476e-06	-1.7461110178970915e-05	1.3942588750270332e-06	1.008444328239973	0.000883818602820568	2.2736273154362418e-05	9.050665108026239e-07	2.2791873154362414e-05	7.549966261691317e-07	1.0026278470604537	0.007800491679751172
Enode	KCl	0.8	1.1	-1.7264169105145413e-05	1.5525039661815043e-06	-1.750655577181208e-05	1.4591876854549404e-06	1.0145103133583493	0.018953447865415873	2.3219300894854584e-05	8.759202209794653e-07	2.3449767561521255e-05	8.08933936653484e-07	1.0100253955403546	0.008038131296536374
Enode	KCl	0.8	1.6	-1.7806323579418345e-05	1.4311971396008103e-06	-1.7985133579418344e-05	1.5664258512599618e-06	1.0097236080663436	0.013484343456798598	2.3459946420581655e-05	7.809831037324843e-07	2.363477975391499e-05	9.049472229374475e-07	1.0073478884731761	0.006248358590442841
Enode	KCl	0.8	2.1	-1.7489362684563756e-05	1.330364884902634e-06	-1.787876268456376e-05	2.050751579643798e-06	1.020595537306429	0.0473659281883517	2.3729210648769575e-05	1.0129524498674776e-06	2.3689510648769576e-05	1.2074204877823967e-06	0.9981363331100132	0.01498298138799667
Enode	MgCl2	-0.8	0.101	1.4563881333333334e-05	1.2164981019290333e-06	1.7647414666666664e-05	1.4974686436061367e-06	1.2125943826860197	0.05971579046175832	-3.3728200000000007e-07	1.4180494340561964e-07	-1.2742998666666666e-05	1.222260114362025e-06	42.49622595614151	17.359115768109074
Enode	MgCl2	-0.8	0.102	2.219132796420582e-05	1.840807257905959e-06	2.023236129753915e-05	1.967683195951964e-06	0.9110370183225961	0.01292298315368214	-1.4505238702460849e-05	1.1571609068412487e-06	-1.2796568702460852e-05	1.4639972744843158e-06	0.880544148861627	0.034315873104776726
Enode	MgCl2	-0.8	0.105	1.4575571377777781e-05	9.95345161045487e-07	2.1092304711111114e-05	2.093442938067707e-06	1.4451371252247167	0.043530726566827514	-4.2893862222222217e-07	1.7750656800806454e-07	-1.264789528888889e-05	9.401052930239015e-07	32.050812389126314	9.320957276831733
Enode	MgCl2	-0.8	0.11	2.2672998836689038e-05	1.2713876312012687e-06	2.2072998836689037e-05	1.3007971850822394e-06	0.973436781242126	0.0029813077768485585	-1.4754751163310962e-05	6.807548984424958e-07	-1.3224897829977628e-05	6.974415412410982e-07	0.8962572224977704	0.020010035460788535
Enode	MgCl2	-0.8	0.12	2.3440453221476512e-05	1.682581401752782e-06	2.2939753221476512e-05	1.4553023036402875e-06	0.9790497264898715	0.01370715144528319	-1.5084030111856822e-05	8.186570760375085e-07	-1.3744910111856823e-05	7.959261666876474e-07	0.9111969948532735	0.015495120629105888
Enode	MgCl2	-0.8	0.14	2.3834883666666668e-05	1.731011276882237e-06	2.3179250333333333e-05	1.671641775411273e-06	0.972599206844754	0.01470684049349173	-1.560352633333333e-05	9.455991692604936e-07	-1.4204792999999999e-05	1.0837905510116482e-06	0.9097783013601366	0.015696068394175852
Enode	MgCl2	-0.8	0.15	2.4234083866666665e-05	9.518039678374426e-07	2.4075150533333332e-05	1.0996283794769466e-06	0.9932906087539838	0.00874982461407804	-1.6134149466666666e-05	7.812453208455673e-07	-1.4663909466666666e-05	7.717374114211999e-07	0.9087487481871165	0.004162664514554861
Enode	MgCl2	-0.8	0.18	2.5984771955555553e-05	1.8603810920924317e-06	2.5869538622222225e-05	1.234120612502652e-06	0.996693939471396	0.024308521645879308	-1.814249471111111e-05	9.700320260620997e-07	-1.6882868044444445e-05	8.003034501356539e-07	0.9309872389836249	0.026265152644107007
Enode	MgCl2	-0.8	0.2	2.628314668888889e-05	1.7412209871663477e-06	2.6171880022222222e-05	1.637555082287718e-06	0.9959435235914986	0.007757114395129819	-1.846005331111111e-05	9.889776475609667e-07	-1.6977869977777776e-05	1.2512967157658224e-06	0.9190694379187359	0.02237406599071832
Enode	MgCl2	-0.8	0.3	1.808061548888889e-05	2.2457059690884157e-06	2.7601448822222225e-05	2.7939255874564315e-06	1.5303091792641978	0.08018597435438625	-6.182457844444445e-06	7.225041143386099e-07	-8.65406451111111e-06	1.7752652805322736e-06	1.4250185840851828	0.3852087262441263
Enode	MgCl2	-0.8	0.5	1.474102391111111e-05	1.5754071489528886e-06	1.6326490577777778e-05	1.5985332302279426e-06	1.108326595786543	0.01514881656750455	-3.5019694222222224e-06	2.9401359320669635e-07	-4.213253422222222e-06	2.710127466265111e-07	1.2055632853712792	0.06732950615262603
Enode	MgCl2	-0.8	0.6	1.4334103199105146e-05	1.1887395496715196e-06	1.5573836532438478e-05	1.0121278269504683e-06	1.0875806555222212	0.022431782677180174	-3.050610134228188e-06	4.0366740118357714e-07	-3.5512888008948545e-06	6.586213536555991e-08	1.1797335451033	0.1789155446026821
Enode	MgCl2	-0.8	0.85	1.3845151722595078e-05	1.615260668386565e-06	1.4572351722595077e-05	1.2008431243001304e-06	1.055316972313651	0.041015241755836346	-4.628308277404922e-06	1.0521398427387035e-06	-2.9673249440715885e-06	4.5076567352512404e-07	0.6518028553677584	0.10620570621881924
Enode	MgCl2	-0.8	1.1	1.3571795950783e-05	1.4024110903774727e-06	1.4628795950782997e-05	1.3424116874822343e-06	1.078707113677009	0.012254372543098838	-5.7798627158836695e-06	6.122610852335535e-07	-2.9426840492170025e-06	7.402021746663844e-07	0.5042765659253772	0.07228463782858288
Enode	MgCl2	-0.8	1.6	1.4304539440715884e-05	7.543654573646848e-07	1.4185339440715884e-05	1.4762067387736041e-06	0.9899597710293686	0.05099417219369058	-6.362389225950784e-06	9.521563819532723e-07	-4.065623559284117e-06	8.970562551019482e-07	0.6375463802254231	0.09916614708232632
Enode	MgCl2	-0.8	2.1	1.4255880559284116e-05	1.447739336090909e-06	1.4601580559284115e-05	1.369560441301894e-06	1.0247710126933527	0.008045361257403995	-6.204430440715884e-06	7.865766717950468e-07	-3.7407727740492177e-06	7.875478282502737e-07	0.599065936179216	0.05201085081467153
Enode	MgCl2	-0.5	0.101	6.341304333333334e-06	6.092738146518396e-07	9.397004333333334e-06	1.3646026011652877e-06	1.4776571107269854	0.07541312788170461	-1.3397789999999997e-06	2.7982505534780834e-07	-6.628697666666667e-06	9.560846069676248e-08	5.1030456619156235	1.1213035417758552
Enode	MgCl2	-0.5	0.102	1.0789567337807607e-05	6.123285965147392e-07	9.91540067114094e-06	5.674112253284438e-07	0.9192037414479289	0.025959934362925024	-7.544825995525728e-06	2.1876938364201884e-07	-6.889175662192394e-06	1.3607278596546874e-07	0.9132656539664176	0.008693809974147955
Enode	MgCl2	-0.5	0.105	6.5204150444444435e-06	8.324963153558279e-07	1.0446348377777779e-05	8.895092551157533e-07	1.610078656812535	0.12633492234761073	-1.3911449555555558e-06	1.1092969968526761e-06	-6.751590288888889e-06	4.8046144836087626e-08	11.296548517007778	13.206235288154016
Enode	MgCl2	-0.5	0.11	1.1394451297539149e-05	1.0351234871435327e-06	1.0953384630872484e-05	8.539308413170913e-07	0.9620774035357204	0.015042573565815143	-7.73865870246085e-06	4.0118408520539585e-07	-6.784982035794183e-06	2.3366506360516855e-07	0.8785856748079149	0.06122291865464259
Enode	MgCl2	-0.5	0.12	1.1318264899328861e-05	7.924746099006504e-07	1.1032164899328859e-05	5.979865168635582e-07	0.9754447347792397	0.015775507625663612	-7.643956100671141e-06	5.536305221609217e-07	-6.821410434004475e-06	5.515235546788638e-07	0.8925497026967154	0.038460632206927206
Enode	MgCl2	-0.5	0.14	1.1744875266666668e-05	1.3346160204128083e-06	1.1383275266666666e-05	1.0491019687694119e-06	0.9707045725203244	0.01976431539335828	-8.031948733333333e-06	3.1515942644592447e-07	-7.209406733333333e-06	4.831852548419263e-07	0.8969418011158562	0.026180074936804167
Enode	MgCl2	-0.5	0.15	1.1856798511111111e-05	8.805052126306778e-07	1.2190598511111113e-05	1.0296867588396967e-06	1.028030735468912	0.03314753151942605	-8.261760155555554e-06	5.1776186413835e-07	-7.657764822222222e-06	3.9524194189328384e-07	0.9274981345583977	0.026195315659537546
Enode	MgCl2	-0.5	0.18	1.31113652e-05	1.2689880102465926e-06	1.2757698533333336e-05	8.126646386935633e-07	0.975154117066951	0.03775779834603682	-9.113232466666667e-06	9.882478588021872e-08	-8.429764466666666e-06	3.58609329624566e-08	0.9250934926097907	0.012926906425456668
Enode	MgCl2	-0.5	0.2	1.2658990799999999e-05	4.7359163272119004e-07	1.2730524133333335e-05	1.04321342395034e-06	1.0048438247310658	0.05337028990855168	-9.100675533333332e-06	4.7119990105947547e-07	-8.456944633333334e-06	3.8198144007465623e-07	0.9295417121467584	0.01594500162035151
Enode	MgCl2	-0.5	0.3	8.25562651111111e-06	7.206608745500736e-07	1.3624026511111112e-05	1.336419347585411e-06	1.64929091206596	0.01855582726430982	-2.0877801555555556e-06	1.6503062769932301e-07	-3.5421334888888885e-06	1.4375716929348928e-07	1.705123558477937	0.1708915392581737
Enode	MgCl2	-0.5	0.5	6.474973911111112e-06	5.500731301077707e-07	7.154473911111112e-06	7.898784890938792e-07	1.1037001336607475	0.03949245332436609	-2.020679422222222e-06	3.715071657518938e-07	-2.175649422222222e-06	1.6129103257054469e-07	1.0928496474884308	0.14732003911292707
Enode	MgCl2	-0.5	0.6	6.359883624161073e-06	5.469943313511615e-07	6.673816957494407e-06	8.105807248931684e-07	1.047707234887362	0.04904946074628318	-2.6324730425055923e-06	2.3835201876118192e-07	-2.2152397091722593e-06	1.252179926733441e-07	0.8483559662500184	0.11934947780223684
Enode	MgCl2	-0.5	0.85	6.3561874944071585e-06	7.560644926836583e-07	6.3522208277404925e-06	6.725321562355384e-07	1.004159818270189	0.10216368106293543	-3.7487978389261746e-06	9.341692136398212e-07	-1.9527125055928412e-06	7.601054141202057e-07	0.5078437644045808	0.10105220439556586
Enode	MgCl2	-0.5	1.1	7.0892236912751674e-06	5.477357053884997e-07	6.401790357941833e-06	6.386452142938483e-07	0.9020229048684376	0.021426830524998983	-4.187979308724833e-06	3.594526737080242e-07	-3.0435729753914993e-06	5.068635471919229e-07	0.7233277019726779	0.05977350683768399
Enode	MgCl2	-0.5	1.6	7.532227114093961e-06	5.388108938612808e-07	6.3202937807606264e-06	7.533242643916499e-07	0.838074649285628	0.05828897877556959	-3.7529062192393735e-06	1.126078430700546e-06	-3.5383295525727075e-06	4.1614460582445507e-07	0.9743454500879457	0.1584309982199688
Enode	MgCl2	-0.5	2.1	8.635406107382548e-06	2.102238598179914e-06	7.963839440715882e-06	2.2098510901813913e-06	0.9177713360920569	0.03601869901796584	-5.089570559284117e-06	1.9072980577770345e-06	-4.44981389261745e-06	2.3295506933818466e-06	0.8408423041200526	0.1789151291073256
Enode	MgCl2	0.5	0.101	-6.962380911111111e-06	6.526636898494941e-07	-5.5358399111111104e-06	9.735575842736556e-07	0.8076752982443227	0.20735788166006475	9.822307755555557e-06	5.55494575118826e-07	1.0505741088888888e-05	3.3068820288033245e-07	1.0706213892531513	0.02948244904047849
Enode	MgCl2	0.5	0.102	-7.91066990380313e-06	3.3660225628981747e-07	-6.492078903803132e-06	6.811248655209208e-07	0.8192535488443853	0.05145405692509018	1.0550884429530201e-05	6.726376500858359e-07	1.0682017762863536e-05	8.128391596404447e-07	1.0120795170427235	0.025097620415371304
Enode	MgCl2	0.5	0.105	-7.462820333333333e-06	7.656881113846134e-07	-7.017770333333333e-06	3.671116561670819e-07	0.9478220714294675	0.11636384348139993	9.405318333333335e-06	4.46881492503482e-07	1.0744418333333332e-05	7.176639312395037e-07	1.1418486906419696	0.033479753975249944
Enode	MgCl2	0.5	0.11	-7.653449635346755e-06	3.352924750546293e-07	-6.783221968680089e-06	2.9902509554965656e-07	0.8871967708317411	0.049682355914603064	1.0541888031319911e-05	5.405054771807968e-07	1.0597488031319911e-05	6.935141980348075e-07	1.0055027535912346	0.046689174662794285
Enode	MgCl2	0.5	0.12	-7.792445030648769e-06	7.483170692489155e-07	-7.450714597315435e-06	2.2782118837792313e-07	0.9600287717245622	0.06072853293192121	1.0684983736017897e-05	2.92300975499673e-07	1.0597583736017899e-05	2.4942871983406534e-07	0.9919459310187042	0.013841304748087356
Enode	MgCl2	0.5	0.14	-7.2623102444444435e-06	6.425125284951277e-07	-7.480859244444445e-06	7.48240270684359e-07	1.0317490407485954	0.08814613094510114	1.0547544755555556e-05	1.9747156415680387e-07	1.0356811422222221e-05	4.7373266964195117e-07	0.9815970832602138	0.026745354055978592
Enode	MgCl2	0.5	0.15	-6.593442155555555e-06	3.0177881787643827e-06	-5.039744155555554e-06	3.757019990899533e-06	1.103819538304666	1.1159344081578855	9.372671177777777e-06	8.144351720988051e-07	1.0060104511111112e-05	7.328134492173525e-07	1.0793351358279224	0.13084152083418726
Enode	MgCl2	0.5	0.18	-1.1683589333333328e-06	4.714974579111302e-07	-1.1008055999999995e-06	4.821694791979182e-07	0.9393902934092343	0.09423620896034803	4.092727733333335e-06	4.3690487650668733e-07	4.168261066666668e-06	9.822669196652496e-07	1.0141685424745548	0.1778463195893952
Enode	MgCl2	0.5	0.2	-2.8586401111111116e-06	3.29252723421973e-06	-7.724734444444449e-07	2.0307734828593292e-07	0.6414044582691821	0.6144807096692703	3.217076555555555e-06	8.890507320833457e-08	2.9786265555555554e-06	2.5213820578786853e-08	0.9263615540044045	0.027174354121694565
Enode	MgCl2	0.5	0.3	-6.6936301333333326e-06	1.943098977597841e-07	-6.9479434666666665e-06	2.667761056768087e-07	1.038622030010743	0.05073140666493047	9.0896952e-06	5.073218230874266e-07	8.946595200000001e-06	2.3810126338895763e-07	0.9855525491357958	0.0393766920376743
Enode	MgCl2	0.5	0.5	-7.493443933333333e-06	3.0734701836135256e-07	-7.3662848e-06	1.3641557405021522e-06	0.9793687744609278	0.14465785805007125	9.982649066666666e-06	5.569121027393931e-07	9.887249066666665e-06	6.404298443214631e-07	0.9902501930982116	0.021337185245170705
Enode	MgCl2	0.5	0.6	-7.47589014541387e-06	7.043416805053669e-07	-7.034815812080536e-06	9.337803599041111e-07	0.9446165809046878	0.13557179601954822	9.757831521252796e-06	6.918465746560946e-07	9.98826485458613e-06	6.846405896117378e-07	1.0240842634055862	0.03235476391173442
Enode	MgCl2	0.5	0.85	-7.937098695749441e-06	2.672375092275371e-07	-7.325158695749441e-06	2.993480830856682e-07	0.9230262754949896	0.028045516235676082	1.0083352304250558e-05	5.219381157594468e-07	1.0230418970917225e-05	5.683741911207671e-07	1.0145404211136708	0.016099151644224426
Enode	MgCl2	0.5	1.1	-7.574139472035795e-06	2.1391084026748744e-07	-7.97944713870246e-06	7.793585268334828e-07	1.052677536088089	0.08256932264868026	1.0271479194630872e-05	5.582268204784028e-07	1.0430445861297537e-05	7.258558500595217e-07	1.0156404582947605	0.04977400605083361
Enode	MgCl2	0.5	1.6	-7.675423642058166e-06	8.070696191563301e-07	-7.758871642058164e-06	6.812054997353454e-07	1.0169357367309269	0.12346757574244914	1.0309300357941834e-05	6.198008979948846e-07	1.0388733691275165e-05	5.069589464235189e-07	1.0085644320824452	0.03508299096251983
Enode	MgCl2	0.5	2.1	-7.654622639821029e-06	3.266326512859756e-07	-7.79767233982103e-06	8.373174942153431e-07	1.0192435855787643	0.10973039467667568	1.0489057360178972e-05	5.827805792277485e-07	1.0361890693512304e-05	5.628370168397159e-07	0.9879297810759787	0.006477325019884822
Enode	MgCl2	0.8	0.101	-1.3913022066666666e-05	1.2521085652822315e-06	-1.1171208733333332e-05	1.412731648689091e-06	0.8012942720556882	0.032053451394764516	1.889339126666667e-05	7.455967855039239e-07	2.1833857933333336e-05	1.3970326082118165e-06	1.1549579195497166	0.030905915969157125
Enode	MgCl2	0.8	0.102	-1.5996596219239372e-05	1.5361533438905546e-06	-1.2869322885906038e-05	1.4936100596869464e-06	0.8035660861706618	0.022556247467159448	2.1506690447427297e-05	1.353423902979482e-06	2.1907990447427296e-05	1.3648533062072775e-06	1.0187394290088265	0.012538543922142027
Enode	MgCl2	0.8	0.105	-1.3956496355555556e-05	1.127802330380355e-06	-1.3900863022222223e-05	1.2821985591733634e-06	0.9954401353334067	0.012366150841188472	1.894525031111111e-05	8.543136068492695e-07	2.2072516977777778e-05	1.5237128657675564e-06	1.1642546868072527	0.02751335798273167
Enode	MgCl2	0.8	0.11	-1.606680230425056e-05	1.0242698768795311e-06	-1.477934230425056e-05	1.6613422724430689e-06	0.918406033454238	0.05496802893350089	2.198878769574944e-05	1.4138913050087874e-06	2.2000721029082776e-05	1.2283277201781214e-06	1.0009062563460753	0.010469833080934873
Enode	MgCl2	0.8	0.12	-1.5948452953020134e-05	1.2447272006727207e-06	-1.5467632953020135e-05	1.371978850666838e-06	0.9693516908664814	0.01190958125712269	2.18011803803132e-05	1.4393975800526578e-06	2.2130980380313203e-05	1.4595427070799624e-06	1.015144668726812	0.006835716971885614
Enode	MgCl2	0.8	0.14	-1.606062517777778e-05	1.3715474920296782e-06	-1.5504311844444442e-05	1.4453348236709756e-06	0.9654845967042293	0.036949736329222715	2.2193618155555557e-05	1.350168943830123e-06	2.2316851488888886e-05	1.5762538694896567e-06	1.005165668778517	0.00963675182025105
Enode	MgCl2	0.8	0.15	-1.3948878866666666e-05	1.3227188464135543e-06	-8.5526843e-06	4.058334865922436e-06	0.6151022717734287	0.2787113545524744	1.9099901133333333e-05	1.0995492330003217e-06	2.0284034466666667e-05	1.5383958330887847e-06	1.0612891869980159	0.01989235162778685
Enode	MgCl2	0.8	0.18	-5.580556955555555e-06	5.824713904005981e-07	-5.365980288888889e-06	1.0427894793886493e-06	0.9559952085714233	0.10663019966045277	1.0786856377777777e-05	1.1710739468237821e-06	1.1184256377777779e-05	1.281520119861344e-06	1.0367935958859997	0.03198250143383291
Enode	MgCl2	0.8	0.2	-6.146035777777777e-06	3.1632663307816364e-06	-1.8386057777777774e-06	5.352579929423913e-07	0.42111584955287545	0.37566244105928404	6.800130888888889e-06	3.6708043722178846e-07	7.296797555555556e-06	5.220945074599309e-07	1.0726339687790072	0.03517884016041131
Enode	MgCl2	0.8	0.3	-1.2151268266666667e-05	9.497540668461283e-07	-1.2167164933333334e-05	9.486536992528389e-07	1.001627583071943	0.03086756426318435	1.7194085066666664e-05	1.0802353770239591e-06	1.7225885066666666e-05	1.0255198163146787e-06	1.001983420890112	0.003552330579495466
Enode	MgCl2	0.8	0.5	-1.4178910888888887e-05	9.860429563280048e-07	-1.4794827555555556e-05	9.914577060454773e-07	1.043809719322102	0.02537746653024432	1.9696409111111113e-05	1.2865534178857119e-06	1.9708309111111116e-05	9.209481239172696e-07	1.001404125488681	0.019498257197320876
Enode	MgCl2	0.8	0.6	-1.4245378232662192e-05	8.237047787691093e-07	-1.4575191565995526e-05	1.227593232615912e-06	1.0222188778370003	0.030427385134100305	2.0098785100671143e-05	1.514430322253634e-06	2.0126651767337807e-05	1.5462798248606498e-06	1.0013802883798084	0.014591706269922004
Enode	MgCl2	0.8	0.85	-1.4426536711409394e-05	1.3483380166125021e-06	-1.4549723378076065e-05	1.3554319215966738e-06	1.008973075715245	0.030766993937480773	2.0601113288590604e-05	1.4757814600356016e-06	2.051767995525727e-05	1.283733797860428e-06	0.9963705131660046	0.009182379834088842
Enode	MgCl2	0.8	1.1	-1.5172626152125278e-05	6.318999958986055e-07	-1.516465615212528e-05	6.414540955013485e-07	0.9995281168108443	0.01567353695291795	2.1154413847874723e-05	1.4328238455246067e-06	2.072131384787472e-05	1.508511800069262e-06	0.9793103571244831	0.0047919434522824935
Enode	MgCl2	0.8	1.6	-1.5162420693512304e-05	1.0833909162335278e-06	-1.4765054026845638e-05	7.02885611178456e-07	0.9749035234884446	0.024742768615393512	2.1033472639821025e-05	1.5381911867245003e-06	2.140700597315436e-05	1.6454801632443268e-06	1.0176190504268667	0.012168390150968109
Enode	MgCl2	0.8	2.1	-1.5399013333333335e-05	1.2354206114640444e-06	-1.5097023333333334e-05	3.7951166425645907e-07	0.9835948192940202	0.06298011925999783	2.1289626666666668e-05	1.493424559706616e-06	2.1369126666666666e-05	1.5022050680810705e-06	1.0037384719984925	0.0061295674601995875
Standard	KCl	-0.8	0.101	3.6962130944444445e-05	5.315124567928037e-06	2.147679761111111e-05	3.907272593020172e-06	0.5802305012250248	0.046784385408738915	-3.903383572222222e-05	7.494130951050141e-06	-3.0661335722222215e-05	5.435834266972062e-06	0.7871222807060069	0.022709354079230817
Standard	KCl	-0.8	0.102	3.74686380490524e-05	5.2197989638362825e-06	2.5869604715719064e-05	4.212717669574648e-06	0.6890786871979192	0.034832938675245825	-3.927032861761427e-05	6.674600423253856e-06	-3.121179528428094e-05	4.7622210797258545e-06	0.7966597333135267	0.03078944444381829
Standard	KCl	-0.8	0.105	3.526850482222222e-05	4.427631372296746e-06	2.7694738155555556e-05	5.960959075958957e-06	0.7798003422405192	0.06835707346220023	-3.7099528511111115e-05	7.468015474848855e-06	-2.8274028511111113e-05	5.0156215509953115e-06	0.7644140281178949	0.02238430513589968
Standard	KCl	-0.8	0.11	3.8655400457079154e-05	3.857693940984927e-06	2.9623300457079153e-05	3.1123563064595664e-06	0.7661160892600424	0.013277214833983812	-4.037239954292085e-05	6.988131672133904e-06	-3.282643287625418e-05	4.8000527774734195e-06	0.8154997360707034	0.021388457638493976
Standard	KCl	-0.8	0.12	4.019142341137123e-05	5.142208093452634e-06	3.293155674470457e-05	3.7353830551358547e-06	0.8203437419927994	0.014312929221092442	-4.166564325529543e-05	7.447303203248221e-06	-3.434617658862876e-05	5.841783538043815e-06	0.8252686877985296	0.013592069973872606
Standard	KCl	-0.8	0.14	4.3024876144444443e-05	5.8059830320642265e-06	3.636904281111111e-05	5.157928153770224e-06	0.8447949570109167	0.013223439489126269	-4.3397857188888885e-05	8.577414907372276e-06	-3.6595023855555556e-05	6.968647240065392e-06	0.8439739443298638	0.006529951992809272
Standard	KCl	-0.8	0.15	4.5642384488888896e-05	6.679433481849908e-06	3.949908448888889e-05	5.424140569267565e-06	0.8661481738614799	0.013410677584231884	-4.5441482177777775e-05	8.801020783808096e-06	-3.9385648844444444e-05	7.757442573981656e-06	0.8664499252932147	0.005734891444941721
Standard	KCl	-0.8	0.18	5.574996914444444e-05	7.961315882800528e-06	5.228893581111111e-05	7.657099328775207e-06	0.9376637917681778	0.010691905862639428	-5.5992864188888895e-05	1.0735348311903838e-05	-5.213843085555555e-05	9.94534047433363e-06	0.931325371468794	0.0038592621224705047
Standard	KCl	-0.8	0.2	5.656757535555555e-05	7.516349866053882e-06	5.1854842022222226e-05	6.897020514432095e-06	0.9167270121106251	0.01057252830532802	-5.616865797777778e-05	1.0160410300726079e-05	-5.228639131111111e-05	9.808080691294775e-06	0.9300761958536398	0.008186371104387332
Standard	KCl	-0.8	0.3	5.440980568888889e-05	6.9225371415622174e-06	5.9039072355555556e-05	9.556362450461852e-06	1.0822095786141024	0.04012791512283705	-3.324082764444444e-05	1.0093764427116909e-05	-5.149572764444444e-05	1.3669672491941082e-05	1.5670079894143487	0.12597801055500735
Standard	KCl	-0.8	0.5	3.410990393333334e-05	5.908786257246689e-06	4.291153726666667e-05	7.1092702722424806e-06	1.2595990591085864	0.06114383759296707	-2.2796649399999995e-05	6.948896781598742e-06	-2.85147294e-05	8.165364279207272e-06	1.2624280110189143	0.1118157986130494
Standard	KCl	-0.8	0.6	3.0907201516164996e-05	4.963033101852606e-06	3.6394801516164994e-05	5.637895422923684e-06	1.178241565846417	0.012478452320182366	-2.794646515050167e-05	4.735523775770585e-06	-2.3801918483835004e-05	8.455658965804162e-06	0.8354339266529132	0.1827328788633463
Standard	KCl	-0.8	0.85	3.408545089186176e-05	3.628951549183745e-06	3.1025717558528426e-05	5.84866240630793e-06	0.9054146548003669	0.07500247439466035	-3.48493157748049e-05	6.064594345785641e-06	-2.6051682441471567e-05	4.149622391312824e-06	0.7488882295825522	0.014030912870225665
Standard	KCl	-0.8	1.1	4.165251134894091e-05	6.0813550495263e-06	3.439267801560758e-05	4.09881090377776e-06	0.8279850517027633	0.03500826223367786	-4.1881421984392424e-05	6.891973946668172e-06	-3.511032198439242e-05	5.712195941753131e-06	0.8384611839638767	0.005073490148620168
Standard	KCl	-0.8	1.6	4.2993072909698996e-05	5.270509652794549e-06	3.5995472909698994e-05	4.733278862243989e-06	0.8366762332425027	0.009518123494036896	-4.2829660423634345e-05	7.841087959380673e-06	-3.6372527090301e-05	6.334237973975223e-06	0.8500646715523911	0.017114180139732107
Standard	KCl	-0.8	2.1	4.41633417168339e-05	4.7724451842509105e-06	3.644257505016723e-05	4.018657196778454e-06	0.8250862270558387	0.006744366973630348	-4.246602494983277e-05	7.089401731479386e-06	-3.623139161649944e-05	5.534351615283952e-06	0.854521522265994	0.012229239888121538
Standard	KCl	-0.5	0.101	1.9918568444444444e-05	3.879075714000307e-06	1.0834835111111113e-05	2.4489499063683254e-06	0.5436265743153276	0.06658703745787674	-1.929731822222222e-05	3.0178040392599833e-06	-1.581638488888889e-05	2.3067717959801378e-06	0.8204590703730538	0.015296101594031006
Standard	KCl	-0.5	0.102	1.9377056711259753e-05	6.532818002759199e-07	1.2713256711259753e-05	2.8389497421443084e-06	0.6539750913709715	0.128804744448849	-1.8360629955406914e-05	1.8388514901260985e-06	-1.4271733288740248e-05	1.5098189698455665e-06	0.777885081314837	0.041195937981922115
Standard	KCl	-0.5	0.105	1.9585874777777776e-05	3.1133362299413504e-06	1.4269141444444444e-05	2.4806287636195253e-06	0.7275402357979774	0.0366195835597953	-1.912136522222222e-05	2.4504931698516164e-06	-1.4865571888888888e-05	1.7314858413779527e-06	0.7783220975391126	0.02575414524910567
Standard	KCl	-0.5	0.11	2.116337939799331e-05	3.439810927575943e-06	1.610494606465998e-05	1.8348689964432182e-06	0.7653437442224288	0.05442042967990527	-2.0003543935340022e-05	3.2348218960226867e-06	-1.6482920602006688e-05	2.611303063514657e-06	0.8242417418221478	0.012090233218587137
Standard	KCl	-0.5	0.12	2.2071075362318842e-05	2.559902048427566e-06	1.849087536231884e-05	2.545615815419568e-06	0.8364344531225084	0.022336677917773193	-2.124163797101449e-05	3.2389516836355525e-06	-1.7899797971014494e-05	2.5403892416623235e-06	0.8435496197399684	0.008814417485026345
Standard	KCl	-0.5	0.14	2.2552400066666664e-05	3.3718213585625894e-06	1.8578766733333332e-05	2.9576797455419115e-06	0.8230558800886514	0.00837098588232055	-2.1582809933333333e-05	3.291465680248318e-06	-1.84675066e-05	2.175987903368689e-06	0.8586691634193379	0.03212465078289813
Standard	KCl	-0.5	0.15	2.3689487222222223e-05	4.3549583754173875e-06	2.0550320555555554e-05	3.0489225682705024e-06	0.8710233234587967	0.029601355136307607	-2.2241842777777778e-05	3.3400637039616087e-06	-1.9817939444444444e-05	3.1821833248745826e-06	0.8901343648808924	0.009216310886782817
Standard	KCl	-0.5	0.18	2.9057959311111112e-05	4.47740596322501e-06	2.666185931111111e-05	3.355053686731337e-06	0.9200345445228254	0.024321496603605986	-2.724460735555555e-05	4.454245002291831e-06	-2.5702840688888887e-05	4.003996557835628e-06	0.9447879121006615	0.056642986534993646
Standard	KCl	-0.5	0.2	2.9735840533333333e-05	5.127808717387534e-06	2.7991407199999997e-05	3.5209420858072814e-06	0.9467072096383924	0.059003349303156795	-2.76594928e-05	4.876281786769057e-06	-2.5835559466666665e-05	4.355276124155118e-06	0.9348231363251015	0.010131222663856696
Standard	KCl	-0.5	0.3	2.8270329900000003e-05	2.307101772806641e-06	3.0495563233333334e-05	5.449352956733872e-06	1.0736311284688398	0.10616966919598983	-1.4613236766666666e-05	3.4227424126433384e-06	-2.692360343333333e-05	2.8455952811109423e-06	1.8855205662118681	0.285699334124141
Standard	KCl	-0.5	0.5	1.687495454444444e-05	3.7976250486398157e-06	2.1818154544444445e-05	3.977653446406547e-06	1.3005094732976896	0.050825042035541536	-1.1409441788888889e-05	1.7780074637016931e-06	-1.4004232122222224e-05	1.8393178003223855e-06	1.24264974334773	0.21292917149745794
Standard	KCl	-0.5	0.6	1.5746384827201787e-05	3.3818300876879825e-06	1.854785149386845e-05	4.440287756545909e-06	1.1746846107300168	0.060601719940935	-1.421485850613155e-05	1.8018533970337518e-06	-1.050346850613155e-05	3.759189164795709e-06	0.7277338563367882	0.2048893418087514
Standard	KCl	-0.5	0.85	1.8755934214046822e-05	3.6161096234017476e-06	1.526710088071349e-05	3.5196926403757382e-06	0.8104917857488387	0.0337127761483133	-1.789297245261984e-05	2.4063281535044053e-06	-1.3605412452619843e-05	1.5114944652435774e-06	0.7619784347302866	0.01917585227205315
Standard	KCl	-0.5	1.1	2.3492883545150503e-05	3.2121243515445436e-06	1.98887835451505e-05	2.372190917378799e-06	0.8478812960277993	0.0142523475299402	-2.14410764548495e-05	3.806545793585261e-06	-1.8731073121516164e-05	2.7905658075874662e-06	0.8770189536063885	0.04120509016487858
Standard	KCl	-0.5	1.6	2.3717898929765887e-05	3.1911152613978823e-06	1.9942965596432554e-05	2.3399368651618397e-06	0.8421176523588735	0.02005592665588908	-2.191141440356745e-05	3.084638078098377e-06	-1.936432773690078e-05	2.907860417681247e-06	0.8831509164621717	0.015541527950508897
Standard	KCl	-0.5	2.1	2.5119253600891864e-05	6.018184911589879e-06	2.42887869342252e-05	1.1708927536296764e-05	0.933719352892194	0.21862315943144453	-1.838815639910814e-05	1.3340371157406807e-06	-2.0414733065774805e-05	6.834192239495053e-06	1.130931098893036	0.46364062284971075
Standard	KCl	0.5	0.101	-2.6123757399999998e-05	5.5717049958035445e-06	-1.8494364066666665e-05	2.416300127832533e-06	0.7175563045100031	0.08053225506731902	2.88754426e-05	3.1907014833610175e-06	2.8760209266666664e-05	3.0686845285304566e-06	0.9965760706750032	0.0266731933418614
Standard	KCl	0.5	0.102	-2.6051438472686733e-05	5.016382405085244e-06	-2.1652665139353397e-05	4.145846594939634e-06	0.8330107031697116	0.056229232483740475	2.94801948606466e-05	3.4857095112825293e-06	2.8995394860646597e-05	3.5745978133882795e-06	0.9831901393840171	0.010420983748728189
Standard	KCl	0.5	0.105	-2.622848307777778e-05	4.768512908492289e-06	-2.3486616411111114e-05	3.932440510429003e-06	0.8972284703903238	0.021554462357678505	2.8905850255555556e-05	3.648466096289235e-06	2.8993283588888888e-05	3.2518391696140905e-06	1.0043552900494372	0.02500312245779069
Standard	KCl	0.5	0.11	-2.644656500557414e-05	3.7757403745936018e-06	-2.5329965005574135e-05	5.528641307260122e-06	0.9523149505205323	0.08640711275925533	2.9605634994425865e-05	3.4640646860427896e-06	2.9319534994425868e-05	3.2779076825218207e-06	0.9907894781986091	0.01649262238576374
Standard	KCl	0.5	0.12	-2.636021284280936e-05	3.909891696929619e-06	-2.633237950947603e-05	4.756942023720256e-06	0.9968897075182204	0.06493331105305518	2.9461520490523966e-05	3.5337701593897734e-06	2.9294620490523963e-05	3.563032673484773e-06	0.9942037043273664	0.006242838701200926
Standard	KCl	0.5	0.14	-2.820933537777778e-05	4.930448232881263e-06	-2.7068902044444445e-05	5.483021478104301e-06	0.9594556350790896	0.08108415788081952	3.055293128888889e-05	3.8521794580597505e-06	3.035423128888889e-05	3.6917699674913197e-06	0.9939068373669971	0.010820949421929092
Standard	KCl	0.5	0.15	-2.8624801655555556e-05	5.326728801356414e-06	-2.7627434988888888e-05	5.470570992080052e-06	0.9648646625430232	0.045298395768454396	3.111099834444444e-05	3.938354972592821e-06	3.111099834444444e-05	3.980262997903942e-06	1.0003242055288961	0.031514861781780416
Standard	KCl	0.5	0.18	-1.2258557833333333e-05	5.13829591791741e-06	-1.2147284499999999e-05	4.2947418498972334e-06	1.0098514590964818	0.06787378459119243	1.3478708833333333e-05	2.4286127450226318e-06	1.4337042166666665e-05	2.647199499518253e-06	1.0631730827464432	0.0069615416930437395
Standard	KCl	0.5	0.2	-1.2095226388888884e-05	3.2432103866284073e-06	-1.1725681055555554e-05	3.7920085540524578e-06	0.9594501654662629	0.08666397835665009	1.366987227777778e-05	1.3623849715193903e-06	1.3097672277777779e-05	1.5870949240111286e-06	0.9568457082917811	0.02269442445573751
Standard	KCl	0.5	0.3	-2.054445934444444e-05	2.2129971557806643e-06	-2.0778899344444443e-05	3.0193211858300175e-06	1.0095921225366034	0.05798559717549334	2.335634732222222e-05	1.4369397731708172e-06	2.309804732222222e-05	1.6241902748621738e-06	0.9886037453714632	0.009962146369676815
Standard	KCl	0.5	0.5	-2.456631044444444e-05	4.054670225477129e-06	-2.4395443777777776e-05	4.718922504399315e-06	0.9902137819608517	0.02807464232641788	2.7627489555555557e-05	3.3739534955435793e-06	2.6566522888888888e-05	3.3857046999330142e-06	0.9611959681860723	0.011377860137031721
Standard	KCl	0.5	0.6	-2.470304952720178e-05	3.3427837934909636e-06	-2.5044782860535115e-05	3.420547189704476e-06	1.0138025738543635	0.009007994031215185	2.7435150472798217e-05	2.825410928990877e-06	2.7721217139464884e-05	2.679485516492713e-06	1.0109978314123012	0.018779803796191243
Standard	KCl	0.5	0.85	-2.6877572274247498e-05	6.2147254256244354e-06	-2.676633894091416e-05	4.764666461477561e-06	1.0035661608183952	0.05147742410883729	3.0084594392419174e-05	3.959971622921873e-06	2.9973361059085844e-05	4.464609185147379e-06	0.9948552370128046	0.02274261126443027
Standard	KCl	0.5	1.1	-2.824329835005574e-05	4.898694729346544e-06	-2.8358565016722406e-05	5.962966673727733e-06	1.000342578709445	0.05368049273280712	3.0721568316610934e-05	3.847408588073503e-06	3.069376831661093e-05	4.1363818602852415e-06	0.9983717962605048	0.01086831918420039
Standard	KCl	0.5	1.6	-2.7652149476031215e-05	5.711990962304062e-06	-2.8852182809364547e-05	5.114112374836363e-06	1.0474525928375582	0.04626271016388653	3.128098385730212e-05	4.331979314629714e-06	3.105045052396879e-05	4.111862908164244e-06	0.9932020527134165	0.00849570786124179
Standard	KCl	0.5	2.1	-2.8336346131549608e-05	5.566019624573063e-06	-2.8757579464882944e-05	5.748619947024172e-06	1.0147226124845945	0.01880924342975327	3.129215386845039e-05	4.339148882928855e-06	3.137558720178372e-05	3.866099655029695e-06	1.0040517256355779	0.015228421204482851
Standard	KCl	0.8	0.101	-5.4911750066666665e-05	1.1507790744600134e-05	-3.69707834e-05	6.688413505383596e-06	0.6762223194552434	0.030010755792083663	6.291071660000001e-05	1.1105859096734376e-05	6.260078326666666e-05	1.060772092539381e-05	0.9960662970794661	0.016816610079307775
Standard	KCl	0.8	0.102	-5.350731734671127e-05	1.2669430815491725e-05	-4.373218401337793e-05	9.700911567165595e-06	0.8198246255969517	0.03344837490174277	6.149388265328874e-05	1.17668684959022e-05	6.160514931995541e-05	1.1238577966894037e-05	1.0028262448444583	0.013719386075719379
Standard	KCl	0.8	0.105	-5.4839489400000005e-05	1.1196057508112663e-05	-4.835452273333333e-05	1.1485846377236606e-05	0.8781489371325307	0.029117058441012093	6.276044393333333e-05	1.1035398864040489e-05	6.267304393333333e-05	1.035792990734085e-05	0.9997759318734195	0.009969674996357411
Standard	KCl	0.8	0.11	-5.453974298773691e-05	1.2778074850987095e-05	-5.096740965440357e-05	1.2385613061489817e-05	0.9336771508358302	0.018628606066372386	6.248802367892976e-05	1.184485450088655e-05	6.237279034559643e-05	1.1386492234568575e-05	0.998989257190467	0.006937649243810343
Standard	KCl	0.8	0.12	-5.6282074013377927e-05	1.1302788737527744e-05	-5.308330734671126e-05	1.1162821998401162e-05	0.9423085242865316	0.018378258383950113	6.39444593199554e-05	1.07044588116854e-05	6.374579265328874e-05	1.002780038669265e-05	0.9980191642297688	0.011630967930322898
Standard	KCl	0.8	0.14	-5.835757181111111e-05	1.2638000035828064e-05	-5.6299171811111105e-05	1.2994770577088701e-05	0.9636181239822351	0.03327061801334751	6.604129485555557e-05	1.1531571900853286e-05	6.547309485555555e-05	1.119370886731244e-05	0.9918432337275068	0.0058109258649888165
Standard	KCl	0.8	0.15	-5.9268233955555554e-05	1.2944748313833286e-05	-5.8926500622222216e-05	1.262695768721344e-05	0.9948816700776592	0.006170420244488947	6.813073271111112e-05	1.1687047630520317e-05	6.735983271111111e-05	1.138675106256538e-05	0.9889918193351012	0.0044636201247459486
Standard	KCl	0.8	0.18	-3.0749909111111105e-05	1.106259030632526e-05	-3.0149892444444437e-05	1.1165930070663035e-05	0.9758409374484049	0.05401375218191068	3.5959634222222224e-05	9.429413812879005e-06	3.655566755555556e-05	9.351305583507635e-06	1.0177056965461422	0.007158296284756769
Standard	KCl	0.8	0.2	-2.8793643155555554e-05	9.281466382148261e-06	-2.836447315555556e-05	8.769442352078726e-06	0.9877003016973762	0.02786144268985529	3.305613351111111e-05	7.4525786774029065e-06	3.3799200177777775e-05	8.511588871954022e-06	1.0176482830441524	0.037547634270512754
Standard	KCl	0.8	0.3	-4.001898481111111e-05	7.10564137677079e-06	-4.0388518144444444e-05	6.3447109246152905e-06	1.0119479973569405	0.03691320638385957	4.878001518888889e-05	6.219805823136582e-06	4.823564852222222e-05	5.694596012561521e-06	0.9896141669468851	0.01118685768999636
Standard	KCl	0.8	0.5	-4.935317688888889e-05	9.777422695127086e-06	-4.8693543555555556e-05	9.917617856338207e-06	0.985959434710443	0.008460199495173747	5.824512311111111e-05	9.084277418347195e-06	5.810205644444444e-05	8.31029653415639e-06	0.9988345552186898	0.01595607659268312
Standard	KCl	0.8	0.6	-5.1181784526198444e-05	1.0726613959709699e-05	-5.046655119286511e-05	1.1048579743340176e-05	0.9848211592533018	0.00862218862925656	5.9762315473801563e-05	9.833427566312947e-06	5.953581547380156e-05	9.448638947604973e-06	0.9967991071276975	0.005896670015464813
Standard	KCl	0.8	0.85	-5.693914753623189e-05	1.1388270848135652e-05	-5.7336480869565224e-05	1.3768146303153865e-05	1.0018203130478749	0.03952152606530574	6.594575246376811e-05	1.1010736487961454e-05	6.577491913043478e-05	1.1395729888735917e-05	0.9967414493793948	0.006108352131441583
Standard	KCl	0.8	1.1	-5.8066873266443705e-05	1.2445269856537673e-05	-5.815033993311037e-05	1.1895175080141811e-05	1.0026605268098168	0.01495051213946056	6.710686006688963e-05	1.1044335255580492e-05	6.69360267335563e-05	1.1116932537089339e-05	0.9972729887916331	0.004381831469641162
Standard	KCl	0.8	1.6	-5.987245046822743e-05	1.3703209285530887e-05	-5.9268450468227426e-05	1.2696745231899355e-05	0.9919206596391267	0.015259935453939685	6.890144953177257e-05	1.2241338563795128e-05	6.864711619843924e-05	1.1767183030185467e-05	0.9969845196000232	0.006715163447671468
Standard	KCl	0.8	2.1	-6.0093920746934224e-05	1.2444656018962155e-05	-5.9346887413600886e-05	1.3487015660987887e-05	0.9848888762440446	0.02037094166443513	7.045217925306577e-05	1.3633591040488471e-05	6.956604591973244e-05	1.3089221261792398e-05	0.988048109047245	0.00543461893157209
Standard	MgCl2	-0.8	0.101	3.967259625555555e-05	4.568518635482e-06	1.9697096255555557e-05	2.061143451573981e-06	0.49724332723437664	0.026076013872498992	-4.0380437077777776e-05	4.136862377312285e-06	-3.229407041111111e-05	3.455446340647965e-06	0.7996440013915033	0.017756119301614106
Standard	MgCl2	-0.8	0.102	3.8309104425863995e-05	2.9543915384513644e-06	2.296690442586399e-05	1.666906327561418e-06	0.5996565965167212	0.0027538411394646325	-3.928422890746935e-05	3.3356151522466897e-06	-3.120179557413601e-05	1.9215661351409383e-06	0.7955277344079614	0.031813616972631444
Standard	MgCl2	-0.8	0.105	3.844670081111111e-05	3.847172979356402e-06	2.6843667477777775e-05	2.977668266495528e-06	0.6983787750456755	0.03997777823055472	-3.861016585555556e-05	3.2426087841323453e-06	-3.0579465855555554e-05	1.355397187884638e-06	0.7937465965865377	0.032278943564891714
Standard	MgCl2	-0.8	0.11	4.103589381270902e-05	3.969693244387702e-06	3.2405127146042364e-05	2.8357674298264788e-06	0.7901256785171596	0.007069153990817903	-4.09284395206243e-05	3.67451448055529e-06	-3.32712395206243e-05	2.7539381374698896e-06	0.8134403249565704	0.025110538127633832
Standard	MgCl2	-0.8	0.12	4.170093607580825e-05	4.078608797112012e-06	3.386890274247492e-05	3.725199108212484e-06	0.8115556754094108	0.016227549146147203	-4.1439630590858414e-05	3.4971954982150648e-06	-3.509373059085842e-05	3.035729445096513e-06	0.8469638775701691	0.023870036326070765
Standard	MgCl2	-0.8	0.14	4.269522217777778e-05	3.989745757265185e-06	3.5947988844444444e-05	3.512448702281642e-06	0.8417784741368534	0.013020654188497415	-4.227321115555556e-05	2.733264316908745e-06	-3.6129977822222226e-05	2.688626853011066e-06	0.854538507316238	0.024842234084002896
Standard	MgCl2	-0.8	0.15	4.512168694444444e-05	3.886194582555951e-06	3.9661920277777776e-05	4.638569516189528e-06	0.8774646439311825	0.02724962854274499	-4.502041305555556e-05	4.026001245302907e-06	-3.893277972222222e-05	3.864497143035482e-06	0.8644439886906866	0.02299553308288943
Standard	MgCl2	-0.8	0.18	5.5611751944444455e-05	5.658183165384829e-06	5.2579851944444454e-05	5.644167121793161e-06	0.9452969262537742	0.02758292945987138	-5.439061472222223e-05	4.6529254672775194e-06	-5.064344805555556e-05	4.3621027801177304e-06	0.9312459186396197	0.01996893146467714
Standard	MgCl2	-0.8	0.2	5.697178204444445e-05	5.8374861394745166e-06	5.2286848711111115e-05	6.225516958822904e-06	0.9167502303332699	0.01944069251808965	-5.5279651288888885e-05	5.1774483212539126e-06	-5.153648462222222e-05	4.8188559707866334e-06	0.9323033262337074	0.0027526949970436273
Standard	MgCl2	-0.8	0.3	4.990879125555555e-05	3.835182266440042e-06	5.824945792222222e-05	6.281744639947171e-06	1.1674670674188679	0.09596258662716958	-2.6921608744444445e-05	2.9388562134095957e-06	-4.692094207777778e-05	7.198822983278013e-06	1.738715270352153	0.11708440885454816
Standard	MgCl2	-0.8	0.5	3.07338985e-05	3.381825368081842e-06	3.858976516666667e-05	5.105284179580524e-06	1.253897391313228	0.03725127834729462	-2.3657334833333332e-05	6.633041601521988e-07	-2.3228168166666666e-05	2.3463333978561557e-06	0.9842467783554034	0.12852414237669285
Standard	MgCl2	-0.8	0.6	2.8185468483835007e-05	1.8502297547086862e-06	3.275913515050167e-05	2.0272969995301938e-06	1.1624638906975617	0.004474345780843018	-2.832373151616499e-05	2.229952283814384e-06	-1.972077484949833e-05	1.9972408103156758e-06	0.6965132786502973	0.04817979655108176
Standard	MgCl2	-0.8	0.85	3.346050304347826e-05	2.9775098131148833e-06	2.885900304347826e-05	2.0411071754328433e-06	0.863415839619898	0.015781769412124984	-3.404773028985507e-05	2.0260233591603064e-06	-2.5337530289855072e-05	1.8065162222292943e-06	0.7439629853425616	0.02014839658218313
Standard	MgCl2	-0.8	1.1	4.108062688963211e-05	3.889206761072046e-06	3.417046022296544e-05	4.4626780113443016e-06	0.8298327257557344	0.031969155854645756	-4.0911506443701234e-05	3.3309283526239186e-06	-3.4398706443701224e-05	2.92859596388755e-06	0.840652603094712	0.009865778365616272
Standard	MgCl2	-0.8	1.6	4.2709634091415836e-05	3.8249620822690085e-06	3.63637007580825e-05	3.6003143500348175e-06	0.8511068301733795	0.02636220302897144	-4.2775332575250836e-05	2.773860698639891e-06	-3.646126590858417e-05	2.9583098015470605e-06	0.8518787094771447	0.01949965934530077
Standard	MgCl2	-0.8	2.1	4.345845057971014e-05	1.882454270522971e-06	3.7223850579710146e-05	1.509473478006207e-06	0.8570824724631857	0.0357833312968106	-4.3655716086956524e-05	2.507839899773425e-06	-3.748464942028986e-05	1.6997064765943374e-06	0.8591154306721464	0.018426857196709296
Standard	MgCl2	-0.5	0.101	1.852947181111111e-05	2.4460621482057003e-06	1.0470938477777778e-05	3.3769424897747343e-07	0.5737094872902896	0.0980190866798709	-1.8123401522222222e-05	2.596788609006608e-06	-1.4070258188888888e-05	3.1087454008133815e-06	0.7712498997407463	0.08704162068874415
Standard	MgCl2	-0.5	0.102	1.95046124303233e-05	5.252773371596339e-07	1.2904412430323302e-05	1.291602025695091e-06	0.6607290417289374	0.04900677779002121	-1.8372130903010036e-05	6.92960434744234e-07	-1.5058114236343369e-05	1.2637924562717962e-06	0.8193796538091238	0.05506333896965621
Standard	MgCl2	-0.5	0.105	1.9247604144444443e-05	1.1009054202601288e-06	1.381563747777778e-05	5.081281952982155e-07	0.7190429040880204	0.041995973313389105	-1.8462269188888886e-05	6.609547903676248e-07	-1.4977389188888888e-05	6.798292841568721e-07	0.8115137251386143	0.03414319297327192
Standard	MgCl2	-0.5	0.11	1.9393066688963212e-05	7.642816793464595e-07	1.6190300022296546e-05	7.57292552886783e-07	0.8367522672793478	0.07308313426460353	-1.937379331103679e-05	1.0758125537067675e-06	-1.5972349977703453e-05	5.621110057395217e-07	0.8255465854392977	0.0382862755066831
Standard	MgCl2	-0.5	0.12	2.0888706923076918e-05	1.1925869069889977e-06	1.808730692307692e-05	1.285146888899998e-06	0.8655360704201999	0.021362782626220028	-2.019080641025641e-05	1.3942153057009933e-06	-1.727416307692308e-05	1.503029878383408e-06	0.8550088968988184	0.029102905253537054
Standard	MgCl2	-0.5	0.14	2.1568973022222224e-05	1.1633015248113984e-06	1.891457302222222e-05	1.485978302442036e-06	0.8762920610407526	0.02830872014773373	-2.0511893644444445e-05	1.1327778806778318e-06	-1.7623066977777776e-05	1.2327036410548357e-06	0.8587296852741876	0.01767361624539884
Standard	MgCl2	-0.5	0.15	2.25567958e-05	1.627445538959396e-06	1.9727562466666666e-05	2.3773863245397957e-06	0.8727895177314396	0.0506370939823699	-2.14950042e-05	1.3984332681500519e-06	-1.8808827533333332e-05	1.3165045212774022e-06	0.874932851355764	0.018160660431296462
Standard	MgCl2	-0.5	0.18	2.632436748888889e-05	2.9908513757046437e-06	2.4754767488888886e-05	2.894415761020005e-06	0.9405726234359362	0.043012367524853	-2.386673251111111e-05	1.5904624240728526e-06	-2.1442799177777777e-05	1.8100146471227252e-06	0.8977617914305777	0.017334705482630167
Standard	MgCl2	-0.5	0.2	2.7500587899999998e-05	2.248959548281426e-06	2.6213087899999997e-05	2.527921965001993e-06	0.952428928841505	0.014715715118551027	-2.46058121e-05	1.022772988878538e-06	-2.3318378766666668e-05	1.2586567812260042e-06	0.9474394605091329	0.0190466154934716
Standard	MgCl2	-0.5	0.3	2.5524459788888886e-05	1.5635021702782077e-06	2.8556326455555557e-05	1.6046184487078382e-06	1.120548055055252	0.07179880517107437	-1.1100598877777776e-05	8.466017761347877e-07	-2.098305021111111e-05	3.83351231090893e-06	1.894385599099844	0.3379713902280562
Standard	MgCl2	-0.5	0.5	1.3464250111111115e-05	1.3917277368403731e-06	1.7068316777777776e-05	1.8812576084635325e-06	1.268645295645693	0.07360539389010612	-1.3067776555555554e-05	3.32122263010247e-07	-8.506036555555555e-06	8.788985211140024e-07	0.6513822538157341	0.07246789219465316
Standard	MgCl2	-0.5	0.6	1.3797740011148274e-05	6.109424242287671e-07	1.4596440011148272e-05	1.2870828751489897e-06	1.0590407962795843	0.09881883153506707	-1.5221753322185058e-05	1.3172408121385122e-06	-8.915595322185061e-06	8.999204321040128e-07	0.5853796004607507	0.017106503182342154
Standard	MgCl2	-0.5	0.85	1.8032023578595317e-05	1.2379276125061916e-06	1.2607990245261984e-05	9.922909400947548e-07	0.6989394382557338	0.011575024084200868	-1.793341642140468e-05	1.2913131511026447e-06	-1.4384979754738016e-05	7.718649686906349e-07	0.8029113569241456	0.0179439857966039
Standard	MgCl2	-0.5	1.1	2.2047947112597548e-05	1.7147106643575409e-06	1.8992213779264216e-05	1.5304723578342406e-06	0.8613730982976303	0.01367424576256505	-2.0545546220735784e-05	1.146406205698746e-06	-1.8630226220735788e-05	5.280369909134729e-07	0.9078451454586981	0.031257283947102484
Standard	MgCl2	-0.5	1.6	2.2497533043478262e-05	8.189268173222772e-07	1.975573304347826e-05	3.987121064736529e-07	0.8785462147529275	0.01996481227801476	-2.0890660289855075e-05	1.377151031463477e-06	-1.889192695652174e-05	8.439194487075484e-07	0.9052631793256398	0.02491072572307919
Standard	MgCl2	-0.5	2.1	2.1587680323299888e-05	8.455346255076777e-06	2.1162480323299887e-05	6.408921663630466e-06	1.0157280785019778	0.17847810849811827	-1.8204363010033444e-05	4.94118959079317e-06	-1.7437496343366777e-05	8.994669718556888e-06	0.914728059634247	0.32043155374038446
Standard	MgCl2	0.5	0.101	-2.265805158888889e-05	9.277685961899877e-07	-1.7341344922222222e-05	1.1877833129694918e-06	0.7647853564680117	0.022153107629044794	2.6595248411111107e-05	2.267869200235396e-06	2.6221748411111108e-05	1.9937095825862767e-06	0.9865871589563714	0.020509839048897062
Standard	MgCl2	0.5	0.102	-2.2292656945373466e-05	1.093698355137784e-06	-1.9860783612040134e-05	1.7203341592523269e-06	0.8898503765883055	0.032876299628501957	2.6559343054626533e-05	1.7379346764314256e-06	2.6789809721293197e-05	2.015521996281022e-06	1.008255484610453	0.013907438781077383
Standard	MgCl2	0.5	0.105	-2.2606666044444444e-05	8.197125000032569e-07	-2.060793271111111e-05	1.3946986802649153e-06	0.9131507413336705	0.08426619170127542	2.692880062222222e-05	1.8280562726460262e-06	2.6813533955555558e-05	2.309155382215525e-06	0.9949631989349624	0.026681314851833594
Standard	MgCl2	0.5	0.11	-2.2519845696767002e-05	1.5905385588408396e-07	-2.1919845696767e-05	2.1649707839698045e-06	0.9737750730889249	0.10206051521042252	2.710302096989967e-05	1.8845825731283157e-06	2.687652096989967e-05	2.4491950924754516e-06	0.9906284430012035	0.0235286873763057
Standard	MgCl2	0.5	0.12	-2.285689463768116e-05	4.7681306956597313e-07	-2.2574761304347828e-05	1.1188743100880067e-06	0.9872636163699854	0.029027377253680826	2.6448072028985507e-05	1.4766829635381826e-06	2.684547202898551e-05	2.8272552736318005e-06	1.0133486156722282	0.05772558366343588
Standard	MgCl2	0.5	0.14	-2.3751057388888885e-05	2.2362660843878128e-07	-2.2642424055555554e-05	9.488994786369007e-07	0.953144655986312	0.03154055120435304	2.789434261111111e-05	1.9244677262545016e-06	2.758047594444444e-05	2.3050503422479518e-06	0.9880664382772458	0.015676340980392132
Standard	MgCl2	0.5	0.15	-2.3224103866666668e-05	9.088346152793792e-07	-2.2850603866666662e-05	9.842625566212895e-07	0.983908400533312	0.017090756860788328	2.7996196133333334e-05	2.252348777153904e-06	2.7598829466666663e-05	2.1739626764421114e-06	0.9858931449912061	0.0026370883748237694
Standard	MgCl2	0.5	0.18	-1.1388687788888887e-05	6.4070246577384795e-06	-8.479981788888889e-06	7.512088460594524e-07	0.869110939301733	0.3319950414453291	1.1431952877777779e-05	1.6205176260022757e-06	1.1578952877777777e-05	1.1937223274952664e-06	1.017043960207286	0.04750689023921693
Standard	MgCl2	0.5	0.2	-1.1775679188888888e-05	1.8148230717771435e-06	-1.0551797855555557e-05	1.6754193346383807e-06	0.8974484569363974	0.05874007851528198	1.352849081111111e-05	2.0731342529156056e-06	1.2872824144444443e-05	2.0645798281944718e-06	0.9510200909265901	0.014280540572799977
Standard	MgCl2	0.5	0.3	-1.8864345055555554e-05	1.714867563353195e-06	-1.9094795055555558e-05	1.7970837844419659e-06	1.0157823168543347	0.10847035536519957	2.215558161111111e-05	1.8564012530707682e-06	2.227078161111111e-05	1.8169181599041232e-06	1.005325238156884	0.002503708180255654
Standard	MgCl2	0.5	0.5	-2.1484575111111108e-05	1.4890943170362211e-06	-2.2084608444444442e-05	8.969418110790641e-07	1.0293857689186368	0.0348180467760849	2.5710358222222223e-05	1.833834747231608e-06	2.587725822222222e-05	1.995255949840525e-06	1.006208611977735	0.006137756829230603
Standard	MgCl2	0.5	0.6	-2.2132119264214045e-05	1.238642184161231e-06	-2.1961252597547383e-05	1.069744217651414e-06	0.9929740557969543	0.037655363419361224	2.5921147402452624e-05	1.9043750658978227e-06	2.5658914069119285e-05	2.0694514733167013e-06	0.9895994920479977	0.013141783029351142
Standard	MgCl2	0.5	0.85	-2.3248440089186178e-05	1.6211335877771237e-06	-2.2537206755852844e-05	4.123464762475211e-07	0.9718646841834885	0.053469013505030014	2.7113493244147155e-05	1.6854039846588278e-06	2.7343959910813826e-05	2.26916785569633e-06	1.0077607209171873	0.029503362262789035
Standard	MgCl2	0.5	1.1	-2.3130424370122634e-05	5.52308668352342e-07	-2.3408591036789297e-05	5.80862427746609e-07	1.0122164327068879	0.024821719632146983	2.795074229654404e-05	1.9459636776309272e-06	2.7807708963210706e-05	1.4498364720835742e-06	0.9957203711216679	0.018291824518720214
Standard	MgCl2	0.5	1.6	-2.331642596432553e-05	7.036828713094348e-07	-2.3713792630992195e-05	1.0610549598327436e-06	1.0184782957310958	0.07422197221033079	2.790777403567447e-05	2.173909915066044e-06	2.8563407369007804e-05	2.479394249737587e-06	1.02301075346604	0.009302076014205605
Standard	MgCl2	0.5	2.1	-2.302335558528428e-05	4.563865178373721e-07	-2.3563755585284283e-05	1.1347606186226086e-06	1.0236443980181806	0.05076731751549202	2.8343944414715722e-05	1.6963595391361591e-06	2.845521108138239e-05	2.042455294006158e-06	1.00344795162166	0.014650588185084868
Standard	MgCl2	0.8	0.101	-4.9855445288888895e-05	4.94350912960446e-06	-3.882464528888889e-05	4.287898041441281e-06	0.778173547626151	0.01569410759552258	5.959855471111112e-05	6.372339138376313e-06	5.945945471111112e-05	5.9688073917667424e-06	0.9981436082968805	0.008697891390977408
Standard	MgCl2	0.8	0.102	-4.9925600691192866e-05	5.726282839832576e-06	-4.4779700691192865e-05	4.577713652598765e-06	0.897798681912629	0.016156925558481167	5.9587999308807135e-05	6.416007489449654e-06	5.9901932642140465e-05	6.664217201593869e-06	1.0050277925878357	0.006165306111329289
Standard	MgCl2	0.8	0.105	-4.973792293333333e-05	5.00226690860559e-06	-4.8823956266666665e-05	6.662935679730855e-06	0.9793133925581569	0.035369666119671316	5.937434373333333e-05	6.885337889092336e-06	6.003397706666667e-05	7.07314808280305e-06	1.0110253748453426	0.008541982962586547
Standard	MgCl2	0.8	0.11	-4.955895164994427e-05	6.091930015566014e-06	-5.095768498327759e-05	6.258674736402021e-06	1.028226770835613	0.000996437704176073	5.987121501672241e-05	7.190526367609518e-06	6.029638168338907e-05	6.927608823421445e-06	1.0075794856162086	0.00830358143154504
Standard	MgCl2	0.8	0.12	-5.057827884057971e-05	5.5912876000709696e-06	-5.121011217391305e-05	6.359581910134908e-06	1.0114659159145836	0.014088953833913457	6.0822787826086955e-05	6.2568094136296344e-06	6.116052115942028e-05	6.738173985774896e-06	1.0050453336174565	0.008255719364349602
Standard	MgCl2	0.8	0.14	-5.227164427777778e-05	6.283450326613206e-06	-5.384521094444444e-05	7.393537421904123e-06	1.028674272272965	0.01790736706982085	6.272955572222222e-05	7.123764851352293e-06	6.255468905555556e-05	7.518368881209103e-06	0.9967593225689787	0.010685941860699846
Standard	MgCl2	0.8	0.15	-5.3892879533333336e-05	6.039824026916201e-06	-5.3888912866666674e-05	6.365097601879665e-06	0.9995603372745618	0.012054961804423586	6.410842046666667e-05	7.294701607172445e-06	6.408058713333334e-05	7.341275012271662e-06	0.999492876492828	0.003755570912516392
Standard	MgCl2	0.8	0.18	-2.4386619733333333e-05	2.9801772217883888e-06	-2.5471419733333333e-05	3.041520150685566e-06	1.0447631598019502	0.0074227343395071995	3.1323880266666665e-05	4.102273326705536e-06	3.2440446933333334e-05	5.134667267004064e-06	1.0330132751952539	0.030334109440973252
Standard	MgCl2	0.8	0.2	-2.1519023411111112e-05	1.9668355253377467e-06	-2.1832923411111105e-05	2.9059108078702754e-06	1.0118805381048503	0.04512793242959229	2.678457658888889e-05	3.531579385130769e-06	2.793297658888889e-05	3.881828348905185e-06	1.042158503133004	0.011568729868027282
Standard	MgCl2	0.8	0.3	-3.765828061111111e-05	2.125958493931606e-06	-3.842918061111111e-05	3.212177310757187e-06	1.0196205454967249	0.037733212171729806	4.662668605555555e-05	3.4530632562907844e-06	4.522398605555556e-05	3.48377046903861e-06	0.9697795114475031	0.0038423159186045646
Standard	MgCl2	0.8	0.5	-4.547383435555556e-05	3.861415679092576e-06	-4.570433435555556e-05	3.181375439201625e-06	1.0059805186917565	0.01665786050863983	5.563946564444444e-05	5.095216124879817e-06	5.5520232311111114e-05	4.97716571899541e-06	0.9979790145338541	0.002223245792120194
Standard	MgCl2	0.8	0.6	-4.6740863158082495e-05	5.54510062868606e-06	-4.808396315808249e-05	5.543578085342151e-06	1.0291840146842854	0.03287230618968491	5.800037017525083e-05	6.276864020468052e-06	5.75712368419175e-05	6.065847817385809e-06	0.9928902379070826	0.010691669817425564
Standard	MgCl2	0.8	0.85	-5.063901227424748e-05	6.2122164211505065e-06	-5.195031227424749e-05	6.224770483780414e-06	1.0261934993541315	0.007419235442879267	6.293172105908584e-05	6.8879937264182745e-06	6.253035439241918e-05	6.835843731250779e-06	0.9936220368736337	0.003138123461090522
Standard	MgCl2	0.8	1.1	-5.177401148272017e-05	5.904108074085781e-06	-5.248531148272018e-05	5.5787440059607885e-06	1.0143286888966216	0.009983608809414181	6.436762185061316e-05	7.142273630981892e-06	6.431195518394648e-05	7.213686739382816e-06	0.9990294377033875	0.005422753753156236
Standard	MgCl2	0.8	1.6	-5.2732671917502787e-05	4.873070568049245e-06	-5.2903538584169455e-05	6.14014987110052e-06	1.0018689325900767	0.026845529263735863	6.512559474916388e-05	7.359586995098043e-06	6.480769474916387e-05	7.047112197494454e-06	0.9955177472284561	0.010115591127351345
Standard	MgCl2	0.8	2.1	-5.242259444816054e-05	4.6045265701107895e-06	-5.3308694448160535e-05	4.784737626812103e-06	1.0170077290770763	0.021812797059805017	6.549527221850613e-05	6.9550131377712565e-06	6.560653888517281e-05	7.265520225454191e-06	1.001352409656723	0.006875168303970774
