Type	Chip	Disp	Electrolyte	Potential [V]	Pulse #	Polarization	IDSant (10sp 5sa) [A]	Std IDSant [A]	IDSdur (10sp 15sa) [A]	Std IDSdur [A]	IDSdep (10sp 30sd) [A]	Std IDSdep [A]	delIDS [A]	Std del IDS [A]	RatioIDS	Std RazIDS
Standard	1	1	KCl	0.8	1	pos	5.8103225748503e-06	3.761004305178187e-08	9.335086327345308e-06	6.213211912758681e-08	7.884469381237526e-06	4.688466431805143e-08	2.074146806387226e-06	6.010563273581978e-08	1.3569761884417693	0.0119274810079113
Standard	1	1	KCl	0.8	2	neg	7.686144411177644e-06	3.315206652235423e-08	1.692943253493014e-05	1.117173476205073e-07	6.353118163672654e-06	3.849309370031404e-08	-1.3330262475049898e-06	5.0801356057921893e-08	0.8265676292047773	0.0061474924735813
Standard	1	1	KCl	0.8	3	pos	6.136137684630738e-06	4.189393130548086e-08	8.507378263473053e-06	4.3460866452228586e-08	7.64160139720559e-06	3.661877285824727e-08	1.5054637125748515e-06	5.56420345231216e-08	1.2453438612281478	0.0103877709287586
Standard	1	1	KCl	0.8	4	neg	7.373559121756487e-06	3.533415184813619e-08	8.384100499001997e-06	3.97848868988024e-08	8.0535276247505e-06	4.871581399655477e-08	6.799685029940124e-07	6.018083432600507e-08	1.0922171358181276	0.0084287590648898
Standard	1	1	KCl	0.8	5	pos	7.885897265469062e-06	4.0155599807590766e-08	1.6528927345309384e-05	2.265592778738899e-07	6.329037884231537e-06	4.567383014281338e-08	-1.5568593812375252e-06	6.081587749775507e-08	0.8025767609153704	0.0070885237811432
Standard	1	1	KCl	0.8	6	neg	6.096948063872256e-06	4.1632016761669374e-08	8.014005608782437e-06	4.351854649547308e-08	7.520226786427147e-06	4.3640134076928534e-08	1.4232787225548914e-06	6.031323338949934e-08	1.2334411754281778	0.0110529953463689
Standard	1	1	KCl	0.8	7	pos	7.31305005988024e-06	3.9097707214060624e-08	1.5523261477045908e-05	1.624351035121842e-07	6.077912095808383e-06	3.86473224661011e-08	-1.2351379640718569e-06	5.49749601472817e-08	0.831104948830053	0.006904441118973
Standard	1	1	KCl	0.8	8	neg	5.870689381237525e-06	3.9410223194196334e-08	7.698493093812375e-06	5.8475990736448326e-08	7.372274191616768e-06	4.040876259420977e-08	1.5015848103792428e-06	5.644496245557773e-08	1.2557765728805623	0.010883197427337
Standard	1	1	KCl	0.8	9	pos	7.0544300998004e-06	3.411464581950134e-08	1.486737245508982e-05	1.563476666911294e-07	5.819483532934132e-06	3.7303665676356864e-08	-1.2349465668662678e-06	5.0550692698354056e-08	0.8249402787475051	0.0066240142884928
Standard	1	1	KCl	0.8	10	neg	5.628844071856287e-06	3.924977350491125e-08	7.283735548902195e-06	6.435550887335215e-08	7.199717065868264e-06	4.280543073926081e-08	1.5708729940119776e-06	5.807623972814087e-08	1.279075592423354	0.011720863317
Standard	1	1	KCl	0.8	11	pos	6.933554870259481e-06	3.6254545136205015e-08	1.4568874850299402e-05	1.701113384999001e-07	5.672530059880239e-06	3.917311584488018e-08	-1.2610248103792415e-06	5.3375322463002784e-08	0.818127232858828	0.0070866252927159
Standard	1	1	KCl	0.8	12	neg	5.519009520958084e-06	4.4030786826606334e-08	7.057213872255488e-06	5.6215302551668834e-08	7.101280159680639e-06	3.812314428237071e-08	1.5822706387225552e-06	5.8241602987422185e-08	1.2866946745994885	0.0123729947823248
Standard	1	1	KCl	0.8	13	pos	6.717121477045909e-06	3.7215459790441614e-08	1.4239654491017963e-05	1.55553291462413e-07	5.4935738323353295e-06	4.2706782296069e-08	-1.2235476447105792e-06	5.6646797804446184e-08	0.8178464318545156	0.0078073386262534
Standard	1	1	KCl	0.8	14	neg	5.24130736526946e-06	3.581867751668554e-08	6.701155848303393e-06	4.7059467340046933e-08	6.777583473053891e-06	4.315396489679453e-08	1.5362761077844311e-06	5.608246022918474e-08	1.2931093333629462	0.0120781677669515
Standard	1	1	KCl	0.8	15	pos	6.39152243512974e-06	3.506857636771529e-08	1.3821902195608784e-05	1.5463505661773366e-07	5.280400279441118e-06	3.9525392070436816e-08	-1.111122155688622e-06	5.2839962781781264e-08	0.8261568871945816	0.0076674297256736
Standard	1	1	KCl	0.8	16	neg	5.042695129740519e-06	3.873848482108112e-08	6.456027804391218e-06	5.553310921576119e-08	6.570573073852296e-06	4.249509872600059e-08	1.5278779441117769e-06	5.7502205366104624e-08	1.3029883633259416	0.0130846921561212
Standard	1	1	KCl	0.8	17	pos	6.175945409181636e-06	3.7391153607267135e-08	1.350332115768463e-05	1.5540872186417677e-07	5.111580359281438e-06	4.12092703244144e-08	-1.0643650499001988e-06	5.56444276523077e-08	0.8276595760840386	0.0083445870522926
Standard	1	1	KCl	0.8	18	neg	4.9271978043912175e-06	4.024194355606657e-08	6.290753233532935e-06	5.695084853383102e-08	6.403133453093813e-06	4.276866115103783e-08	1.4759356487025957e-06	5.872454680814439e-08	1.2995486902082989	0.0137112188819631
Standard	1	1	KCl	0.8	19	pos	5.885679680638722e-06	4.0773203174362056e-08	1.3097486626746506e-05	1.4727578986648956e-07	4.89179245508982e-06	4.531943189141358e-08	-9.938872255489024e-07	6.09615042798181e-08	0.8311346727178595	0.0096145934922975
Standard	1	1	KCl	0.8	20	neg	4.759995668662674e-06	4.125599304103585e-08	6.064754870259482e-06	5.6652230168221296e-08	6.138683473053892e-06	5.053097098526572e-08	1.3786878043912183e-06	6.52337028729457e-08	1.289640558597097	0.0154153640363609
Standard	1	1	KCl	0.8	21	pos	5.6750758483033925e-06	3.698271078664924e-08	1.2725554291417167e-05	1.337151719385162e-07	4.762327704590819e-06	4.2150766438115394e-08	-9.127481437125736e-07	5.60750212523321e-08	0.8391654723019346	0.0092233881342188
Standard	1	1	KCl	0.8	22	neg	4.59686259481038e-06	3.773061585044025e-08	5.910354051896208e-06	5.337865751542749e-08	5.923131217564871e-06	5.4093324755597816e-08	1.3262686227544914e-06	6.595215808120356e-08	1.2885160466296688	0.0158216596589034
Standard	1	1	KCl	0.8	23	pos	5.378718862275449e-06	3.9088089123197055e-08	1.22550500998004e-05	1.371553340741439e-07	4.484220618762475e-06	3.9271516586660664e-08	-8.944982435129743e-07	5.54087603752273e-08	0.8336967842311506	0.0094876511349098
Standard	1	1	KCl	0.8	24	neg	4.360180658682634e-06	3.752145235682213e-08	5.704938143712575e-06	5.1636236721388853e-08	5.628106347305389e-06	4.4009956973747926e-08	1.267925688622755e-06	5.783369000674621e-08	1.2907965948837177	0.015008895647468
Standard	1	1	KCl	0.8	25	pos	5.078434890219561e-06	4.5347015216416644e-08	1.175160638722555e-05	1.195571643989675e-07	4.266954630738523e-06	4.048575809483344e-08	-8.114802594810379e-07	6.079019984793019e-08	0.8402105615169254	0.0109472383868629
Standard	1	1	KCl	0.8	26	neg	4.283944131736527e-06	4.3087479279885975e-08	5.589678103792415e-06	6.154407322721832e-08	5.419002315369262e-06	5.156173935999777e-08	1.1350581836327344e-06	6.719482001257944e-08	1.2649563460045945	0.0175138826590013
Standard	1	1	KCl	0.8	27	pos	4.876516566866268e-06	3.43811856658554e-08	1.1359030538922158e-05	1.2918455652866953e-07	4.214798463073852e-06	4.2365490883892095e-08	-6.617181037924163e-07	5.4560981897535214e-08	0.8643051664607289	0.0106116934694968
Standard	1	1	KCl	0.8	28	neg	4.033034191616767e-06	3.998914429186009e-08	5.37612508982036e-06	6.224259906721377e-08	5.060469980039921e-06	6.234371103647582e-08	1.0274357884231534e-06	7.406665894310885e-08	1.254755040400804	0.0198430420942692
Standard	1	1	KCl	0.8	29	pos	4.613565808383234e-06	3.914247089792879e-08	1.0875695608782437e-05	1.0614693260136485e-07	4.01430760479042e-06	3.8390255938864163e-08	-5.992582035928142e-07	5.482649705249002e-08	0.8701095359897301	0.0111237863274023
Standard	1	1	KCl	0.8	30	neg	3.8052988822355296e-06	3.8781451498726855e-08	5.247636147704591e-06	5.2156106619744376e-08	4.820695668662675e-06	4.7370565132812183e-08	1.0153967864271452e-06	6.122067805366177e-08	1.2668375909097112	0.0179348332781861
Standard	1	1	KCl	0.8	31	pos	4.340479401197605e-06	4.485587677931093e-08	1.0393357884231536e-05	7.975024089439857e-08	3.7869769261477046e-06	3.870997595107149e-08	-5.535024750499e-07	5.9249573161106054e-08	0.8724789536157733	0.0126820335951218
Standard	1	1	KCl	0.8	32	neg	3.666721756487026e-06	3.4226586170820254e-08	4.997462614770459e-06	5.3015846160834735e-08	4.550867644710578e-06	3.6878183388576943e-08	8.841458882235525e-07	5.031361258099141e-08	1.241127073975372	0.0153417681546777
Standard	1	1	KCl	0.8	33	pos	4.226052854291417e-06	4.054142186994351e-08	1.0049652075848306e-05	8.183971077956124e-08	3.744313652694611e-06	3.998518480176296e-08	-4.817392015968061e-07	5.694226805166677e-08	0.8860072937545929	0.0127187209036703
Standard	1	1	KCl	0.8	34	neg	3.5600279441117765e-06	4.389689545702376e-08	4.895575289421158e-06	3.9395129670634e-08	4.3084526746507e-06	3.577175911849925e-08	7.48424730538923e-07	5.662646184600276e-08	1.2102300156876027	0.0179903749661375
Standard	1	1	KCl	0.8	35	pos	3.95648760479042e-06	4.29598843603134e-08	9.58064369261477e-06	7.578636825800111e-08	3.453476487025948e-06	4.1540290249760244e-08	-5.030111177644715e-07	5.97590777897871e-08	0.8728642250375213	0.0141442762491902
Standard	1	1	KCl	0.8	36	neg	3.4283977844311377e-06	3.885133629724257e-08	4.821314331337326e-06	3.913162418558677e-08	4.173776746506986e-06	4.868568623726705e-08	7.453789620758486e-07	6.228741748118197e-08	1.2174132084266085	0.0197987232089823
Standard	1	1	KCl	0.8	37	pos	3.781932614770459e-06	4.148255588737632e-08	9.22786998003992e-06	6.616050487564015e-08	3.401128602794411e-06	5.3303341835610136e-08	-3.80804011976048e-07	6.754293962949203e-08	0.8993096782082246	0.0172031602587077
Standard	1	1	KCl	0.8	38	neg	3.3340292015968064e-06	4.2062396857065513e-08	4.707719600798403e-06	4.98241703577724e-08	4.000577924151697e-06	3.6583777903358094e-08	6.665487225548907e-07	5.574601362468447e-08	1.199922880770106	0.0186968525302635
Standard	1	1	KCl	0.8	39	pos	3.642998423153692e-06	4.770389146504282e-08	8.86053491017964e-06	6.554952803981045e-08	3.217223213572855e-06	4.1544435986691363e-08	-4.257752095808373e-07	6.325821229185094e-08	0.8831250634436867	0.0162413310462382
Standard	1	1	KCl	0.8	40	neg	3.194666546906188e-06	4.433481647928968e-08	4.549273532934132e-06	4.688440981492049e-08	3.889077944111776e-06	4.72685610989468e-08	6.944113972055891e-07	6.480658007191216e-08	1.2173658461719823	0.0224575581688509
Standard	1	1	KCl	0.8	41	pos	3.424542834331338e-06	4.0253983807202185e-08	8.491626966067864e-06	5.844078486106127e-08	3.065130718562875e-06	4.101004049598865e-08	-3.594121157684629e-07	5.746482953801503e-08	0.8950481471087687	0.0159404459717878
Standard	1	1	KCl	0.8	42	neg	3.0017663672654685e-06	3.734318715879581e-08	4.39718109780439e-06	5.043412899408909e-08	3.662557405189621e-06	4.013277376476111e-08	6.60791037924152e-07	5.481927724104313e-08	1.2201340667715308	0.0202274628521748
Standard	1	1	KCl	0.8	43	pos	3.258720419161677e-06	4.172608316178207e-08	8.177138542914172e-06	7.07711747145167e-08	2.9276713173652694e-06	3.535940855078143e-08	-3.310491017964075e-07	5.4693270052951006e-08	0.8984113212505749	0.0158136577442677
Standard	1	1	KCl	0.8	44	neg	2.8718962874251497e-06	3.777389077907147e-08	4.238401776447106e-06	3.8914233435054695e-08	3.441222894211577e-06	4.274470843749877e-08	5.693266067864273e-07	5.704364052193725e-08	1.198240656976115	0.0216775745886425
Standard	1	1	KCl	0.8	45	pos	3.132848403193613e-06	3.786910768218746e-08	7.804615548902194e-06	8.628909934370666e-08	2.761134630738523e-06	3.693654093324626e-08	-3.717137724550898e-07	5.2899691613075474e-08	0.881349582036537	0.0158903723757119
Standard	1	1	KCl	0.8	46	neg	2.868541337325349e-06	3.473435526978992e-08	4.197999241516966e-06	4.909679107460647e-08	3.3699581437125747e-06	4.153754673481935e-08	5.014168063872255e-07	5.4146497806924544e-08	1.174798529086128	0.0202987789640776
Standard	1	1	KCl	0.8	47	pos	3.0896147105788422e-06	4.2019570166364984e-08	7.563580079840319e-06	8.13479077567064e-08	2.6995787425149703e-06	3.893636216463432e-08	-3.900359680638719e-07	5.728598934802153e-08	0.8737590267393573	0.0173214583649259
Standard	1	1	KCl	0.8	48	neg	2.614229021956088e-06	4.3379483593532046e-08	4.0136653892215575e-06	4.367435715037147e-08	3.1626396007984028e-06	4.574163741975493e-08	5.484105788423147e-07	6.304028069958e-08	1.2097790875383858	0.0266296966591893
Standard	1	1	KCl	0.8	49	pos	2.8530989221556884e-06	4.1629977170735126e-08	7.220727844311378e-06	5.5350334872914016e-08	2.5591692015968067e-06	4.131270519539094e-08	-2.9392972055888174e-07	5.86497622313783e-08	0.8969787839193462	0.0195182747373127
Standard	1	1	KCl	0.8	50	neg	2.579774670658683e-06	4.093151476480334e-08	3.917702375249501e-06	4.5685491326535055e-08	2.977995828343313e-06	4.957306111551389e-08	3.982211576846299e-07	6.428745825823097e-08	1.154362767498199	0.0265464346538527
Standard	1	1	KCl	0.8	51	pos	2.7822642914171656e-06	3.8876341583884966e-08	6.8749736127744505e-06	8.519621596480535e-08	2.4834079441117764e-06	3.819864687609852e-08	-2.988563473053892e-07	5.4502353693320215e-08	0.8925852054287896	0.0185484750934421
Standard	1	1	KCl	0.8	52	neg	2.371098383233533e-06	4.1255479151027243e-08	3.739959321357285e-06	4.4675495734669934e-08	2.8245463872255484e-06	4.2516027781552576e-08	4.534480039920153e-07	5.9242106464090175e-08	1.191239641171547	0.0274065106853266
Standard	1	1	KCl	0.8	53	pos	2.617322135728543e-06	4.017147140981448e-08	5.524363592814371e-06	3.2443580294268645e-07	2.0532075049900195e-06	3.682717455307263e-08	-5.641146307385235e-07	5.449759536706204e-08	0.7844687808818384	0.018518871842066
Standard	1	1	KCl	0.8	54	neg	2.0811654291417166e-06	4.1808034678342296e-08	3.125305648702595e-06	4.239142598956008e-08	2.440815928143712e-06	4.534881112649838e-08	3.596504990019955e-07	6.168003270307414e-08	1.1728120667227868	0.0320920287359172
Standard	1	1	KCl	0.8	55	pos	2.204039061876248e-06	4.362359129322303e-08	-7.987728942115768e-08	4.7680950723294363e-08	-1.3969606846307388e-07	3.815942728936905e-08	-2.343735130339322e-06	5.795825746492735e-08	-0.0633818478444541	0.017358797098864
Standard	1	1	KCl	0.8	56	neg	-1.5268777025948106e-07	3.5127885704531315e-08	-1.4469287285429146e-07	3.420089664367792e-08	-1.7569693473053893e-07	3.746583687837112e-08	-2.3009164471057872e-08	5.135812776053396e-08	1.150694220185124	0.3609606175577236
Standard	1	1	KCl	0.8	57	pos	-1.487379273453094e-07	4.161419777190404e-08	-5.784383552894213e-08	4.064688543285029e-08	-1.3681695708582837e-07	3.712371599523322e-08	1.1920970259481041e-08	5.576658269513993e-08	0.9198525186396784	0.3585096042736684
Standard	1	1	KCl	0.8	58	neg	-1.5049870518962078e-07	3.862633759249633e-08	-1.061937153692615e-07	3.7552882830354095e-08	-1.1882847305389225e-07	3.921058777289488e-08	3.1670232135728526e-08	5.5040568213867386e-08	0.7895647534254489	0.330068766590583
Standard	1	1	KCl	0.8	59	pos	-1.7481653353293412e-07	3.634496723302903e-08	-1.289172409181637e-07	3.714951841927732e-08	-1.8402495928143722e-07	3.4686855599959175e-08	-9.208425748503024e-09	5.0240766261895055e-08	1.0526747989014908	0.2954104886320253
Standard	1	1	KCl	0.8	60	neg	-1.2998797984031938e-07	3.4597042663644764e-08	-1.363648419161677e-07	3.48670946089719e-08	-1.4940417345309388e-07	4.239140930241729e-08	-1.941619361277445e-08	5.47173367746926e-08	1.1493691465674427	0.4471403947359851
Standard	1	1	KCl	0.8	61	pos	-1.3415198802395214e-07	3.65209716946722e-08	-8.26136397205589e-08	3.9868471937832727e-08	-1.1999438043912177e-07	3.698496967301089e-08	1.4157607584830369e-08	5.197758512317193e-08	0.8944659129292769	0.3678348366332613
Standard	1	1	KCl	0.8	62	neg	-2.7189707584830336e-07	3.807824451051067e-08	-2.582154331337326e-07	3.9867525990485336e-08	-2.041311640718563e-07	4.104799833581156e-08	6.776591177644709e-08	5.5990096199051364e-08	0.7507663090343238	0.1839741594127319
Standard	1	1	KCl	0.8	63	pos	-1.988250005988024e-07	4.495084589447253e-08	-1.1045289141716569e-07	4.030504417791082e-08	-1.643708117764471e-07	4.3250508512022784e-08	3.4454188822355297e-08	6.237936384075405e-08	0.8267109834347319	0.2867977652621393
Standard	1	1	KCl	0.8	64	neg	-1.310111540918164e-07	3.934616758339507e-08	-1.303687127744511e-07	4.094964211554961e-08	-1.422896616766467e-07	3.975226038143557e-08	-1.1278507584830316e-08	5.5931771909479694e-08	1.0860881477078357	0.4454907295530017
Standard	1	1	KCl	0.8	65	pos	-1.942803103792416e-07	4.15789879744302e-08	-1.5199775249501e-07	4.04182787300016e-08	-1.746975526946108e-07	3.7193674091196944e-08	1.958275768463078e-08	5.578693066821284e-08	0.8992035906963264	0.2714498905706494
Standard	1	1	KCl	0.8	66	neg	-1.247532622754491e-07	4.3240772681907577e-08	-1.34961001996008e-07	3.866236058631176e-08	-1.4431216946107786e-07	3.654662187130364e-08	-1.9558907185628733e-08	5.6616428643393375e-08	1.1567807272441792	0.4965713190730943
Standard	1	1	KCl	0.8	67	pos	-1.845960371257485e-07	3.6963270497800136e-08	-1.5413924790419165e-07	4.331284301437789e-08	-1.955652161676647e-07	3.830599739785815e-08	-1.0969179041916178e-08	5.3231877691269326e-08	1.0594226139017484	0.2967553615545835
Standard	1	1	KCl	0.8	68	neg	-2.4600903393213573e-07	3.599189696468982e-08	-2.810578662674651e-07	3.974611540651571e-08	-2.43011001996008e-07	3.5381727699110403e-08	2.998031936127755e-09	5.0470618205950734e-08	0.9878133258433316	0.2038899451045943
Standard	1	1	KCl	0.8	69	pos	-2.0774791796407186e-07	3.718338386532988e-08	-1.535919640718563e-07	4.177200238955309e-08	-1.705573401197605e-07	3.9546977668632594e-08	3.7190577844311364e-08	5.428229433618113e-08	0.8209821874087656	0.2404766863834281
Standard	1	1	KCl	0.8	70	neg	-1.713901483033933e-07	4.1363205491766e-08	-1.590884674650699e-07	4.5659822715637454e-08	-1.836204489021956e-07	3.725968838532746e-08	-1.2230300598802372e-08	5.5670451292636096e-08	1.0713594142946443	0.3378096532744496
Standard	1	1	KCl	0.8	71	pos	-1.4876176966067866e-07	5.48701328450759e-08	-1.2201690878243518e-07	3.892950581978663e-08	-1.3462789401197606e-07	4.0502707253917255e-08	1.41338756487026e-08	6.819971241385699e-08	0.9049898661400604	0.4307575124614318
Standard	1	1	KCl	0.8	72	neg	-1.4702472534930142e-07	3.846367903769757e-08	-1.6191999820359284e-07	4.078930257436304e-08	-1.677496271457086e-07	4.272772532030155e-08	-2.072490179640717e-08	5.7490113203594884e-08	1.140962016743571	0.416598906020854
Standard	1	1	KCl	0.8	73	pos	-1.9287643393213575e-07	4.379336557319491e-08	-1.5497203453093813e-07	3.60163477000979e-08	-2.201923233532935e-07	3.760983165911858e-08	-2.731588942115767e-08	5.7726582313997526e-08	1.141623778832249	0.3243651970577976
Standard	1	1	KCl	0.8	74	neg	-1.365314153692615e-07	3.4435454751556634e-08	-1.4576361576846308e-07	3.523471613955769e-08	-1.2358733433133737e-07	4.0518650687069175e-08	1.2944081037924144e-08	5.317482108523954e-08	0.90519338715624	0.374428065926003
Standard	1	1	KCl	0.8	75	pos	-1.6729751756487025e-07	4.1393140877850895e-08	-1.1913780858283437e-07	4.1140120208968026e-08	-1.630621255489022e-07	3.949878850861508e-08	4.235392015968057e-09	5.72149141866167e-08	0.9746834736246116	0.3374909929395038
Standard	1	1	KCl	0.8	76	neg	-1.962076429141717e-07	4.371728473593546e-08	-1.98634682235529e-07	4.1556086868332735e-08	-2.1626625449101802e-07	3.902693150466231e-08	-2.0058611576846298e-08	5.860292115033567e-08	1.102231550611006	0.3160347974071257
Standard	1	1	KCl	0.8	77	pos	-3.471583033932136e-08	3.703604871424157e-08	-1.9915801596806392e-08	3.4733330266122694e-08	-1.0164902035928144e-07	3.90412652665959e-08	-6.69331900199601e-08	5.3813467626425843e-08	2.928030796490768	3.319995476790216
Standard	1	1	KCl	0.8	78	neg	-1.1832881616766469e-07	4.411797738339374e-08	-1.2239762315369266e-07	4.1227017301056055e-08	-1.245866868263473e-07	3.936456670479813e-08	-6.257870658682618e-09	5.912668636291183e-08	1.05288543282488	0.5145614227601979
Standard	1	1	KCl	0.8	79	pos	-1.4514498243512978e-07	4.0279938603452286e-08	-8.920463612774453e-08	3.785937642892541e-08	-1.6322867784431138e-07	3.591624501539951e-08	-1.8083695409181603e-08	5.396712063751498e-08	1.1245905652802282	0.3982871886208973
Standard	1	1	KCl	0.8	80	neg	-1.648942944111777e-07	3.7135015855088174e-08	-1.4312246307385234e-07	3.987015215945399e-08	-1.5689938423153693e-07	3.874557892598091e-08	7.994910179640737e-09	5.366776769036576e-08	0.951514937444077	0.318010051033211
Standard	1	1	KCl	0.8	81	pos	-1.110953261477046e-07	3.7963607446597286e-08	-5.793901297405189e-08	3.628432093698893e-08	-1.7495930838323352e-07	3.302616095618456e-08	-6.386398223552893e-08	5.0318612837230974e-08	1.5748575070621769	0.6148107465599068
Standard	1	1	KCl	0.8	82	neg	-1.0374289740518965e-07	3.2658451922145554e-08	-1.1264195249501001e-07	3.336134180793958e-08	-1.525212151696607e-07	3.43680823160852e-08	-4.877831776447107e-08	4.74103318279497e-08	1.470184648631483	0.5691631422530553
Standard	1	1	KCl	0.8	83	pos	-1.7119979500998008e-07	3.538588721915154e-08	-1.3048766087824352e-07	3.4916550391040995e-08	-1.2396805009980042e-07	4.313390150101469e-08	4.72317449101796e-08	5.5791526892403204e-08	0.7241133092044517	0.2930530703872422
Standard	1	1	KCl	0.8	84	neg	-1.4823822275449104e-07	3.761115039075673e-08	-1.2208828363273456e-07	3.6911717289874374e-08	-1.0912040339321361e-07	3.5576174594847723e-08	3.911781936127743e-08	5.177125488646388e-08	0.7361151622408242	0.3041036095763992
Standard	1	1	KCl	0.8	85	pos	-2.437485768463075e-07	3.5538803245925155e-08	-1.7341267125748506e-07	3.3625431112337176e-08	-2.408932854291417e-07	3.770623854420335e-08	2.8552914171657166e-09	5.181473691243589e-08	0.988285915535966	0.2114067383144713
Standard	1	1	KCl	0.8	86	neg	-1.7614903053892217e-07	3.4090523640018255e-08	-2.194309341317365e-07	3.347609288142289e-08	-1.5944537365269464e-07	3.630501178611e-08	1.6703656886227555e-08	4.9801783932307386e-08	0.905173154600265	0.270493902630207
Standard	1	1	KCl	0.8	87	pos	-1.7981336626746505e-07	3.5405442904093785e-08	-1.663457443113773e-07	3.5921325766780224e-08	-1.8773688343313375e-07	3.652691412090959e-08	-7.923517165668693e-09	5.087003875004765e-08	1.0440652290213108	0.2890106346485531
Standard	1	1	KCl	0.8	88	neg	-2.920269520958084e-07	3.4141507526026155e-08	-2.802488463073852e-07	3.748249031863189e-08	-2.9490608383233535e-07	3.563835708083305e-08	-2.8791317365269722e-09	4.935316637836589e-08	1.0098591301791295	0.1698015151821779
Standard	1	1	KCl	0.8	89	pos	-2.13577502994012e-07	3.87181896943864e-08	-2.050829391217565e-07	4.084289593518833e-08	-2.4355822155688626e-07	3.923718302147621e-08	-2.9980718562874296e-08	5.51239942735585e-08	1.1403739539164612	0.2765660689283823
Standard	1	1	KCl	0.8	90	neg	-1.5532895908183636e-07	4.084753253479655e-08	-1.4433596806387226e-07	3.965285174571449e-08	-1.5209291896207588e-07	3.678842592990651e-08	3.236040119760482e-09	5.497189460607556e-08	0.9791665370135164	0.3498545064051732
Standard	1	1	KCl	0.8	91	pos	-1.959934890219561e-07	4.143114208839313e-08	-1.6498948063872257e-07	4.2846663559122506e-08	-1.827400644710579e-07	3.74199481331946e-08	1.3253424550898181e-08	5.58282370583166e-08	0.9323782406393436	0.2744064537164055
Standard	1	1	KCl	0.8	92	neg	-1.8040819720558888e-07	4.060848918611168e-08	-1.739599457085829e-07	4.106405134231652e-08	-1.489520784431138e-07	4.3459171863178603e-08	3.145611876247504e-08	5.9478979589531e-08	0.8256391935083282	0.304250006077431
Standard	1	1	KCl	0.8	93	pos	-1.3950570918163677e-07	3.6869057853944073e-08	-1.833111359281437e-07	3.643883646848391e-08	-2.149575924151697e-07	3.591145468266334e-08	-7.545188323353293e-08	5.14680483840456e-08	1.5408515800259788	0.4817615041619463
Standard	1	1	KCl	0.8	94	neg	-2.6380704990019964e-07	3.863750527950143e-08	-2.060347361277445e-07	3.5402435400114314e-08	-2.4246368662674656e-07	4.133067017907651e-08	2.134336327345308e-08	5.65780974554209e-08	0.9190947956791624	0.2065571032473815
Standard	1	1	KCl	0.8	95	pos	-1.3046389760479044e-07	4.4681886316624905e-08	-9.51293900199601e-08	3.7906997834054046e-08	-1.2132686127744512e-07	3.6646700593298405e-08	9.137036327345317e-09	5.7787988623819136e-08	0.929965021012757	0.4246688820878788
Standard	1	1	KCl	0.8	96	neg	-1.1209470958083837e-07	4.282436398734799e-08	-1.543771824351298e-07	3.918990597778421e-08	-2.0315557724550898e-07	4.6482882996259945e-08	-9.106086766467065e-08	6.32027259108724e-08	1.8123565153536625	0.8070665157309408
Standard	1	1	KCl	0.8	97	pos	-1.1894744271457089e-07	3.6050743188320184e-08	-1.323436241516966e-07	3.833954862592306e-08	-9.598599740518964e-08	4.35093980270016e-08	2.2961445309381248e-08	5.6504192774538987e-08	0.8069614210666127	0.4400191194948935
Standard	1	1	KCl	0.8	98	neg	-1.3729283692614773e-07	3.6067948255282494e-08	-1.1854295009980045e-07	3.970380465307103e-08	-1.5766079321357286e-07	3.760502092051162e-08	-2.0367956287425133e-08	5.21059928393832e-08	1.1483541074934698	0.4074742700084502
Standard	1	1	KCl	0.8	99	pos	-1.4159960698602798e-07	3.5281104589718456e-08	-1.5823186766467065e-07	3.6655928559809175e-08	-1.7084287984031937e-07	4.0154385809709655e-08	-2.9243272854291414e-08	5.3452137850844326e-08	1.2065208617222851	0.4132639166661391
Standard	1	1	KCl	0.8	100	neg	-1.4159960698602798e-07	3.5281104589718456e-08	-1.5823186766467065e-07	3.6655928559809175e-08	-1.7084287984031937e-07	4.0154385809709655e-08	-2.9243272854291414e-08	5.3452137850844326e-08	1.2065208617222851	0.4132639166661391
Standard	1	2	MgCl2	0.8	1	pos	7.311098942115768e-06	4.334045752271935e-08	7.621875229540917e-06	3.739803113797843e-08	8.619211876247505e-06	4.3557843129253567e-08	1.3081129341317373e-06	6.14465699315373e-08	1.178921519800029	0.009183506694225
Standard	1	2	MgCl2	0.8	2	neg	8.102281576846307e-06	4.063890937154423e-08	1.5740764271457087e-05	2.722413500203783e-07	6.2959638722554895e-06	4.375288966657694e-08	-1.8063177045908167e-06	5.971462391311062e-08	0.7770606109576977	0.0066596928310338
Standard	1	2	MgCl2	0.8	3	pos	5.9558243912175645e-06	3.767216302097138e-08	7.029851117764472e-06	4.0107298671789294e-08	7.614094690618763e-06	4.0607904567387976e-08	1.6582702994011986e-06	5.5391278916745855e-08	1.278428340138181	0.0105772135207799
Standard	1	2	MgCl2	0.8	4	neg	7.150559201596805e-06	3.737149175723758e-08	1.4507913972055889e-05	1.585598183790305e-07	5.900336526946108e-06	3.3988951179960926e-08	-1.2502226746506977e-06	5.0516108306905867e-08	0.8251573563125653	0.0064181363228006
Standard	1	2	MgCl2	0.8	5	pos	5.7229508982035925e-06	4.0141162332344336e-08	6.621493293413174e-06	4.621313453696624e-08	7.21158996007984e-06	3.4014059199078344e-08	1.4886390618762477e-06	5.261434344919669e-08	1.2601173919460893	0.0106510329433014
Standard	1	2	MgCl2	0.8	6	neg	6.778892355289421e-06	3.821855800055148e-08	1.387080259481038e-05	9.3064866481683e-08	5.72702007984032e-06	3.613405167419795e-08	-1.0518722754491017e-06	5.259589210228423e-08	0.8448312467112199	0.0071483987259604
Standard	1	2	MgCl2	0.8	7	pos	5.579946327345309e-06	4.3399498348306026e-08	6.436992195608782e-06	4.221591505072055e-08	6.940431556886228e-06	4.374723641067224e-08	1.360485229540919e-06	6.162253768270065e-08	1.2438169024805257	0.0124521219565994
Standard	1	2	MgCl2	0.8	8	neg	6.429401536926148e-06	3.477859849150229e-08	1.3302158283433134e-05	9.449143070272293e-08	5.547562235528942e-06	4.569856036892628e-08	-8.818393013972058e-07	5.7427426660312097e-08	0.8628427084025604	0.0085032055950304
Standard	1	2	MgCl2	0.8	9	pos	5.314545429141716e-06	4.0430629800504816e-08	6.17696884231537e-06	4.1699220648077824e-08	6.565362215568862e-06	4.517937143521855e-08	1.2508167864271457e-06	6.062847045198246e-08	1.2353572479724102	0.01267246483796
Standard	1	2	MgCl2	0.8	10	neg	6.073486746506986e-06	4.3576350797119385e-08	1.2719940918163672e-05	8.969537280348004e-08	5.304241996007984e-06	4.2898620458098464e-08	-7.692447504990016e-07	6.114891647446904e-08	0.8733438002575022	0.0094421282696056
Standard	1	2	MgCl2	0.8	11	pos	5.143345429141716e-06	3.8169656913122335e-08	5.897838203592814e-06	4.489769406068045e-08	6.23633626746507e-06	4.162788931281918e-08	1.0929908383233535e-06	5.647834874981558e-08	1.2125058200700598	0.0121026166012034
Standard	1	2	MgCl2	0.8	12	neg	5.6863071057884224e-06	4.0352611833768434e-08	1.221612235528942e-05	7.244927618162596e-08	5.099469161676647e-06	4.005015259016882e-08	-5.868379441117758e-07	5.6853742218983214e-08	0.8967980565955717	0.0094925827231951
Standard	1	2	MgCl2	0.8	13	pos	4.988944610778443e-06	4.102998828781464e-08	5.738274550898204e-06	4.2741264970142096e-08	5.9302935129740514e-06	5.507597592448389e-08	9.413489021956082e-07	6.867913120397297e-08	1.1886869820446304	0.0147459355945712
Standard	1	2	MgCl2	0.8	14	neg	5.460190179640719e-06	4.4745840747131576e-08	1.1772476846307386e-05	6.468755539386483e-08	4.938548143712575e-06	4.107527436241064e-08	-5.216420359281443e-07	6.074017145279529e-08	0.9044644932198188	0.0105607170758024
Standard	1	2	MgCl2	0.8	15	pos	4.79830491017964e-06	4.1162436169910007e-08	5.620111596806387e-06	4.232850330268145e-08	5.704081696606786e-06	4.481211923705212e-08	9.057767864271462e-07	6.084794312018849e-08	1.1887701601675071	0.0138281301344845
Standard	1	2	MgCl2	0.8	16	neg	5.191577085828343e-06	4.539177504670438e-08	1.1325669461077844e-05	6.066238839271791e-08	4.75616487025948e-06	3.6895538633188905e-08	-4.354122155688623e-07	5.8495247780685146e-08	0.916131031405192	0.0107082995728813
Standard	1	2	MgCl2	0.8	17	pos	4.471895469061877e-06	3.7174630107501353e-08	5.264458443113773e-06	4.106896700394667e-08	5.293844191616766e-06	4.9222768889968024e-08	8.219487225548888e-07	6.168333730291149e-08	1.183803205652148	0.0147648318750065
Standard	1	2	MgCl2	0.8	18	neg	4.962057285429142e-06	3.740752971015819e-08	1.0992429740518963e-05	7.322554345126119e-08	4.6426893013972064e-06	3.804287797355739e-08	-3.1936798403193544e-07	5.3353386429797936e-08	0.935637989313476	0.0104178258253169
Standard	1	2	MgCl2	0.8	19	pos	4.458689580838324e-06	3.745811107923029e-08	5.240807784431138e-06	3.618297053700041e-08	5.172207824351298e-06	3.7819529059165763e-08	7.135182435129744e-07	5.3229943301501264e-08	1.1600286879309545	0.0129199081627063
Standard	1	2	MgCl2	0.8	20	neg	4.750835089820359e-06	4.01530969545553e-08	1.0590132135728542e-05	4.916413515185164e-08	4.472775489021956e-06	3.9209133930888776e-08	-2.78059600798403e-07	5.612154112862808e-08	0.9414714264879024	0.0114642737455889
Standard	1	2	MgCl2	0.8	21	pos	4.227861357285429e-06	3.3937012999881014e-08	5.035770798403194e-06	3.6761461866488294e-08	4.9153718562874245e-06	3.6075669484394944e-08	6.875104990019955e-07	4.952953442241706e-08	1.162614248884316	0.0126452019634927
Standard	1	2	MgCl2	0.8	22	neg	4.470205608782435e-06	4.554302237970863e-08	1.0128625668662676e-05	8.303981812481292e-08	4.239591477045909e-06	3.948949505139277e-08	-2.3061413173652615e-07	6.027924275314526e-08	0.9484108446189928	0.0130920912544247
Standard	1	2	MgCl2	0.8	23	pos	4.052546067864271e-06	3.4849234107902354e-08	4.922200758483034e-06	3.522458218096488e-08	4.656561497005988e-06	4.211967298014661e-08	6.040154291417167e-07	5.4667503782977656e-08	1.149045913119018	0.0143407605055392
Standard	1	2	MgCl2	0.8	24	neg	4.257389121756487e-06	3.7099440082394046e-08	9.699614890219562e-06	5.609179498498789e-08	4.024348902195608e-06	3.8079003287801854e-08	-2.330402195608786e-07	5.3163699512163096e-08	0.9452621752684114	0.0121593341237196
Standard	1	2	MgCl2	0.8	25	pos	3.881320419161676e-06	3.749788663943546e-08	4.746266846307386e-06	3.5347760732956445e-08	4.429969401197605e-06	3.792720895136789e-08	5.486489820359296e-07	5.333446054161113e-08	1.1413562712646208	0.0147335144836719
Standard	1	2	MgCl2	0.8	26	neg	4.107200518962076e-06	3.710575885398554e-08	9.356834610778444e-06	5.685624610980055e-08	3.865521217564871e-06	3.684672033050671e-08	-2.41679301397205e-07	5.229262031343144e-08	0.9411571701256312	0.012360398873036
Standard	1	2	MgCl2	0.8	27	pos	3.739078782435129e-06	3.770036277696228e-08	4.641713892215568e-06	3.7686789863563e-08	4.2509649500998006e-06	4.2870236951147175e-08	5.118861676646714e-07	5.7089180846830043e-08	1.1369016801863956	0.0162129688077669
Standard	1	2	MgCl2	0.8	28	neg	3.93250255489022e-06	4.393728055148023e-08	8.7808474251497e-06	6.970045134973599e-08	3.7613023952095807e-06	3.7912093044983646e-08	-1.7120015968063882e-07	5.803284777874493e-08	0.9564653405074728	0.014392475627835
Standard	1	2	MgCl2	0.8	29	pos	3.664317964071856e-06	4.2645726804062174e-08	4.468682874251496e-06	4.362518081248666e-08	4.06496626746507e-06	4.309041038839516e-08	4.006483033932139e-07	6.0625419438442e-08	1.1093377559811994	0.0174633431333736
Standard	1	2	MgCl2	0.8	30	neg	3.740839740518962e-06	4.2917730780325993e-08	7.680814371257484e-06	2.087366260018925e-07	-1.1942334211576849e-07	4.3339902093577895e-08	-3.86026308263473e-06	6.099408765457075e-08	-0.0319242069694226	0.0115913956676544
Standard	1	2	MgCl2	0.8	31	pos	-2.365389421157685e-07	4.343707308475835e-08	-2.553601497005989e-07	4.631735538339319e-08	-1.7407890838323356e-07	4.182869698829695e-08	6.246003373253489e-08	6.030272970529113e-08	0.7359418572948327	0.2225655100549982
Standard	1	2	MgCl2	0.8	32	neg	-8.53023760479042e-08	3.9139291479940046e-08	1.1421237804391221e-07	3.732592110741802e-08	-1.652511994011976e-07	3.981494504506088e-08	-7.994882335329338e-08	5.5831120233190074e-08	1.937240286347893	1.0039598909870109
Standard	1	2	MgCl2	0.8	33	pos	-1.2411079241516968e-07	3.797261736938421e-08	-1.2361111017964074e-07	3.7114878128648594e-08	-8.278018582834331e-08	4.006005820272776e-08	4.133060658682637e-08	5.519717323457421e-08	0.6669862001318214	0.3818756811124705
Standard	1	2	MgCl2	0.8	34	neg	-1.1009598662674653e-07	4.13372867214698e-08	1.4181380638722556e-08	3.909986231663384e-08	-5.0253473053892215e-08	3.7616935672188586e-08	5.984251357285432e-08	5.5891011109646053e-08	0.4564514528968645	0.3822471599378825
Standard	1	2	MgCl2	0.8	35	pos	-1.5925502115768466e-07	3.87727933379166e-08	-1.7077149081836328e-07	3.7750079477787065e-08	-1.444311522954092e-07	4.026140050482926e-08	1.4823868862275464e-08	5.589552642059162e-08	0.906917416138498	0.3356584073993204
Standard	1	2	MgCl2	0.8	36	neg	-1.1671078942115769e-07	3.9107177957625534e-08	-4.7350577245508985e-08	3.5649755393869946e-08	-1.1966127065868265e-07	3.814058164466295e-08	-2.9504812375249603e-09	5.462669069239498e-08	1.0252802783029595	0.4741529260362126
Standard	1	2	MgCl2	0.8	37	pos	-4.8825817365269467e-08	3.637501371166096e-08	-5.698724091816368e-08	3.926253114936807e-08	-5.984254810379243e-08	3.8869488346900887e-08	-1.1016730738522956e-08	5.323512700157093e-08	1.225633309036201	1.2113986210789087
Standard	1	2	MgCl2	0.8	38	neg	-1.3712630698602796e-07	4.3726477894821183e-08	-5.175250878243513e-08	3.9725936617788166e-08	-1.2251659580838328e-07	4.1276180588111145e-08	1.4609711177644706e-08	6.01309234340256e-08	0.8934579986965352	0.4144588448192334
Standard	1	2	MgCl2	0.8	39	pos	-1.497134774451098e-07	3.672555492346535e-08	-1.810982425149701e-07	3.8868992129431504e-08	-2.5238588223552894e-07	4.102322357977374e-08	-1.0267240479041918e-07	5.506061439279963e-08	1.6857926657141635	0.496077639671962
Standard	1	2	MgCl2	0.8	40	neg	-1.441218341317366e-07	4.293848973251498e-08	-9.03229528942116e-08	3.868805055338378e-08	-1.1889985389221561e-07	4.094511014590785e-08	2.5221980239520992e-08	5.9331407748087526e-08	0.8249954256308834	0.3756688933497686
Standard	1	2	MgCl2	0.8	41	pos	-1.1851914411177649e-07	3.8054939200549366e-08	-1.1825744750499002e-07	4.8448912083553134e-08	-1.488807017964072e-07	4.411461439113637e-08	-3.036155768463075e-08	5.8260429113045204e-08	1.256174290762651	0.5488424915507184
Standard	1	2	MgCl2	0.8	42	neg	-1.836204359281437e-07	3.964704129124535e-08	-1.8768929301397208e-07	4.14510323057688e-08	-1.935188910179641e-07	4.063518881942372e-08	-9.898455089820393e-09	5.677240926312649e-08	1.0539071538512954	0.3174213345825645
Standard	1	2	MgCl2	0.8	43	pos	-1.918770864271457e-07	3.708704227618661e-08	-1.560903682634731e-07	3.8578999614788015e-08	-1.483572143712575e-07	4.1328929590951554e-08	4.351987205588821e-08	5.552953381696521e-08	0.7731888008815874	0.26216058183007
Standard	1	2	MgCl2	0.8	44	neg	-1.851433005988024e-07	3.847641462033044e-08	-1.674164864271457e-07	4.2998299399739655e-08	-2.2026371656686629e-07	3.729930157635009e-08	-3.512041596806388e-08	5.358798727437978e-08	1.1896931504109258	0.3189283089224758
Standard	1	2	MgCl2	0.8	45	pos	-2.398225568862276e-07	3.8753164544269976e-08	-2.058919395209581e-07	4.113359465215802e-08	-1.3938673053892217e-07	3.5884515777353986e-08	1.0043582634730536e-07	5.28157763814036e-08	0.5812077577216709	0.1766622466179538
Standard	1	2	MgCl2	0.8	46	neg	-1.1104774151696609e-07	3.54120437529532e-08	-1.0226765928143717e-07	3.798316130468741e-08	-1.1568761616766469e-07	3.5259672413556525e-08	-4.639874650698598e-09	4.9972565888419126e-08	1.0417827016318897	0.459547769064173
Standard	1	2	MgCl2	0.8	47	pos	-1.6936763113772456e-07	4.3762835501659455e-08	-1.4131406986027946e-07	3.4196188093839185e-08	-1.1361753453093813e-07	4.161333049064287e-08	5.575009660678644e-08	6.038919643171924e-08	0.6708338173458176	0.3006878233772943
Standard	1	2	MgCl2	0.8	48	neg	-1.4792889461077845e-07	3.3058362084040856e-08	-1.2568120918163673e-07	3.4526816142379465e-08	-1.616820369261477e-07	3.2276039023573125e-08	-1.3753142315369255e-08	4.6201709911330823e-08	1.0929713045686962	0.3275117653473728
Standard	1	2	MgCl2	0.8	49	pos	-2.421305868263473e-07	3.4915844850138524e-08	-2.0474983033932134e-07	3.4552425678744425e-08	-2.438675489021956e-07	3.768327852196653e-08	-1.7369620758482584e-09	5.137261626356057e-08	1.0071736582255673	0.2128734806289443
Standard	1	2	MgCl2	0.8	50	neg	-1.8616644391217565e-07	3.944532725034673e-08	-1.7412650499002e-07	3.700322926214568e-08	-1.6805892994011977e-07	4.228233718777738e-08	1.8107513972055883e-08	5.782499355769828e-08	0.9027348130439762	0.2969334824970617
Standard	1	2	MgCl2	0.8	51	pos	-1.650846359281437e-07	3.7358424554161153e-08	-1.5423442275449105e-07	4.447361415900988e-08	-1.0060207125748505e-07	4.103773490219528e-08	6.448256467065868e-08	5.549547342866629e-08	0.609396935649869	0.284276262826462
Standard	1	2	MgCl2	0.8	52	neg	-2.011330522954092e-07	4.25089108426256e-08	-1.931619409181637e-07	4.456340903267409e-08	-2.192405636726547e-07	3.572827352175244e-08	-1.810751137724552e-08	5.552942490132099e-08	1.0900275274033555	0.2909063608434393
Standard	1	2	MgCl2	0.8	53	pos	-1.769104377245509e-07	3.9433845378519146e-08	-1.9152018143712578e-07	3.8380441122859464e-08	-1.4300350000000001e-07	4.44701032906141e-08	3.3906937724550895e-08	5.9435833030376924e-08	0.808338399018921	0.3092772425136443
Standard	1	2	MgCl2	0.8	54	neg	-1.868088646706587e-07	4.454248706272492e-08	-1.3938675948103798e-07	4.042123002941279e-08	-1.71651882235529e-07	3.9724445960307926e-08	1.515698243512974e-08	5.96830357856103e-08	0.9188636874280496	0.3053205274773784
Standard	1	2	MgCl2	0.8	55	pos	-1.4074303053892218e-07	3.84669161299474e-08	-1.3441373512974053e-07	4.0720082021034326e-08	-1.483334167664671e-07	3.942084461149104e-08	-7.590386227544894e-09	5.507909427751811e-08	1.0539308141829855	0.4017779471766854
Standard	1	2	MgCl2	0.8	56	neg	-1.6591744471057886e-07	4.467942883024496e-08	-1.3705489820359285e-07	3.972825863894078e-08	-1.536395493013972e-07	3.859060824612256e-08	1.2277895409181674e-08	5.9038008142235193e-08	0.9259999728744688	0.3409957185687471
Standard	1	2	MgCl2	0.8	57	pos	-1.5528136307385237e-07	3.694603676485439e-08	-1.346754760479042e-07	4.151054208915007e-08	-1.8366803113772457e-07	3.963408285247577e-08	-2.838666806387225e-08	5.418367056768012e-08	1.182807952621922	0.3799312329003215
Standard	1	2	MgCl2	0.8	58	neg	-5.2894629740518973e-08	3.818144273465016e-08	-2.5983328742514968e-08	4.307341282777637e-08	-7.76168391217565e-08	4.0772957863199286e-08	-2.4722209381237537e-08	5.5859257623187176e-08	1.467385999344647	1.3100099358757034
Standard	1	2	MgCl2	0.8	59	pos	-2.105317934131737e-07	4.3892082782681273e-08	-2.472463133732535e-07	4.089495977006948e-08	-2.275209241516966e-07	4.066868379638367e-08	-1.698913073852296e-08	5.983691814199646e-08	1.0806962713948929	0.2967789973764934
Standard	1	2	MgCl2	0.8	60	neg	-1.482620369261477e-07	4.085003021515519e-08	-9.351138582834337e-08	3.5960279470443785e-08	-1.0500400998003997e-07	3.788378509735613e-08	4.325802694610776e-08	5.5712710774847024e-08	0.708232614073315	0.3215093221719413
Standard	1	2	MgCl2	0.8	61	pos	-8.568308802395212e-08	3.757777231610858e-08	-1.0112554870259485e-07	3.8031663828139634e-08	-6.895573912175649e-08	3.667579823584791e-08	1.6727348902195617e-08	5.250907681989773e-08	0.8047765400621462	0.5547890709501616
Standard	1	2	MgCl2	0.8	62	neg	-1.7933745988023953e-07	3.912199389134106e-08	-1.1621110379241521e-07	3.777377237006494e-08	-1.6013540678642717e-07	3.695506957526924e-08	1.9202053093812362e-08	5.3816424754410424e-08	0.8929278182782594	0.283558865338078
Standard	1	2	MgCl2	0.8	63	pos	-1.406954293413174e-07	3.7407650155683307e-08	-1.5766080159680638e-07	4.0774306909960815e-08	-1.701052656686627e-07	4.2229956842865314e-08	-2.9409836327345293e-08	5.6415437117160244e-08	1.2090319242425356	0.4397992187575995
Standard	1	2	MgCl2	0.8	64	neg	-1.363648810379242e-07	4.1485578573532013e-08	-7.518983113772456e-08	3.848316874275809e-08	-8.299433952095809e-08	3.917712161100604e-08	5.3370541516966096e-08	5.70604949794887e-08	0.6086196012437887	0.3417928119669419
Standard	1	2	MgCl2	0.8	65	pos	-1.7050975209580838e-07	4.07825663232708e-08	-1.727464281437126e-07	3.930383266061301e-08	-1.9758771137724557e-07	4.2101192424622026e-08	-2.707795928143713e-08	5.8615084402285334e-08	1.158805927218885	0.371195335053567
Standard	1	2	MgCl2	0.8	66	neg	-1.7871880718562877e-07	3.90817666606256e-08	-1.2687092375249505e-07	3.4273669919993914e-08	-1.9228160199600803e-07	3.7221566262001374e-08	-1.3562794810379204e-08	5.3970635352125936e-08	1.0758890181954497	0.3142119304604738
Standard	1	2	MgCl2	0.8	67	pos	-5.653514291417167e-08	4.13907537612178e-08	-4.6779514570858295e-08	3.716236760764425e-08	-8.292295928143714e-08	3.956964173809593e-08	-2.638781636726547e-08	5.726212573947137e-08	1.4667506794371408	1.281802583587099
Standard	1	2	MgCl2	0.8	68	neg	-1.1061946067864276e-07	4.102211714984237e-08	-9.974547524950105e-08	3.7819267998270215e-08	-9.72470650698603e-08	3.5082895104290826e-08	1.3372395608782455e-08	5.3977992037070674e-08	0.8791135345739011	0.45482583739772
Standard	1	2	MgCl2	0.8	69	pos	-2.040597872255489e-07	3.885591326941313e-08	-1.6092063193612776e-07	4.0563735022947946e-08	-1.3153464251497008e-07	4.38276808043858e-08	7.252514471057881e-08	5.857173038839882e-08	0.6445887467753938	0.2473756429184551
Standard	1	2	MgCl2	0.8	70	neg	-9.434418323353294e-08	3.85740892524202e-08	-8.111459580838325e-08	3.692338494170496e-08	-1.3427096187624753e-07	3.7185805958646664e-08	-3.9926778642714584e-08	5.357932928329545e-08	1.4232033949976826	0.7028235321344939
Standard	1	2	MgCl2	0.8	71	pos	-7.164448423153693e-08	4.3640800185358366e-08	-6.062775728542915e-08	4.094728555454103e-08	-1.0788313632734532e-07	4.718566184597906e-08	-3.623865209580839e-08	6.427290350265389e-08	1.5058121708112824	1.1291968919559534
Standard	1	2	MgCl2	0.8	72	neg	-5.52978508982036e-08	3.691099817922109e-08	-3.745217125748504e-08	3.3074649026607866e-08	-4.087853592814372e-08	3.857935588420451e-08	1.4419314970059876e-08	5.339277560706663e-08	0.7392427601462482	0.8545286984635383
Standard	1	2	MgCl2	0.8	73	pos	-1.157590025948104e-07	3.638143432280776e-08	-7.630815828343316e-08	3.5324359654113945e-08	-7.752165449101797e-08	3.789740119420495e-08	3.823734810379245e-08	5.2534005945285584e-08	0.6696814308461685	0.3892006619883204
Standard	1	2	MgCl2	0.8	74	neg	-1.486665371257485e-07	4.0203290475229264e-08	-1.0685996207584833e-07	3.614753198762528e-08	-1.5363954331337326e-07	3.7271842254028986e-08	-4.9730061876247556e-09	5.4822393144087394e-08	1.0334507434138889	0.3754449168756007
Standard	1	2	MgCl2	0.8	75	pos	-1.6320487524950105e-07	3.96273136438334e-08	-1.6344282734530936e-07	3.6723712127188726e-08	-1.607778518962076e-07	3.674742600328339e-08	2.427023353293422e-09	5.4043476058572814e-08	0.9851289776142832	0.3285004253964698
Standard	1	2	MgCl2	0.8	76	neg	-1.1406961876247508e-07	3.909218652031632e-08	-1.3598416287425154e-07	3.8351148734594443e-08	-1.633714506986028e-07	3.9423226109755936e-08	-4.9301831936127733e-08	5.5519274165285546e-08	1.4322082643125855	0.6002937580877884
Standard	1	2	MgCl2	0.8	77	pos	-2.2537945109780442e-07	4.047703921163328e-08	-2.572398922155689e-07	3.8621209558484334e-08	-1.8852205628742522e-07	4.61565365864956e-08	3.685739481037924e-08	6.139068799908179e-08	0.8364651496360916	0.253985159788664
Standard	1	2	MgCl2	0.8	78	neg	-1.1625870878243517e-07	4.26073260851418e-08	-9.296412035928145e-08	3.690725189655209e-08	-5.950942734530939e-08	3.956581716595611e-08	5.674928143712575e-08	5.814497505490456e-08	0.5118707060188882	0.3886039828905735
Standard	1	2	MgCl2	0.8	79	pos	-1.1906642115768465e-07	4.130195907379053e-08	-1.4490703233532938e-07	3.921201521883501e-08	-1.33818875249501e-07	3.8055710737102054e-08	-1.4752454091816325e-08	5.616127618777063e-08	1.1239010457220262	0.5041296301661375
Standard	1	2	MgCl2	0.8	80	neg	-1.340568285429142e-07	3.945385394798842e-08	-1.36697976247505e-07	3.616081756005378e-08	-1.4514498203592818e-07	4.051915611631311e-08	-1.1088153493013964e-08	5.65544746569832e-08	1.0827123363541638	0.439198003518204
Standard	1	2	MgCl2	0.8	81	pos	-1.416472199600799e-07	4.109551698040794e-08	-1.5647108063872258e-07	3.975631183479429e-08	-1.8228796546906186e-07	3.9405835839789855e-08	-4.0640745508981993e-08	5.693559004804873e-08	1.286915235755673	0.4656143942209151
Standard	1	2	MgCl2	0.8	82	neg	-2.166469640718563e-07	3.9197535522360406e-08	-1.9320954810379242e-07	4.2611073087596194e-08	-2.053684499001996e-07	3.993803443057636e-08	1.1278514171656696e-08	5.595974790154624e-08	0.9479405851820942	0.2517913615116423
Standard	1	2	MgCl2	0.8	83	pos	-1.7391235249501e-07	3.769480171043295e-08	-1.4842860000000004e-07	3.8687340642926135e-08	-2.0636784530938125e-07	3.897778069501292e-08	-3.24554928143713e-08	5.422329263238615e-08	1.1866198251518825	0.3411458328153859
Standard	1	2	MgCl2	0.8	84	neg	-1.8787964351297405e-07	3.931845768047445e-08	-1.7229433453093813e-07	3.849624362083845e-08	-1.876416972055889e-07	3.769090067317665e-08	2.37946307385207e-10	5.4465999558683664e-08	0.9987335173575164	0.2897070811553744
Standard	1	2	MgCl2	0.8	85	pos	-2.1881225748503e-07	3.5781669948167165e-08	-1.7681525868263473e-07	3.760655001448911e-08	-1.846436031936128e-07	4.023990290159547e-08	3.416865429141714e-08	5.38477268769017e-08	0.8438448801536871	0.2299159635065017
Standard	1	2	MgCl2	0.8	86	neg	-2.486263912175649e-07	3.7347379765582486e-08	-1.857619397205589e-07	3.87672134904174e-08	-1.846436075848304e-07	3.752812947246459e-08	6.398278363273453e-08	5.294513459286609e-08	0.7426548995084545	0.1876928034899375
Standard	1	2	MgCl2	0.8	87	pos	-1.2211204151696606e-07	3.161314125318509e-08	-1.0114932834331341e-07	3.4249075154436465e-08	-1.0369533393213573e-07	4.2567839267635934e-08	1.8416707584830343e-08	5.302274643781781e-08	0.8491818877479699	0.4121285013004224
Standard	1	2	MgCl2	0.8	88	neg	-1.788377896207585e-07	3.578279266162399e-08	-1.3750700459081837e-07	4.0053832829587234e-08	-1.4916620019960078e-07	3.4727349706555226e-08	2.9671589421157693e-08	4.9863785138175714e-08	0.8340865793293523	0.2560448465657919
Standard	1	2	MgCl2	0.8	89	pos	-2.1238778403193613e-07	3.880846063209289e-08	-1.846674007984032e-07	3.8091969328769513e-08	-1.963504253493014e-07	3.959063914518097e-08	1.6037358682634733e-08	5.543929404814458e-08	0.9244902019401302	0.2515631918969621
Standard	1	2	MgCl2	0.8	90	neg	-1.760062650698603e-07	3.821490745629301e-08	-1.9135363153692618e-07	3.4272150808186586e-08	-2.074861602794411e-07	4.13872895180707e-08	-3.147989520958081e-08	5.6331934864210415e-08	1.1788566742046702	0.3475738058713922
Standard	1	2	MgCl2	0.8	91	pos	-1.978256996007984e-07	3.3888896247120254e-08	-1.8157414730538922e-07	3.210772504568797e-08	-1.509983774451098e-07	3.780783459277283e-08	4.68273221556886e-08	5.077292236460839e-08	0.7632899959399431	0.2315664279340141
Standard	1	2	MgCl2	0.8	92	neg	-1.5078421856287428e-07	3.327712486352256e-08	-1.455494898203593e-07	4.421691374180552e-08	-1.3943432075848306e-07	3.889187499920317e-08	1.1349897804391194e-08	5.118539811446343e-08	0.9247275483298772	0.3289034862008292
Standard	1	2	MgCl2	0.8	93	pos	-1.152355141716567e-07	3.385766559764065e-08	-1.0319563293413177e-07	3.618522450133994e-08	-1.5406783832335334e-07	3.297230915499746e-08	-3.883232415169661e-08	4.72600750182899e-08	1.3369822613352629	0.4859832522344411
Standard	1	2	MgCl2	0.8	94	neg	-1.7945644790419165e-07	3.8033523669362266e-08	-1.6042094550898206e-07	3.968207966207624e-08	-2.048925568862276e-07	4.4815022682077193e-08	-2.543610898203593e-08	5.8778696657063034e-08	1.1417397328382193	0.3477302289419523
Standard	1	2	MgCl2	0.8	95	pos	-1.816217243512974e-07	3.9017137774661663e-08	-1.734126720558882e-07	3.7675388249104213e-08	-2.36705497005988e-07	4.029069934531413e-08	-5.50837726546906e-08	5.60863396368619e-08	1.3032884576524897	0.3572136015315822
Standard	1	2	MgCl2	0.8	96	neg	-1.6351420678642718e-07	3.4210321923448686e-08	-2.108411876247505e-07	3.433480046280632e-08	-2.1928816367265465e-07	3.395162172134284e-08	-5.57739568862275e-08	4.8198119710369966e-08	1.3410954802176684	0.3490558771243891
Standard	1	2	MgCl2	0.8	97	pos	-2.0741473073852293e-07	4.669040176606762e-08	-2.3220840918163678e-07	3.65060990125518e-08	-2.733485169660679e-07	3.8504846377854936e-08	-6.593378622754492e-08	6.051955726588734e-08	1.317883816606373	0.3499607534880662
Standard	1	2	MgCl2	0.8	98	neg	-2.673999920159681e-07	3.751147261166824e-08	-2.4822189421157684e-07	4.301836576699296e-08	-2.776315089820359e-07	4.06327060130928e-08	-1.023151696606781e-08	5.5300337932442724e-08	1.038262966610174	0.2104854801900881
Standard	1	2	MgCl2	0.8	99	pos	-1.9675488163672653e-07	4.7663647847004544e-08	-2.151955329341317e-07	3.6081855017465695e-08	-1.941613385229541e-07	3.93810919884766e-08	2.5935431137724462e-09	6.182793650355894e-08	0.9868184052553218	0.3117833368346672
Standard	1	2	MgCl2	0.8	100	neg	-1.8752272834331338e-07	3.7137715378591504e-08	-1.6586985628742517e-07	4.1320624292139416e-08	-1.8947385548902205e-07	3.9978430445410813e-08	-1.9511271457085923e-09	5.4566333983692016e-08	1.0104047502025275	0.2923915098253681
Standard	1	3	MgCl2	0.1	1	pos	4.911850618762476e-06	4.1683540428043815e-08	4.542991996007984e-06	4.747671435565003e-08	4.959439960079841e-06	3.8759467524701656e-08	4.758934131736499e-08	5.6919362833878993e-08	1.0096886784658274	0.0116485179004379
Standard	1	3	MgCl2	0.1	2	neg	4.912207105788423e-06	3.732923625533716e-08	5.583896047904191e-06	3.790631705599618e-08	4.931171556886228e-06	3.843357315123405e-08	1.896445109780441e-08	5.3578087167964836e-08	1.0038606782428732	0.0109275922243742
Standard	1	3	MgCl2	0.1	3	pos	4.820600618762475e-06	3.52846187936949e-08	4.431944750499002e-06	3.7359042634784236e-08	4.812176966067863e-06	4.0037994449982695e-08	-8.423652694611517e-09	5.336708089256159e-08	0.9982525719592232	0.0110621765425449
Standard	1	3	MgCl2	0.1	4	neg	4.752762395209581e-06	4.3156231645632623e-08	5.369367744510979e-06	4.328306071782115e-08	4.759591057884231e-06	3.9948629461830666e-08	6.828662674649546e-09	5.880776586242797e-08	1.0014367776267403	0.0123829636826304
Standard	1	3	MgCl2	0.1	5	pos	4.702485289421158e-06	3.983479211149562e-08	4.35834878243513e-06	4.2326910209872044e-08	4.650636686626747e-06	3.67669980145184e-08	-5.184860279441101e-08	5.420906571382386e-08	0.988974212654944	0.0114592897906079
Standard	1	3	MgCl2	0.1	6	neg	4.671551656686627e-06	3.4754227533494435e-08	5.311689880239521e-06	3.415527284015786e-08	4.685019600798403e-06	4.026471092458409e-08	1.3467944111775878e-08	5.318931544295549e-08	1.0028829701781203	0.0113998178047786
Standard	1	3	MgCl2	0.1	7	pos	4.58272866267465e-06	4.266539999118703e-08	4.286965648702595e-06	3.5606240664079295e-08	4.521576427145709e-06	3.6914787933959166e-08	-6.115223552894073e-08	5.6418418310133084e-08	0.9866559336085045	0.0122174181152909
Standard	1	3	MgCl2	0.1	8	neg	4.542349081836327e-06	4.16356961411153e-08	5.135588483033932e-06	3.379592454267548e-08	4.6023828742514965e-06	3.637356897696676e-08	6.003379241516984e-08	5.5286234392273833e-08	1.013216463845817	0.0122627784950767
Standard	1	3	MgCl2	0.1	9	pos	4.546441856287425e-06	3.900403309847973e-08	4.260649141716567e-06	4.076565286931969e-08	4.462092295409182e-06	3.742727084520799e-08	-8.434956087824312e-08	5.405659257544688e-08	0.9814471264464554	0.0117755390395786
Standard	1	3	MgCl2	0.1	10	neg	4.5475125548902194e-06	3.516632742638162e-08	5.123644111776447e-06	3.4719187978112134e-08	4.568237784431138e-06	4.1603094006112536e-08	2.072522954091821e-08	5.4474654799648957e-08	1.0045574870417084	0.0120017821552996
Standard	1	3	MgCl2	0.1	11	pos	4.433967205588822e-06	3.83583351225734e-08	4.1650207385229535e-06	3.736849340358125e-08	4.405722834331338e-06	4.1061494268359226e-08	-2.8244371257484593e-08	5.6190819400736146e-08	0.9936299999643922	0.0126352546799366
Standard	1	3	MgCl2	0.1	12	neg	4.453216746506986e-06	3.884606521121041e-08	5.07731626746507e-06	4.0910692404801945e-08	4.525050379241518e-06	3.596576526164686e-08	7.183363273453164e-08	5.2939144810333837e-08	1.0161307290490356	0.0119914765123038
Standard	1	3	MgCl2	0.1	13	pos	4.401962994011976e-06	3.6940756161967855e-08	4.2007367065868255e-06	3.3363064915138346e-08	4.412266007984031e-06	3.640104934795066e-08	1.0303013972055385e-08	5.1861892169972987e-08	1.0023405498833295	0.0117955361228301
Standard	1	3	MgCl2	0.1	14	neg	4.451004211576846e-06	3.789211763450481e-08	4.970766487025947e-06	3.3720784220334054e-08	4.423711457085828e-06	3.8754568010399176e-08	-2.7292754491017703e-08	5.420082213859681e-08	0.9938681804838488	0.012140775280009
Standard	1	3	MgCl2	0.1	15	pos	4.4713483832335335e-06	3.549264928940692e-08	4.21061119760479e-06	3.364722582565871e-08	4.390184730538923e-06	3.389364917174378e-08	-8.116365269461026e-08	4.907654844992754e-08	0.9818480588542476	0.0108720334397275
Standard	1	3	MgCl2	0.1	16	neg	4.3928499201596805e-06	3.702479490819112e-08	4.9096849500998e-06	3.604131784282452e-08	4.36715243512974e-06	3.141614279408417e-08	-2.5697485029940614e-08	4.855728025797885e-08	0.9941501563911824	0.0110161592826082
Standard	1	3	MgCl2	0.1	17	pos	4.320206806387225e-06	4.085541835032933e-08	4.129685389221557e-06	3.3574929243383425e-08	4.315781177644711e-06	4.019541088246726e-08	-4.4256287425147105e-09	5.731349112199321e-08	0.998975597942216	0.0132594727780048
Standard	1	3	MgCl2	0.1	18	neg	4.325442035928145e-06	3.477954285850666e-08	4.889484011976049e-06	3.736001510802503e-08	4.335387784431139e-06	3.909346150037674e-08	9.945748502993616e-09	5.232509277132857e-08	1.0022993600238732	0.0121093477812304
Standard	1	3	MgCl2	0.1	19	pos	4.291176966067865e-06	3.975525161254604e-08	4.093138463073853e-06	3.416443157778462e-08	4.246681636726547e-06	3.557306309717752e-08	-4.4495329341318336e-08	5.334719157455824e-08	0.9896309731122344	0.0123604102890979
Standard	1	3	MgCl2	0.1	20	neg	4.263242634730538e-06	3.770170540233305e-08	4.777341716566866e-06	3.9942613122422256e-08	4.336244371257485e-06	3.599953438940416e-08	7.300173652694632e-08	5.212854368288263e-08	1.017123523754486	0.0123374047900276
Standard	1	3	MgCl2	0.1	21	pos	4.249441956087824e-06	3.9221675453326466e-08	4.030059900199602e-06	3.919482473222733e-08	4.203425209580838e-06	3.61078191782055e-08	-4.60167465069861e-08	5.3311484983744894e-08	0.9891711083519892	0.0124721765952656
Standard	1	3	MgCl2	0.1	22	neg	4.2729742315369255e-06	4.085130088575255e-08	4.7811963872255485e-06	3.9892276263980676e-08	4.25177377245509e-06	3.6655300805478625e-08	-2.1200459081835217e-08	5.4885698148045896e-08	0.9950384771980688	0.0128095805936298
Standard	1	3	MgCl2	0.1	23	pos	4.261529361277445e-06	3.6381685612286015e-08	4.103012834331337e-06	3.680217810878168e-08	4.2197474251497e-06	4.03855209395259e-08	-4.17819361277443e-08	5.4356391984274535e-08	0.9901955536180514	0.0126992657388926
Standard	1	3	MgCl2	0.1	24	neg	4.203734510978044e-06	3.611907580781077e-08	4.707482235528943e-06	3.4830199060476474e-08	4.1994277445109775e-06	3.5296900876742644e-08	-4.306766467066128e-09	5.0502067766706116e-08	0.9989754903750894	0.0120073255717129
Standard	1	3	MgCl2	0.1	25	pos	4.16195125748503e-06	3.991933546310063e-08	4.004980079840319e-06	3.6425838785038566e-08	4.190052794411177e-06	3.62179090088819e-08	2.8101536926146943e-08	5.390074467752011e-08	1.006752010099976	0.0129988711741949
Standard	1	3	MgCl2	0.1	26	neg	4.17982133732535e-06	3.4776358544390274e-08	4.671623073852296e-06	3.40508331430016e-08	4.228813073852296e-06	3.4518919376662764e-08	4.8991736526946365e-08	4.899949906417953e-08	1.0117210121134737	0.0117922817879315
Standard	1	3	MgCl2	0.1	27	pos	4.162736526946108e-06	3.998427745894344e-08	3.991393393213573e-06	3.9216693135233625e-08	4.171564331337325e-06	3.401241163754785e-08	8.827804391217713e-09	5.249368142277481e-08	1.0021206733441028	0.0126259004908521
Standard	1	3	MgCl2	0.1	28	neg	4.154122694610778e-06	3.7656421223007365e-08	4.611947984031937e-06	4.048665128814366e-08	4.151196047904192e-06	4.001689730038671e-08	-2.926646706586305e-09	5.4948686325282215e-08	0.9992954838068738	0.0132231310948179
Standard	1	3	MgCl2	0.1	29	pos	4.181248922155688e-06	3.4321277354374947e-08	3.982066187624751e-06	3.4015568506740034e-08	4.120263433133733e-06	4.4464344180365625e-08	-6.098548902195521e-08	5.6169635770814334e-08	0.9854145280136746	0.0133608799736662
Standard	1	3	MgCl2	0.1	30	neg	4.206565908183633e-06	3.8715201451413855e-08	4.650470119760479e-06	3.820239888783997e-08	4.235046946107784e-06	3.662830548708328e-08	2.848103792415144e-08	5.329633745651434e-08	1.0067706149257625	0.0127151348088257
Standard	1	3	MgCl2	0.1	31	pos	4.118645349301397e-06	4.0012691643124224e-08	4.014736167664671e-06	4.0058833239172496e-08	4.143105948103792e-06	4.044047927694844e-08	2.44605988023951e-08	5.688978692768183e-08	1.0059389912769603	0.0138533837352833
Standard	1	3	MgCl2	0.1	32	neg	4.0986586427145705e-06	3.5481533954355575e-08	4.579183552894211e-06	3.5765826842835523e-08	4.160928023952096e-06	4.0006445089353136e-08	6.2269381237525e-08	5.3473871193710256e-08	1.0151926243841287	0.0131343123778893
Standard	1	3	MgCl2	0.1	33	pos	4.161998762475051e-06	3.5644844929743586e-08	4.044622215568861e-06	4.0400718499569274e-08	4.153599401197606e-06	4.161390020222472e-08	-8.399361277445121e-09	5.4792989151041816e-08	0.9979818924135264	0.0131538289891682
Standard	1	3	MgCl2	0.1	34	neg	4.162974271457086e-06	3.878600134736965e-08	4.60564241516966e-06	3.9801331866600775e-08	4.16799508982036e-06	3.7885969036596064e-08	5.020818363273668e-09	5.4219005434995546e-08	1.0012060651918264	0.013032143626552
Standard	1	3	MgCl2	0.1	35	pos	4.091139880239521e-06	3.5237161037541375e-08	4.00619377245509e-06	3.667344778365029e-08	4.073580319361278e-06	3.5737400004726225e-08	-1.7559560878243043e-08	5.0187839932432137e-08	0.9957079050356952	0.0122415194482908
Standard	1	3	MgCl2	0.1	36	neg	4.106748163672655e-06	3.60906197428245e-08	4.5365197405189616e-06	4.1095542387618297e-08	4.094518263473053e-06	4.0371609935429144e-08	-1.2229900199601733e-08	5.415163637600987e-08	0.9970219989850402	0.0131685855644151
Standard	1	3	MgCl2	0.1	37	pos	4.096921656686626e-06	3.759775151056096e-08	3.968313532934132e-06	4.061635805058609e-08	4.117241596806387e-06	4.7515887606621684e-08	2.031994011976067e-08	6.059167016756506e-08	1.0049598068556171	0.0148178468213855
Standard	1	3	MgCl2	0.1	38	neg	4.1346826546906185e-06	4.61219250068611e-08	4.527049301397205e-06	4.00736700554238e-08	4.076387584830339e-06	3.803017674893564e-08	-5.829506986027942e-08	5.97789788294665e-08	0.9859009566806424	0.0143369427777973
Standard	1	3	MgCl2	0.1	39	pos	4.055139401197606e-06	3.9661869275674724e-08	3.91970131736527e-06	3.683510054093896e-08	4.030891936127745e-06	3.838848953063818e-08	-2.4247465069860986e-08	5.5197282567936516e-08	0.9940205594257252	0.0135697239015808
Standard	1	3	MgCl2	0.1	40	neg	4.043598582834332e-06	4.3744642407815134e-08	4.484506147704591e-06	4.360554396094767e-08	4.093685788423154e-06	3.6417740221314455e-08	5.0087205588822384e-08	5.691964109351676e-08	1.0123867897771677	0.0141797268440773
Standard	1	3	MgCl2	0.1	41	pos	4.065823233532934e-06	3.5924653338944705e-08	3.99153616766467e-06	5.100537118464906e-08	4.068725788423154e-06	3.8800960988448994e-08	2.9025548902199342e-09	5.2878117318513644e-08	1.0007138910679343	0.0130097993341168
Standard	1	3	MgCl2	0.1	42	neg	4.087213832335328e-06	3.8132204374830356e-08	4.465923053892216e-06	4.0778952203987406e-08	4.115885489021955e-06	4.585326799269999e-08	2.8671656686626854e-08	5.963712934149495e-08	1.007014963704565	0.0146330785202913
Standard	1	3	MgCl2	0.1	43	pos	4.061777624750499e-06	4.423801529167986e-08	3.949111477045908e-06	3.7295716212642566e-08	4.082478862275449e-06	3.6167310772339546e-08	2.0701237524950162e-08	5.714084673374985e-08	1.005096595490311	0.0141109587135902
Standard	1	3	MgCl2	0.1	44	neg	4.013831117764472e-06	3.5219806796007714e-08	4.445079481037925e-06	3.521424589750778e-08	4.033105149700599e-06	4.0557673284195545e-08	1.9274031936127576e-08	5.371554386744735e-08	1.004801904058899	0.0134102762408039
Standard	1	3	MgCl2	0.1	45	pos	4.088926926147704e-06	4.06913847802275e-08	4.031534530938124e-06	3.974262760348818e-08	4.070986207584831e-06	3.9498616264229074e-08	-1.7940718562873694e-08	5.670916576816618e-08	0.9956123650808854	0.0138376629613035
Standard	1	3	MgCl2	0.1	46	neg	4.083121417165669e-06	4.1545568353166365e-08	4.4758214970059885e-06	3.6362507795179494e-08	4.084001676646707e-06	3.3117572380584174e-08	8.802594810384066e-10	5.313010305063269e-08	1.0002155849388503	0.0130138444609089
Standard	1	3	MgCl2	0.1	47	pos	4.109175329341317e-06	3.6363436583212505e-08	4.011475489021956e-06	3.656188387392503e-08	4.052878522954091e-06	4.007281162850904e-08	-5.629680638722647e-08	5.4112195963158684e-08	0.9862997312416332	0.0130874625361274
Standard	1	3	MgCl2	0.1	48	neg	4.01445001996008e-06	3.764624988228716e-08	4.390518223552894e-06	3.927704085897928e-08	3.998745648702595e-06	3.771742982532535e-08	-1.5704371257484876e-08	5.329019274526926e-08	0.9960880391636708	0.0132487032950198
Standard	1	3	MgCl2	0.1	49	pos	4.135181916167664e-06	3.7178384170388e-08	4.074151057884231e-06	3.7219642291116075e-08	4.036650778443115e-06	3.837154924671163e-08	-9.85311377245492e-08	5.34285320883306e-08	0.9761724780863174	0.0127723353197616
Standard	1	3	MgCl2	0.1	50	neg	3.985207225548903e-06	5.0226451776798045e-08	4.349688003992016e-06	3.762699896627399e-08	3.9682654491017965e-06	4.1617429647299206e-08	-1.6941776447106052e-08	6.522811440272451e-08	0.9957488342542156	0.0163263387737741
Standard	1	3	MgCl2	0.1	51	pos	4.0469774051896215e-06	4.00565104977142e-08	3.968027744510978e-06	4.033934475301488e-08	3.972548363273453e-06	3.988682861441565e-08	-7.442904191616808e-08	5.652860453053176e-08	0.9816087330211618	0.0138397100248356
Standard	1	3	MgCl2	0.1	52	neg	3.909493073852295e-06	3.910040142674409e-08	4.310569960079841e-06	3.9826562467760124e-08	3.957130299401198e-06	3.592366539915126e-08	4.7637225548902775e-08	5.3097562349346215e-08	1.01218501341453	0.0136716902075522
Standard	1	3	MgCl2	0.1	53	pos	4.009453193612775e-06	3.953735027262745e-08	3.974904391217565e-06	3.4274088829298434e-08	4.023658522954092e-06	3.8195623244214464e-08	1.4205329341316973e-08	5.497370009008316e-08	1.0035429592653549	0.0137361702655032
Standard	1	3	MgCl2	0.1	54	neg	4.070343712574851e-06	3.797420893961088e-08	4.42494878243513e-06	3.6657265128683234e-08	4.077553532934131e-06	3.540171651902504e-08	7.2098203592802e-09	5.191649137877706e-08	1.0017713050465509	0.0127669099552888
Standard	1	3	MgCl2	0.1	55	pos	3.995818962075848e-06	3.79906683136867e-08	3.95375133732535e-06	3.763563966784656e-08	3.980234011976048e-06	3.50334863762066e-08	-1.5584950099800116e-08	5.167819701375439e-08	0.9960996856344804	0.0129058312404226
Standard	1	3	MgCl2	0.1	56	neg	4.015972934131737e-06	3.728595510877584e-08	4.397537345309381e-06	4.062296895031832e-08	3.996937345309382e-06	3.672147597167791e-08	-1.9035588822354722e-08	5.2332678566190034e-08	0.9952600305991678	0.0129998152818974
Standard	1	3	MgCl2	0.1	57	pos	3.957534770459082e-06	3.560664236623847e-08	3.8923374650698606e-06	3.9441219597792426e-08	3.959461976047904e-06	3.5553851080964753e-08	1.9272055888219852e-09	5.031808131561285e-08	1.0004869712335085	0.0127176021521629
Standard	1	3	MgCl2	0.1	58	neg	3.941687744510978e-06	3.5506298386379184e-08	4.312925828343314e-06	3.7720162560127895e-08	3.967171097804391e-06	3.4954113380150454e-08	2.5483353293413143e-08	4.9824564898200624e-08	1.006465086771244	0.0126819808788765
Standard	1	3	MgCl2	0.1	59	pos	3.986658522954092e-06	3.8481955306532584e-08	3.940569081836327e-06	4.3020119483275355e-08	3.977640459081836e-06	3.4470896907229075e-08	-9.018063872256133e-09	5.166336823904134e-08	0.997737939223956	0.0129428095494631
Standard	1	3	MgCl2	0.1	60	neg	3.977140618762476e-06	3.811352183958291e-08	4.285347385229541e-06	3.466232253253235e-08	4.016972255489022e-06	3.5192755673612667e-08	3.9831636726546764e-08	5.1876493703015054e-08	1.0100151441813845	0.0131143413383181
Standard	1	3	MgCl2	0.1	61	pos	3.906756826347305e-06	3.90404936560462e-08	3.914466047904192e-06	3.8997861417643235e-08	3.865997085828343e-06	3.719490685955032e-08	-4.0759740518961594e-08	5.3922363089894414e-08	0.9895668601014334	0.013727037576246
Standard	1	3	MgCl2	0.1	62	neg	3.900760558882236e-06	3.9845244926929815e-08	4.22436375249501e-06	3.707358422233577e-08	3.9388562874251504e-06	3.396863853305316e-08	3.809572854291452e-08	5.23594494535251e-08	1.0097662309613362	0.013498953747415
Standard	1	3	MgCl2	0.1	63	pos	3.893931576846307e-06	3.893818588106782e-08	3.902259321357285e-06	3.6304848909457394e-08	3.860477105788423e-06	3.4173587394459924e-08	-3.3454471057884e-08	5.180749361931514e-08	0.9914085621697084	0.0132402253212815
Standard	1	3	MgCl2	0.1	64	neg	3.861523872255489e-06	3.3671645599460174e-08	4.257650718562875e-06	3.7502161045500296e-08	3.9651485628742525e-06	3.6988814113601116e-08	1.0362469061876322e-07	5.0019517059905554e-08	1.02683518062993	0.0131119719036834
Standard	1	3	MgCl2	0.1	65	pos	3.941045329341318e-06	3.512319684967928e-08	3.926030758483033e-06	3.338980568711888e-08	3.904067724550898e-06	3.3563270210335275e-08	-3.6977604790420125e-08	4.8581190435736536e-08	0.990617310459456	0.0122666614178007
Standard	1	3	MgCl2	0.1	66	neg	3.877227704590818e-06	3.605830268496511e-08	4.207755748502994e-06	3.66864278567514e-08	3.865497624750499e-06	3.89231989505861e-08	-1.1730079840319134e-08	5.305861484309094e-08	0.9969746218860372	0.0136655730420746
Standard	1	3	MgCl2	0.1	67	pos	3.886697924151697e-06	3.762643258777314e-08	3.905995289421157e-06	3.898293184159025e-08	3.88510373253493e-06	3.6543421485136265e-08	-1.5941916167669466e-09	5.245159752688716e-08	0.999589833928986	0.0134923085473072
Standard	1	3	MgCl2	0.1	68	neg	3.982089940119761e-06	3.7937370148659487e-08	4.3288684830339324e-06	3.618671429259929e-08	3.9964374051896215e-06	3.6450772996652463e-08	1.4347465069860454e-08	5.2610863002329545e-08	1.0036029987482975	0.0132366455711286
Standard	1	3	MgCl2	0.1	69	pos	3.9596284630738526e-06	3.7243608018465755e-08	3.918201996007984e-06	3.452908562368812e-08	3.918130858283433e-06	3.78625388353961e-08	-4.1497604790419526e-08	5.310986900092115e-08	0.9895198235952156	0.0133439003996302
Standard	1	3	MgCl2	0.1	70	neg	3.835564970059881e-06	4.3805340015220755e-08	4.2058047704590815e-06	3.2487446243083045e-08	3.89923754491018e-06	3.71427115833036e-08	6.367257485029886e-08	5.743247197892127e-08	1.0166005726268026	0.0151187713736294
Standard	1	3	MgCl2	0.1	71	pos	3.846082195608782e-06	3.517843916335204e-08	3.823025968063872e-06	3.707901194626116e-08	3.861785568862276e-06	3.4167133937831984e-08	1.5703373253493213e-08	4.9039939064964295e-08	1.0040829531078204	0.0127774373382893
Standard	1	3	MgCl2	0.1	72	neg	3.877418223552894e-06	4.1180323085642697e-08	4.208493253493013e-06	4.1632177862725535e-08	3.907232714570859e-06	3.7986459500937546e-08	2.9814491017965e-08	5.6024906201209166e-08	1.0076892636540626	0.0145091550873781
Standard	1	3	MgCl2	0.1	73	pos	3.90846994011976e-06	3.9817626400834195e-08	3.883937884231537e-06	4.1073065689263734e-08	3.965957704590819e-06	3.337549872167543e-08	5.7487764471058695e-08	5.1955435587789726e-08	1.0147085087903471	0.0134082194752293
Standard	1	3	MgCl2	0.1	74	neg	3.92698249500998e-06	3.571610592943301e-08	4.196310738522954e-06	3.8554339227296985e-08	3.951062814371258e-06	3.441567651323262e-08	2.4080319361277955e-08	4.959918358830064e-08	1.0061320159669356	0.0126705746439318
Standard	1	3	MgCl2	0.1	75	pos	3.875348063872255e-06	3.5371129945817587e-08	3.872849740518962e-06	3.810000601223754e-08	3.835018103792415e-06	3.561154790509964e-08	-4.0329960079839325e-08	5.0192620750874534e-08	0.989593203135529	0.012885010550461
Standard	1	3	MgCl2	0.1	76	neg	3.963578662674651e-06	3.5790771916906e-08	4.238663592814371e-06	3.578990665908298e-08	3.97357141716567e-06	3.9321511422980936e-08	9.992754491018736e-09	5.3171050535000796e-08	1.0025211444861992	0.0134302446021731
Standard	1	3	MgCl2	0.1	77	pos	3.8890772255489015e-06	3.820377110295566e-08	3.904139481037923e-06	3.8256713498811443e-08	3.857574011976048e-06	3.686729869236229e-08	-3.1503213572853616e-08	5.30916739174693e-08	0.9918995659520732	0.0135943363587268
Standard	1	3	MgCl2	0.1	78	neg	3.854100379241517e-06	3.473021964882868e-08	4.178584051896208e-06	3.58547901032666e-08	3.9107307784431136e-06	4.5980281512761776e-08	5.663039920159666e-08	5.7622690364549176e-08	1.0146935454786317	0.01503118464838
Standard	1	3	MgCl2	0.1	79	pos	3.890862035928144e-06	4.2746495662764146e-08	3.947183992015968e-06	4.4369543130755036e-08	3.931312974051897e-06	4.045929088525068e-08	4.0450938123752774e-08	5.885760027714384e-08	1.0103963948734829	0.015210292565395
Standard	1	3	MgCl2	0.1	80	neg	3.852363512974052e-06	3.9619400243243676e-08	4.144723952095809e-06	4.1836467039530324e-08	3.869399820359281e-06	4.6265153463137495e-08	1.7036307385229416e-08	6.091109341164384e-08	1.004422300057576	0.0158409771799717
Standard	1	3	MgCl2	0.1	81	pos	3.857740738522954e-06	4.289151041469045e-08	3.940355189620758e-06	3.9510499878057367e-08	3.857716906187624e-06	4.3130338211161533e-08	-2.383233532938546e-11	6.082686692459739e-08	0.9999938222039932	0.0157674359691343
Standard	1	3	MgCl2	0.1	82	neg	3.83487502994012e-06	4.157820209014697e-08	4.144509820359282e-06	4.357722372257849e-08	3.928885928143713e-06	4.067259055662456e-08	9.401089820359348e-08	5.8163618453771665e-08	1.0245147227666145	0.0153581435920735
Standard	1	3	MgCl2	0.1	83	pos	3.753783373253493e-06	3.8609553853915433e-08	3.801444191616767e-06	3.833252891207685e-08	3.740910778443114e-06	3.994795951225557e-08	-1.2872594810379524e-08	5.55566118296572e-08	0.9965707678013336	0.0147756742196969
Standard	1	3	MgCl2	0.1	84	neg	3.93645261477046e-06	3.930051755065456e-08	4.193907185628741e-06	4.066072168891586e-08	3.915370698602794e-06	3.808752772904778e-08	-2.108191616766566e-08	5.4728333139794155e-08	0.9946444379671784	0.0138646115122854
Standard	1	3	MgCl2	0.1	85	pos	3.791474351297405e-06	3.9208429030354495e-08	3.876514031936128e-06	3.7461408469396633e-08	3.851697145708583e-06	3.6836558982032164e-08	6.022279441117792e-08	5.379807603125859e-08	1.015883740421604	0.0143093770153568
Standard	1	3	MgCl2	0.1	86	neg	3.853648383233533e-06	3.3155719542498857e-08	4.117074790419162e-06	3.5857756809454586e-08	3.883009860279441e-06	3.9156676035900175e-08	2.9361477045908346e-08	5.130835230799445e-08	1.0076191375356545	0.0133566821027651
Standard	1	3	MgCl2	0.1	87	pos	3.855765848303393e-06	3.8882747782647055e-08	3.9409263872255496e-06	3.548925078839731e-08	3.902354610778442e-06	3.525327017594541e-08	4.6588762475049334e-08	5.248486575411189e-08	1.012082881665532	0.0137025605865687
Standard	1	3	MgCl2	0.1	88	neg	3.8922897205588825e-06	3.6538559724238636e-08	4.1644734131736525e-06	3.9447124185762176e-08	3.876680578842315e-06	3.9464973090884965e-08	-1.5609141716567347e-08	5.378243623885058e-08	0.9959897276828802	0.0137921375134336
Standard	1	3	MgCl2	0.1	89	pos	3.888982015968064e-06	3.580716347503318e-08	3.883200139720558e-06	3.934536373933332e-08	3.8642124750499e-06	4.033030148488697e-08	-2.47695409181636e-08	5.3932236871741446e-08	0.9936308420001788	0.0138290921572171
Standard	1	3	MgCl2	0.1	90	neg	3.8514594610778446e-06	3.42614738256979e-08	4.155883233532935e-06	3.647962454197352e-08	3.860477165668662e-06	3.618525093391654e-08	9.017704590817438e-09	4.983192725411581e-08	1.0023413733629936	0.0129527820608333
Standard	1	3	MgCl2	0.1	91	pos	3.869970678642715e-06	3.791399008728204e-08	3.9526803792415166e-06	3.87693735834857e-08	3.882296067864271e-06	3.8097137324310666e-08	1.2325389221556244e-08	5.374813965753519e-08	1.0031848792264957	0.0139105410295237
Standard	1	3	MgCl2	0.1	92	neg	3.84370255489022e-06	4.10352412087402e-08	4.142273013972056e-06	4.0204199809196655e-08	3.923603373253493e-06	3.958408388226775e-08	7.990081836327304e-08	5.7015705887570145e-08	1.0207874613662855	0.0149940534824995
Standard	1	3	MgCl2	0.1	93	pos	3.950087065868264e-06	3.7116525332709286e-08	4.011546866267465e-06	3.4972323937080375e-08	3.9335256686626754e-06	4.0410805047684935e-08	-1.6561397205588048e-08	5.4869569137871387e-08	0.9958073336284936	0.0138641049873543
Standard	1	3	MgCl2	0.1	94	neg	3.963459321357287e-06	3.4660451986933484e-08	4.219319361277445e-06	4.0047960811896766e-08	3.93828499001996e-06	3.5868336078634855e-08	-2.5174331337327e-08	4.987869750693596e-08	0.9936483941687824	0.0125461029624217
Standard	1	3	MgCl2	0.1	95	pos	3.924412694610778e-06	3.5903786799229835e-08	3.963673393213574e-06	3.734575509563397e-08	3.917297904191617e-06	3.6981199804749525e-08	-7.114790419161004e-09	5.15430989126901e-08	0.9981870432666444	0.0131224166354893
Standard	1	3	MgCl2	0.1	96	neg	3.901022315369261e-06	4.1494282375145894e-08	4.224791756487026e-06	3.733376072817448e-08	3.893003113772455e-06	3.4529428415266785e-08	-8.019201596806129e-09	5.398200530281712e-08	0.997944333318676	0.0138211120887274
Standard	1	3	MgCl2	0.1	97	pos	3.858621497005988e-06	4.4033036828664144e-08	3.887744690618762e-06	3.7325363459102384e-08	3.898785648702596e-06	4.1045740195888114e-08	4.0164151696607665e-08	6.019685307873525e-08	1.0104089379400836	0.0156877076910759
Standard	1	3	MgCl2	0.1	98	neg	3.889267604790419e-06	3.7086872850801296e-08	4.122595169660679e-06	4.0654097513303054e-08	3.900641776447106e-06	4.5845612747982e-08	1.1374171656686874e-08	5.896826558488414e-08	1.0029245021974516	0.0151793463155288
Standard	1	3	MgCl2	0.1	99	pos	3.823192355289421e-06	4.299625020442505e-08	3.861904770459081e-06	4.2035364732534576e-08	3.819932175648703e-06	4.1901330621557785e-08	-3.260179640718702e-09	6.00366474705127e-08	0.9991472624608572	0.0156964100788441
Standard	1	3	MgCl2	0.1	100	neg	3.948397644710579e-06	3.767763153439337e-08	4.211848103792415e-06	3.9752382185187436e-08	3.954417664670659e-06	3.856523599740225e-08	6.020019960079989e-09	5.39155019041541e-08	1.0015246741847657	0.013665204805754
Standard	2	1	KCl	0.1	1	pos	3.7666800998003993e-06	3.37083407273336e-08	3.404198343313374e-06	3.64376098701588e-08	3.7777448502994013e-06	3.697144233902088e-08	1.1064750499001952e-08	5.003138798012267e-08	1.002937533904084	0.013300347732795526
Standard	2	1	KCl	0.1	2	neg	3.569807604790419e-06	3.769778236781968e-08	4.147840758483034e-06	3.7157026864693467e-08	3.5675232734530938e-06	4.280784414640703e-08	-2.2843313373253445e-09	5.7040637408031925e-08	0.9993600967922586	0.015974165531529583
Standard	2	1	KCl	0.1	3	pos	3.623176926147705e-06	3.5662897427614283e-08	3.308546726546906e-06	3.262189266218426e-08	3.6170140918163676e-06	3.621209773851213e-08	-6.162834331337379e-09	5.0824780132884914e-08	0.9982990523352968	0.014015940967492571
Standard	2	1	KCl	0.1	4	neg	3.466325429141717e-06	3.7061646564413043e-08	4.079814011976047e-06	3.32383978926761e-08	3.5195534131736524e-06	3.431111439937425e-08	5.322798403193531e-08	5.050562560143589e-08	1.0153557376882283	0.014691266994429393
Standard	2	1	KCl	0.1	5	pos	3.5581956487025947e-06	4.0055428873354206e-08	3.223171457085828e-06	3.6741605197278145e-08	3.5071324351297403e-06	3.57241547255954e-08	-5.106321357285441e-08	5.367171147901488e-08	0.985649127081735	0.014963788697687773
Standard	2	1	KCl	0.1	6	neg	3.5239794810379243e-06	3.411627994565261e-08	4.014521417165669e-06	3.9755437290861484e-08	3.489143792415169e-06	3.5302881344004055e-08	-3.4835688622755075e-08	4.9093930261479045e-08	0.9901146732521567	0.01386505531976646
Standard	2	1	KCl	0.1	7	pos	3.4141924950099804e-06	3.3872344600905254e-08	3.1653762674650696e-06	3.6707573091125525e-08	3.397797724550898e-06	3.71960419024925e-08	-1.6394770459082376e-08	5.03078648123179e-08	0.995198053278178	0.014702889293180076
Standard	2	1	KCl	0.1	8	neg	3.384876726546906e-06	3.341524507261731e-08	3.9193204790419164e-06	3.653054507901655e-08	3.38323500998004e-06	3.478950262147909e-08	-1.6417165668660379e-09	4.8237828474268785e-08	0.9995149848282537	0.014247668959250262
Standard	2	1	KCl	0.1	9	pos	3.3444507584830335e-06	4.1294270288062425e-08	3.146221377245509e-06	3.836761390938203e-08	3.3425949900199593e-06	4.3545386109780785e-08	-1.8557684630741752e-09	6.001181058819544e-08	0.9994451201117651	0.017938983255154067
Standard	2	1	KCl	0.1	10	neg	3.370505129740519e-06	4.07922930494613e-08	3.9583911377245516e-06	4.098259279868696e-08	3.4408898003992013e-06	3.956240962277288e-08	7.038467065868233e-08	5.682601013086526e-08	1.0208825288641827	0.01704212381377963
Standard	2	1	KCl	0.1	11	pos	3.3202526546906188e-06	4.0075484310716946e-08	3.124044251497006e-06	3.3911515355239147e-08	3.3030257884231534e-06	3.6236695230486235e-08	-1.7226866267465334e-08	5.4029089608891837e-08	0.9948115797021867	0.016226187296924665
Standard	2	1	KCl	0.1	12	neg	3.3227509381237527e-06	3.712737366577606e-08	3.801539760479042e-06	3.908440468450963e-08	3.3504706187624744e-06	3.660746278856758e-08	2.77196806387217e-08	5.213969895515817e-08	1.008342388928607	0.01575823863851928
Standard	2	1	KCl	0.1	13	pos	3.36993375249501e-06	3.5246471634627675e-08	3.153003113772455e-06	3.620298758783636e-08	3.3866614171656684e-06	3.338212270943277e-08	1.6727664670658415e-08	4.8545647377269984e-08	1.0049637962937028	0.01444325803383168
Standard	2	1	KCl	0.1	14	neg	3.317254570858283e-06	3.5487193296532494e-08	3.858430958083833e-06	4.223672076144451e-08	3.3817597804391215e-06	3.195486845774366e-08	6.450520958083857e-08	4.775410460072685e-08	1.0194453600720035	0.01455092244289892
Standard	2	1	KCl	0.1	15	pos	3.270308043912176e-06	3.4425084240507904e-08	3.0705795808383237e-06	3.9558065787193775e-08	3.254960578842316e-06	3.8768186821984264e-08	-1.5347465069860105e-08	5.1846492016628664e-08	0.9953070276977638	0.0158209447741747
Standard	2	1	KCl	0.1	16	neg	3.3680064670658683e-06	3.6333506295063445e-08	3.831306167664671e-06	3.5926655058380145e-08	3.3594881237524947e-06	3.4900405947104015e-08	-8.518343313373548e-09	5.0380174820717607e-08	0.9974708055353604	0.014938790201780315
Standard	2	1	KCl	0.1	17	pos	3.240469920159681e-06	3.9221739313722586e-08	3.0553277644710576e-06	4.204848413192104e-08	3.2571974451097804e-06	4.0036904948553174e-08	1.6727524950099582e-08	5.6047288896547825e-08	1.0051620676513717	0.0173398183165003
Standard	2	1	KCl	0.1	18	neg	3.2522480838323357e-06	3.750328040479876e-08	3.714214510978044e-06	3.7396247138053515e-08	3.247845668662675e-06	3.505685402602462e-08	-4.402415169660579e-09	5.1336917080430154e-08	0.998646347063268	0.01577365593085966
Standard	2	1	KCl	0.1	19	pos	3.262788642714571e-06	3.464444372412541e-08	3.09270754491018e-06	3.570281479884303e-08	3.3020024950099803e-06	3.728061668431028e-08	3.9213852295409347e-08	5.089284685804643e-08	1.0120185082729674	0.01568510905242115
Standard	2	1	KCl	0.1	20	neg	3.2611947305389225e-06	4.305763164152491e-08	3.7545445708582836e-06	3.5722846393666125e-08	3.2744486427145714e-06	3.646007155442909e-08	1.3253912175648844e-08	5.64207094986525e-08	1.0040641278030824	0.017341610261431217
Standard	2	1	KCl	0.1	21	pos	3.226668922155689e-06	3.527512869481733e-08	3.0570411576846303e-06	3.4899565628487235e-08	3.1510516167664666e-06	3.7836175414288905e-08	-7.561730538922239e-08	5.172920716980655e-08	0.976564901074913	0.015858166706914482
Standard	2	1	KCl	0.1	22	neg	3.2115363872255492e-06	3.6821247913694604e-08	3.6682445309381236e-06	4.198572742289391e-08	3.2183650898203593e-06	3.6632388317470044e-08	6.828702594810059e-09	5.1939735961628404e-08	1.0021263039777386	0.016190154119831074
Standard	2	1	KCl	0.1	23	pos	3.2086572055888225e-06	3.671777865524611e-08	3.0806442514970062e-06	3.606337446341685e-08	3.184364131736527e-06	3.6237020444493174e-08	-2.429307385229566e-08	5.15879532456005e-08	0.9924288971068701	0.016016189445121665
Standard	2	1	KCl	0.1	24	neg	3.1361800399201597e-06	3.603180464531858e-08	3.5331643912175647e-06	3.384656785966102e-08	3.135608842315369e-06	3.788788277876036e-08	-5.711976047904833e-10	5.228558699541861e-08	0.9998178683629384	0.016670300836990077
Standard	2	1	KCl	0.1	25	pos	3.136275389221557e-06	3.794239084320081e-08	3.0027896207584823e-06	3.805920536816141e-08	3.1361559281437126e-06	3.628784912042633e-08	-1.1946107784442623e-10	5.250174298711458e-08	0.9999619098889546	0.016739824164180944
Standard	2	1	KCl	0.1	26	neg	3.0934928542914173e-06	3.838850186757402e-08	3.5574110379241516e-06	3.56983078607454e-08	3.1519798602794415e-06	3.484993412591252e-08	5.848700598802426e-08	5.184780597303204e-08	1.0189064622880537	0.016934727460992997
Standard	2	1	KCl	0.1	27	pos	3.1460548103792417e-06	3.962057475370559e-08	3.0366972255489024e-06	3.761145980797645e-08	3.1335391417165667e-06	4.348899412796159e-08	-1.251566866267492e-08	5.8830965945459795e-08	0.9960217893784354	0.018666213482257613
Standard	2	1	KCl	0.1	28	neg	3.1466257085828342e-06	3.738851630309644e-08	3.5561496806387225e-06	3.697192769518251e-08	3.1726573852295404e-06	3.6435594675389945e-08	2.6031676646706234e-08	5.220587812398344e-08	1.008272886278054	0.01666160770805916
Standard	2	1	KCl	0.1	29	pos	3.1049148902195612e-06	5.116921259349146e-08	2.98168369261477e-06	3.8796064652710995e-08	3.1210231936127746e-06	4.5938510025690286e-08	1.610830339321333e-08	6.876507122673816e-08	1.005188001591913	0.02221086221314215
Standard	2	1	KCl	0.1	30	neg	3.0856887025948105e-06	4.1326044520536736e-08	3.476199760479042e-06	3.6485103068821336e-08	3.0648690419161677e-06	4.003268419029936e-08	-2.0819660678642832e-08	5.7536577576300354e-08	0.9932528318034366	0.01858146982482668
Standard	2	1	KCl	0.1	31	pos	3.1254723353293413e-06	3.943394783603761e-08	2.972141936127744e-06	3.6530251376686564e-08	3.1144317964071856e-06	4.55054072695374e-08	-1.1040538922155735e-08	6.021443624831011e-08	0.9964675614634764	0.019236549495492493
Standard	2	1	KCl	0.1	32	neg	3.0590158083832337e-06	3.743657331000276e-08	3.4355120558882235e-06	4.4154311019025944e-08	3.0413129540918164e-06	4.3074921962272724e-08	-1.7702854291417275e-08	5.706965851703597e-08	0.9942128921848319	0.01860983373002441
Standard	2	1	KCl	0.1	33	pos	3.0950156287425154e-06	3.7548919588370286e-08	2.9732367664670658e-06	3.9636073825788466e-08	3.068652295409182e-06	3.6671118702877974e-08	-2.6363333333333458e-08	5.2485162752671963e-08	0.991482003163892	0.016884186021855055
Standard	2	1	KCl	0.1	34	neg	3.1016066267465077e-06	3.825995485097181e-08	3.481434271457086e-06	3.395655370202001e-08	3.1009642914171656e-06	4.554882734985511e-08	-6.423353293420644e-10	5.9485458879841465e-08	0.9997929023868459	0.01917727489923797
Standard	2	1	KCl	0.1	35	pos	2.9650275848303393e-06	3.494218057813923e-08	2.8750612175648702e-06	3.926832481166685e-08	2.9564140119760474e-06	3.730668369705159e-08	-8.613572854291923e-09	5.1115013763346925e-08	0.9970949434337945	0.017215919445135654
Standard	2	1	KCl	0.1	36	neg	3.0473092814371263e-06	3.942585759983716e-08	3.416572035928144e-06	3.4690436501242025e-08	3.0367684231536922e-06	3.971591791345862e-08	-1.0540858283434088e-08	5.596206199910097e-08	0.9965409292887846	0.0183329166082953
Standard	2	1	KCl	0.1	37	pos	3.076742035928144e-06	4.5064070129613393e-08	2.927219001996008e-06	3.892068686703763e-08	3.016233473053892e-06	4.105392024050536e-08	-6.050856287425196e-08	6.096060025754741e-08	0.9803335599255079	0.019601386175753632
Standard	2	1	KCl	0.1	38	neg	3.0192079640718563e-06	3.9338559758164845e-08	3.377524730538922e-06	4.145464470209873e-08	3.0457861676646706e-06	4.331468363134871e-08	2.6578203592814335e-08	5.851225599761587e-08	1.0088030383826125	0.01945730049439289
Standard	2	1	KCl	0.1	39	pos	3.0252991616766467e-06	4.118530641983629e-08	2.9357372255489023e-06	4.3572861490691905e-08	3.0121885229540918e-06	4.781196595219623e-08	-1.3110638722554866e-08	6.310478233152999e-08	0.9956663331386741	0.020820565842390882
Standard	2	1	KCl	0.1	40	neg	3.0731492415169667e-06	3.4646916050689925e-08	3.4164529940119764e-06	3.3247311786337904e-08	3.0946111177644713e-06	4.074297572770182e-08	2.1461876247504626e-08	5.3482696855821085e-08	1.0069836752337191	0.017454329936490015
Standard	2	1	KCl	0.1	41	pos	3.0339846706586826e-06	3.590291460788826e-08	2.9827069061876243e-06	3.80296357885423e-08	3.0655829141716567e-06	3.901247734111003e-08	3.159824351297408e-08	5.301879539966878e-08	1.0104147670285077	0.017558663172521655
Standard	2	1	KCl	0.1	42	neg	3.0394095808383234e-06	4.15469365853122e-08	3.3707195409181633e-06	3.9068287492400076e-08	3.017209361277445e-06	4.005880470996631e-08	-2.2200219560878563e-08	5.7713566640913585e-08	0.9926958776135872	0.01891666550471546
Standard	2	1	KCl	0.1	43	pos	3.0335799401197604e-06	3.8068809293126263e-08	2.9740934530938126e-06	4.097467990176741e-08	3.0041460279441113e-06	4.192125716138794e-08	-2.9433912175649086e-08	5.662707870787294e-08	0.9902973012886922	0.018585112523176187
Standard	2	1	KCl	0.1	44	neg	3.061276047904192e-06	4.345627848251275e-08	3.4239480838323352e-06	3.93808388829004e-08	3.070413033932136e-06	3.851344025631641e-08	9.136986027944212e-09	5.806662741994367e-08	1.0029846984998951	0.01899984149293991
Standard	2	1	KCl	0.1	45	pos	2.989345808383233e-06	4.349541114640952e-08	2.918533932135729e-06	4.639271299576458e-08	3.005454790419161e-06	4.027634901782915e-08	1.6108982035928083e-08	5.927929723774729e-08	1.0053887984423724	0.01988779267450787
Standard	2	1	KCl	0.1	46	neg	3.0390047105788424e-06	4.541399796280955e-08	3.361772594810379e-06	3.8771015019644353e-08	3.039266726546906e-06	3.917205472863371e-08	2.620159680635602e-10	5.997400339004512e-08	1.0000862176906642	0.01973572734345808
Standard	2	1	KCl	0.1	47	pos	2.9828020359281435e-06	4.082060135577013e-08	2.9111575848303393e-06	4.0901208754207814e-08	2.925791337325349e-06	4.3660604004158934e-08	-5.701069860279449e-08	5.977097821731448e-08	0.9808868647948824	0.019860813624834307
Standard	2	1	KCl	0.1	48	neg	2.932025389221557e-06	4.184536401679646e-08	3.2700938323353292e-06	4.075638118974535e-08	2.936641516966068e-06	3.935317007426732e-08	4.616127744511127e-09	5.7443071684863903e-08	1.0015743819141132	0.01960797523213417
Standard	2	1	KCl	0.1	49	pos	3.0987749900199603e-06	3.8073238478620476e-08	3.068437884231537e-06	3.8891605900432735e-08	3.128970259481038e-06	4.0591380884770804e-08	3.019526946107755e-08	5.565277792152377e-08	1.0097442600893338	0.018041722555012144
Standard	2	1	KCl	0.1	50	neg	3.073077704590819e-06	3.7949807321257316e-08	3.4102659081836327e-06	4.001791226218019e-08	3.058468542914172e-06	3.871294140817327e-08	-1.4609161676647105e-08	5.421143521613509e-08	0.9952460812641273	0.017599716196021162
Standard	2	1	KCl	0.1	51	pos	3.1948331137724547e-06	4.070169192902219e-08	3.147839421157685e-06	4.067273829316485e-08	3.2355206387225554e-06	4.0927312259556213e-08	4.0687524950100704e-08	5.7720642881695715e-08	1.0127354148092127	0.018181645180274666
Standard	2	1	KCl	0.1	52	neg	3.0451200399201597e-06	4.314490914115358e-08	3.351232035928143e-06	4.1941896683944826e-08	3.0830235528942117e-06	3.960697944241268e-08	3.790351297405202e-08	5.856787519920881e-08	1.0124472968149545	0.019363640726006524
Standard	2	1	KCl	0.1	53	pos	2.963957205588822e-06	4.207307232631862e-08	2.9406387624750496e-06	4.1995435181284515e-08	2.9861809381237523e-06	3.947767149311329e-08	2.2223732534930193e-08	5.769428014538189e-08	1.007497993727111	0.01954303910289624
Standard	2	1	KCl	0.1	54	neg	3.019112854291417e-06	4.703827523237563e-08	3.3503517564870258e-06	3.951781634792817e-08	3.0464287425149702e-06	4.1425004374357835e-08	2.731588822355335e-08	6.267878687604195e-08	1.0090476539108917	0.020866660346810187
Standard	2	1	KCl	0.1	55	pos	2.9709050099800392e-06	4.3275980356889626e-08	2.9937713373253493e-06	3.579065193046893e-08	2.9842059880239523e-06	4.169094635135853e-08	1.330097804391304e-08	6.009114313708595e-08	1.0044770795428435	0.020273561872993166
Standard	2	1	KCl	0.1	56	neg	3.003265429141716e-06	3.854711806173672e-08	3.2717123752495012e-06	4.34624498129927e-08	2.9926055289421155e-06	3.989688604853346e-08	-1.0659900199600745e-08	5.547649797198029e-08	0.9964505634113575	0.018440433828411425
Standard	2	1	KCl	0.1	57	pos	2.884602954091816e-06	4.503827335118312e-08	2.8857925548902196e-06	4.4521571893403235e-08	2.9370935728542914e-06	3.9602216390111025e-08	5.249061876247532e-08	5.997317408195993e-08	1.0181968262522982	0.021004989275937466
Standard	2	1	KCl	0.1	58	neg	2.9776386626746507e-06	3.772486815892117e-08	3.259362894211577e-06	4.20788713989192e-08	2.970191097804391e-06	4.112475238335681e-08	-7.447564870259737e-09	5.5806907602915926e-08	0.9974988352469973	0.01872059493104969
Standard	2	1	KCl	0.1	59	pos	2.937093373253493e-06	3.9888197798326236e-08	2.901140179640719e-06	3.797685235729344e-08	2.942137864271457e-06	4.23850716647918e-08	5.044491017963964e-09	5.8202771614657106e-08	1.001717511286465	0.019832445403690876
Standard	2	1	KCl	0.1	60	neg	2.93516626746507e-06	3.8294356736212615e-08	3.204802594810379e-06	4.036112197218377e-08	2.935856347305389e-06	4.4490659015473537e-08	6.900798403193214e-10	5.8701588542998133e-08	1.000235107580776	0.020001409441930035
Standard	2	1	KCl	0.1	61	pos	2.984919840319361e-06	3.837621306453326e-08	2.9374266666666666e-06	3.7731293403045063e-08	2.968121037924152e-06	4.378703403201175e-08	-1.679880239520915e-08	5.8224033512760076e-08	0.9943721093718175	0.019458447934874716
Standard	2	1	KCl	0.1	62	neg	3.0286304590818363e-06	4.380785618115573e-08	3.3612254491017964e-06	3.695519840628513e-08	3.0782885628742515e-06	4.2204854208142306e-08	4.9658103792415293e-08	6.083073221587401e-08	1.0163962241228564	0.020256692289062513
Standard	2	1	KCl	0.1	63	pos	3.0860218163672656e-06	4.125692762305758e-08	3.0631797005988025e-06	4.2334610092809145e-08	3.051282894211577e-06	3.855099532057231e-08	-3.473892215568869e-08	5.646515135108556e-08	0.9887431378574693	0.018187399123314837
Standard	2	1	KCl	0.1	64	neg	3.0073582435129738e-06	4.1632132793175245e-08	3.2746387025948106e-06	4.30018189535439e-08	3.020183632734531e-06	4.222217658502279e-08	1.2825389221557342e-08	5.929541868041261e-08	1.004264669581425	0.01975827512688077
Standard	2	1	KCl	0.1	65	pos	2.9309071457085826e-06	3.876566608787636e-08	2.924458862275449e-06	3.949849172440615e-08	2.9514653093812375e-06	4.018373186942806e-08	2.0558163672654936e-08	5.583465925561663e-08	1.0070142664542465	0.019114828823893825
Standard	2	1	KCl	0.1	66	neg	3.019255628742515e-06	4.066341453264702e-08	3.3026928942115766e-06	3.951465678715674e-08	2.9748309381237524e-06	3.9623905775657184e-08	-4.442469061876259e-08	5.6776466871161046e-08	0.9852862108806385	0.01866337536657641
Standard	2	1	KCl	0.1	67	pos	2.9254817964071855e-06	4.202158792295295e-08	2.8711587025948103e-06	3.919042719483124e-08	2.902805908183633e-06	4.056446600441769e-08	-2.2675888223552325e-08	5.8406247557859965e-08	0.9922488363279509	0.01988470555243352
Standard	2	1	KCl	0.1	68	neg	3.020564431137724e-06	3.54782040346711e-08	3.2838240518962073e-06	4.540231264758768e-08	2.981826686626747e-06	4.2603409612372596e-08	-3.8737744510977136e-08	5.544144182942354e-08	0.9871753291829679	0.018258636488372556
Standard	2	1	KCl	0.1	69	pos	2.9633618363273447e-06	3.7049271823089265e-08	2.965836726546906e-06	3.70214374823976e-08	3.000196047904192e-06	3.726612718206312e-08	3.683421157684714e-08	5.2549146308678125e-08	1.0124298731006462	0.017842856000275912
Standard	2	1	KCl	0.1	70	neg	2.9314305389221555e-06	3.5228533553200564e-08	3.2124640319361275e-06	3.597933537617082e-08	2.9383068463073857e-06	3.7085341967337054e-08	6.8763073852301775e-09	5.1150485482967894e-08	1.0023457173192165	0.017468411180129248
Standard	2	1	KCl	0.1	71	pos	2.9151788622754494e-06	3.9228640716993807e-08	2.9085880838323357e-06	4.1777993000154524e-08	2.892098243512974e-06	4.150744967001212e-08	-2.308061876247538e-08	5.711177313489377e-08	0.9920826062986544	0.019518145569634188
Standard	2	1	KCl	0.1	72	neg	2.9373553093812373e-06	3.664355173497908e-08	3.219316886227545e-06	3.7675354823611525e-08	3.0015285229540914e-06	4.6041171681593556e-08	6.417321357285419e-08	5.884334604327035e-08	1.021847276482998	0.02020361174577629
Standard	2	1	KCl	0.1	73	pos	2.9281944311377246e-06	4.172040192910125e-08	2.940876706586826e-06	4.053603357670477e-08	2.9305740718562876e-06	4.1016340984866255e-08	2.379640718563053e-09	5.8505830178817006e-08	1.000812664860386	0.019988431016239663
Standard	2	1	KCl	0.1	74	neg	3.048475109780439e-06	3.9320728460163636e-08	3.2828243712574855e-06	3.96400269154032e-08	2.9768772654690617e-06	3.99853514165799e-08	-7.159784431137746e-08	5.607983607808881e-08	0.9765135545697357	0.018184903630205716
Standard	2	1	KCl	0.1	75	pos	2.928266027944112e-06	3.809226647485301e-08	2.9621008982035925e-06	4.131946379845235e-08	2.9298599600798406e-06	3.954255978560824e-08	1.593932135728691e-09	5.490569004747698e-08	1.0005443262738145	0.0187551529616781
Standard	2	1	KCl	0.1	76	neg	2.9305263273453095e-06	3.8178689376203434e-08	3.217793892215569e-06	3.801676139573656e-08	2.9662650698602794e-06	3.8440919789270294e-08	3.5738742514969844e-08	5.4178562519964864e-08	1.0121953323474642	0.018599957487582388
Standard	2	1	KCl	0.1	77	pos	2.954653592814371e-06	4.599773665590362e-08	2.954320518962075e-06	4.150712423343897e-08	2.918629441117765e-06	3.971642291655969e-08	-3.6024151696606034e-08	6.077158897669936e-08	0.9878076564426315	0.020424803735004965
Standard	2	1	KCl	0.1	78	neg	3.0121410578842318e-06	3.839912554054636e-08	3.256198023952096e-06	4.1869324120260494e-08	3.049212814371257e-06	4.2994948259806934e-08	3.707175648702538e-08	5.764597486505121e-08	1.012307443700218	0.019242741450136016
Standard	2	1	KCl	0.1	79	pos	2.9392588223552895e-06	3.9433325890804295e-08	2.9399488622754488e-06	3.738623387428847e-08	2.906279760479042e-06	4.4089340370916324e-08	-3.2979061876247646e-08	5.915113798696428e-08	0.9887798033894065	0.020024470374086528
Standard	2	1	KCl	0.1	80	neg	2.927766007984032e-06	4.407301435155001e-08	3.186148243512974e-06	4.3524950611213553e-08	2.9778292614770454e-06	4.421584146494888e-08	5.0063253493013576e-08	6.242973034128392e-08	1.01709947221072	0.021505825037095628
Standard	2	1	KCl	0.1	81	pos	2.970429221556886e-06	4.379108972830904e-08	2.9767820758483034e-06	3.941156932275385e-08	2.9612443912175645e-06	4.110488661313445e-08	-9.184830339321483e-09	6.006056312649302e-08	0.9969079113978998	0.020186277368663106
Standard	2	1	KCl	0.1	82	neg	2.8869820359281433e-06	4.123134927026655e-08	3.1688263672654687e-06	3.696612808473246e-08	2.921270159680639e-06	3.881042117749374e-08	3.4288123752495645e-08	5.662396095842435e-08	1.0118768053717633	0.019737402842683105
Standard	2	1	KCl	0.1	83	pos	2.9059943712574847e-06	3.932913388639383e-08	2.9112766067864278e-06	4.259919564572875e-08	2.913037405189621e-06	3.9479763155995445e-08	7.043033932136286e-09	5.5726407304862086e-08	1.0024236227027132	0.019199527870560708
Standard	2	1	KCl	0.1	84	neg	2.991272954091816e-06	3.882078695822496e-08	3.2854175449101797e-06	3.7744108697391155e-08	3.030772395209581e-06	4.170386452418404e-08	3.949944111776531e-08	5.697601088447124e-08	1.0132048936101714	0.019164589114865238
Standard	2	1	KCl	0.1	85	pos	3.042026986027944e-06	4.003395767467673e-08	3.058563692614771e-06	3.9939561286240055e-08	3.0167334331337324e-06	4.042342174272267e-08	-2.5293552894211734e-08	5.6892625115104606e-08	0.9916852963466842	0.018625372534896083
Standard	2	1	KCl	0.1	86	neg	2.97092874251497e-06	4.067777783772812e-08	3.2337358483033933e-06	3.85974327530853e-08	2.985633792415169e-06	4.251038131079069e-08	1.4705049900199132e-08	5.883718321779508e-08	1.0049496474586432	0.019851220600377837
Standard	2	1	KCl	0.1	87	pos	2.9789474251497007e-06	4.194497667607985e-08	3.0528054491017964e-06	4.355943897306188e-08	3.0109987225548903e-06	4.239640531890489e-08	3.205129740518956e-08	5.963921740198936e-08	1.010759269242081	0.020127068378753915
Standard	2	1	KCl	0.1	88	neg	2.980137105788423e-06	4.008702395297993e-08	3.188123233532934e-06	4.334770768014566e-08	3.006002095808383e-06	4.310750011075577e-08	2.5864990019960216e-08	5.8866170719740175e-08	1.0086791275373612	0.019832526694488036
Standard	2	1	KCl	0.1	89	pos	2.967644850299401e-06	4.236363113128467e-08	3.005644870259481e-06	4.4282971479262115e-08	2.977900439121756e-06	4.068821544632782e-08	1.0255588822354613e-08	5.873847222080551e-08	1.0034558005892518	0.019828567785337654
Standard	2	1	KCl	0.1	90	neg	2.9969834930139714e-06	3.762559108870522e-08	3.2378284231536925e-06	4.0070140754788716e-08	3.02349123752495e-06	4.145031801163243e-08	2.650774451097878e-08	5.598047845490349e-08	1.0088448083123478	0.018753754995069285
Standard	2	1	KCl	0.1	91	pos	2.8707542514970058e-06	4.080115658763391e-08	2.8844363073852297e-06	4.358439236397959e-08	2.875846327345309e-06	3.951752763628604e-08	5.092075848303402e-09	5.680113880348926e-08	1.001773776297866	0.019804254269275564
Standard	2	1	KCl	0.1	92	neg	2.9408290219560876e-06	4.10816703657666e-08	3.186957265469062e-06	4.058898641635917e-08	2.9942950299401197e-06	4.236230542651204e-08	5.346600798403209e-08	5.901074953845779e-08	1.0181805904338055	0.02024365487472731
Standard	2	1	KCl	0.1	93	pos	2.9243161077844315e-06	4.323557454944201e-08	2.9598169660678642e-06	3.8901391167628456e-08	2.94534998003992e-06	3.920549679062352e-08	2.1033872255488365e-08	5.836425177469466e-08	1.0071927491694543	0.020037162331520517
Standard	2	1	KCl	0.1	94	neg	2.9485859880239524e-06	3.853663912787234e-08	3.196236846307385e-06	3.702224660976601e-08	2.9352849301397205e-06	3.8718609926560026e-08	-1.330105788423195e-08	5.462786202952642e-08	0.9954890045810921	0.018485256640528348
Standard	2	1	KCl	0.1	95	pos	2.940805309381237e-06	4.2148812511790815e-08	3.017756646706587e-06	3.907924220264425e-08	2.9841107784431133e-06	4.256322369831512e-08	4.3305469061876085e-08	5.9901172006455e-08	1.014725717790202	0.02051802353795314
Standard	2	1	KCl	0.1	96	neg	2.9027103193612774e-06	3.9225023909461154e-08	3.1090303393213574e-06	4.2831883452454416e-08	2.911252435129741e-06	4.428550201655481e-08	8.542115768463433e-09	5.9159176714657543e-08	1.0029428068352142	0.020407057293684153
Standard	2	1	KCl	0.1	97	pos	2.9877037325349295e-06	4.1368869211525765e-08	2.9868949500998002e-06	4.187521819701368e-08	2.9192474650698604e-06	5.2238902478529064e-08	-6.845626746506908e-08	6.663547307554434e-08	0.9770873307417978	0.022107678091227143
Standard	2	1	KCl	0.1	98	neg	2.881223992015968e-06	4.079156627578722e-08	3.12064249500998e-06	5.154598465023714e-08	2.9325725748502995e-06	4.1838767911554084e-08	5.1348582834331355e-08	5.8433161642930366e-08	1.0178217948263033	0.02045760983908609
Standard	2	1	KCl	0.1	99	pos	2.8258547704590812e-06	4.014898426358013e-08	2.849196866267465e-06	4.3493889892260516e-08	2.8111980439121758e-06	4.131464419508013e-08	-1.465672654690544e-08	5.7609380853844216e-08	0.9948133475576579	0.020335245189547147
Standard	2	1	KCl	0.1	100	neg	2.8675659481037925e-06	4.039839005887866e-08	3.0534956686626746e-06	3.972451850686163e-08	2.8512190219560878e-06	3.774660314308439e-08	-1.6346926147704683e-08	5.528866039425095e-08	0.9942993722050179	0.019222090273439508
