Cycle #	V	ids_Oupt01__--0.1000	ABS_ids_Oupt01__--0.1000	deviation	igs_Oupt02__--0.1000	ABS_igs_Oupt02__--0.1000	deviation.1	time_Oupt03__--0.1000	ABS_time_Oupt03__--0.1000	deviation.2	Unnamed: 11	Unnamed: 12	Unnamed: 13	Unnamed: 14	Unnamed: 15	Unnamed: 16	Unnamed: 17	Unnamed: 18	gm [S]	|gm| [S]
0.0	-0.6	6.516613e-05	6.516613e-05	4.437717e-09	-4.820147e-08	4.820147e-08	4.964205e-09	1342050.0	1342050.0										6.9999999998120545e-09	6.9999999998120545e-09
0.0	-0.58	6.516627e-05	6.516627e-05	2.218859e-09	-2.55573e-08	2.55573e-08	4.145399e-10	1342051.0	1342051.0										-3.2649999999988244e-07	3.2649999999988244e-07
0.0	-0.56	6.515307e-05	6.515307e-05	1.446836e-09	-1.739263e-08	1.739263e-08	5.069066e-11	1342051.0	1342051.0										-7.660000000003515e-07	7.660000000003515e-07
0.0	-0.54	6.513563e-05	6.513563e-05	9.0185e-10	-1.291317e-08	1.291317e-08	3.683983e-11	1342052.0	1342052.0										-1.0950000000000022e-06	1.0950000000000022e-06
0.0	-0.52	6.510927e-05	6.510927e-05	8.144528e-10	-9.959923e-09	9.959923e-09	1.060953e-10	1342052.0	1342052.0										-1.1575000000000647e-06	1.1575000000000647e-06
0.0	-0.5	6.508933e-05	6.508933e-05	1.159023e-09	-7.865033e-09	7.865033e-09	6.692864e-11	1342053.0	1342053.0										-1.1734999999996661e-06	1.1734999999996661e-06
0.0	-0.48	6.506233e-05	6.506233e-05	6.350853e-10	-6.37889e-09	6.37889e-09	1.216651e-10	1342054.0	1342054.0										-1.341500000000143e-06	1.341500000000143e-06
0.0	-0.46	6.503567e-05	6.503567e-05	1.36504e-09	-5.24998e-09	5.24998e-09	1.257692e-10	1342054.0	1342054.0										-1.4325000000001663e-06	1.4325000000001663e-06
0.0	-0.44	6.500503e-05	6.500503e-05	1.40119e-09	-4.23789e-09	4.23789e-09	1.210397e-10	1342055.0	1342055.0										-1.5734999999998927e-06	1.5734999999998927e-06
0.0	-0.42	6.497273e-05	6.497273e-05	3.05505e-10	-3.508327e-09	3.508327e-09	6.595506e-11	1342055.0	1342055.0										-1.5049999999999526e-06	1.5049999999999526e-06
0.0	-0.4	6.494483e-05	6.494483e-05	9.237604e-10	-2.89003e-09	2.89003e-09	1.045097e-10	1342056.0	1342056.0										-1.369999999999887e-06	1.369999999999887e-06
0.0	-0.38	6.491793e-05	6.491793e-05	1.106044e-09	-2.34246e-09	2.34246e-09	1.3232e-10	1342057.0	1342057.0										-1.5307500000000598e-06	1.5307500000000598e-06
0.0	-0.36	6.48836e-05	6.48836e-05	5.567764e-10	-1.955427e-09	1.955427e-09	1.144421e-10	1342057.0	1342057.0										-1.4932500000002825e-06	1.4932500000002825e-06
0.0	-0.34	6.48582e-05	6.48582e-05	7.211103e-10	-1.565617e-09	1.565617e-09	1.043157e-10	1342058.0	1342058.0										-1.4274999999997623e-06	1.4274999999997623e-06
0.0	-0.32	6.48265e-05	6.48265e-05	1.732051e-10	-1.278323e-09	1.278323e-09	1.270898e-10	1342058.0	1342058.0										-1.5424999999997299e-06	1.5424999999997299e-06
0.0	-0.3	6.47965e-05	6.47965e-05	7.549834e-10	-9.771167e-10	9.771167e-10	1.450637e-10	1342059.0	1342059.0										-1.3825000000002464e-06	1.3825000000002464e-06
0.0	-0.28	6.47712e-05	6.47712e-05	7e-10	-6.6638e-10	6.6638e-10	2.183809e-10	1342060.0	1342060.0										-1.305000000000273e-06	1.305000000000273e-06
0.0	-0.26	6.47443e-05	6.47443e-05	6e-10	-4.069007e-10	4.069007e-10	1.965339e-10	1342060.0	1342060.0										-1.3249999999999373e-06	1.3249999999999373e-06
0.0	-0.24	6.47182e-05	6.47182e-05	1.2e-09	-2.19345e-10	2.19345e-10	1.157988e-10	1342061.0	1342061.0										-1.2349999999998213e-06	1.2349999999998213e-06
0.0	-0.22	6.46949e-05	6.46949e-05	5.196152e-10	-8.861207e-11	8.861207e-11	1.022306e-10	1342062.0	1342062.0										-1.1200000000000706e-06	1.1200000000000706e-06
0.0	-0.2	6.46734e-05	6.46734e-05	1.178983e-09	1.35105e-11	1.35105e-11	9.775422e-11	1342062.0	1342062.0										-1.2217499999998566e-06	1.2217499999998566e-06
0.0	-0.18	6.464603e-05	6.464603e-05	7.505553e-10	9.218861e-11	9.218861e-11	1.041589e-10	1342063.0	1342063.0										-1.1467499999998684e-06	1.1467499999998684e-06
0.0	-0.16	6.462753e-05	6.462753e-05	3.785939e-10	1.974902e-10	1.974902e-10	1.03282e-10	1342063.0	1342063.0										-9.265000000002223e-07	9.265000000002223e-07
0.0	-0.14	6.460897e-05	6.460897e-05	1.527525e-10	2.861023e-10	2.861023e-10	1.008637e-10	1342064.0	1342064.0										-8.365000000001063e-07	8.365000000001063e-07
0.0	-0.12	6.459407e-05	6.459407e-05	2.136196e-09	3.802777e-10	3.802777e-10	1.157067e-10	1342065.0	1342065.0										-8.017499999999657e-07	8.017499999999657e-07
0.0	-0.1	6.45769e-05	6.45769e-05	2.179449e-09	2.7736e-10	2.7736e-10	1.548452e-10	1342065.0	1342065.0										-7.675000000002125e-07	7.675000000002125e-07
0.0	-0.08	6.456337e-05	6.456337e-05	9.814955e-10	5.23726e-10	5.23726e-10	1.157272e-10	1342066.0	1342066.0										-6.032499999999302e-07	6.032499999999302e-07
0.0	-0.06	6.455277e-05	6.455277e-05	3.21455e-10	6.850563e-10	6.850563e-10	1.223643e-10	1342067.0	1342067.0										-4.167500000000837e-07	4.167500000000837e-07
0.0	-0.04	6.45467e-05	6.45467e-05	8.888194e-10	8.217493e-10	8.217493e-10	1.454366e-10	1342067.0	1342067.0										-3.5500000000027697e-07	3.5500000000027697e-07
0.0	-0.02	6.453857e-05	6.453857e-05	1.266228e-09	9.73544e-10	9.73544e-10	1.379268e-10	1342068.0	1342068.0										-3.950000000000394e-07	3.950000000000394e-07
0.0	0.0	6.45309e-05	6.45309e-05	1e-10	1.152357e-09	1.152357e-09	1.391068e-10	1342068.0	1342068.0										-1.9099999999986315e-07	1.9099999999986315e-07
0.0	0.02	6.453093e-05	6.453093e-05	2.309401e-10	1.375277e-09	1.375277e-09	1.766437e-10	1342069.0	1342069.0										-2.1750000000044303e-08	2.1750000000044303e-08
0.0	0.04	6.453003e-05	6.453003e-05	1.761628e-09	1.56482e-09	1.56482e-09	1.577894e-10	1342070.0	1342070.0										-2.4649999999992386e-07	2.4649999999992386e-07
0.0	0.06	6.452107e-05	6.452107e-05	3.785939e-10	1.812777e-09	1.812777e-09	1.632668e-10	1342070.0	1342070.0										-1.9574999999953137e-07	1.9574999999953137e-07
0.0	0.08	6.45222e-05	6.45222e-05	1.352775e-09	2.056757e-09	2.056757e-09	1.505088e-10	1342071.0	1342071.0										7.999999999995858e-08	7.999999999995858e-08
0.0	0.1	6.452427e-05	6.452427e-05	8.144528e-10	2.293587e-09	2.293587e-09	1.803006e-10	1342071.0	1342071.0										6.500000000004766e-08	6.500000000004766e-08
0.0	0.12	6.45248e-05	6.45248e-05	7.937254e-10	2.595583e-09	2.595583e-09	1.710248e-10	1342072.0	1342072.0										8.324999999998264e-08	8.324999999998264e-08
0.0	0.14	6.45276e-05	6.45276e-05	4.582576e-10	2.890827e-09	2.890827e-09	1.985092e-10	1342073.0	1342073.0										8.075000000021433e-08	8.075000000021433e-08
0.0	0.16	6.452803e-05	6.452803e-05	1.22202e-09	3.234547e-09	3.234547e-09	1.961148e-10	1342073.0	1342073.0										1.2824999999993224e-07	1.2824999999993224e-07
0.0	0.18	6.453273e-05	6.453273e-05	7.571878e-10	3.50237e-09	3.50237e-09	1.933957e-10	1342074.0	1342074.0										1.2924999999983956e-07	1.2924999999983956e-07
0.0	0.2	6.45332e-05	6.45332e-05	7e-10	3.869137e-09	3.869137e-09	2.142538e-10	1342074.0	1342074.0										1.58500000000273e-07	1.58500000000273e-07
0.0	0.22	6.453907e-05	6.453907e-05	2.081666e-10	4.21961e-09	4.21961e-09	2.033601e-10	1342075.0	1342075.0										2.1574999999984627e-07	2.1574999999984627e-07
0.0	0.24	6.454183e-05	6.454183e-05	6.027714e-10	4.579227e-09	4.579227e-09	2.226508e-10	1342076.0	1342076.0										2.164999999998852e-07	2.164999999998852e-07
0.0	0.26	6.454773e-05	6.454773e-05	7.094599e-10	4.99924e-09	4.99924e-09	2.247747e-10	1342076.0	1342076.0										1.7925000000019314e-07	1.7925000000019314e-07
0.0	0.28	6.4549e-05	6.4549e-05	6.082763e-10	5.406143e-09	5.406143e-09	2.580193e-10	1342077.0	1342077.0										1.0674999999997319e-07	1.0674999999997319e-07
0.0	0.3	6.4552e-05	6.4552e-05	3.605551e-10	5.888937e-09	5.888937e-09	2.540785e-10	1342077.0	1342077.0										3.1500000000008084e-07	3.1500000000008084e-07
0.0	0.32	6.45616e-05	6.45616e-05	4.358899e-10	6.3928e-09	6.3928e-09	2.57366e-10	1342078.0	1342078.0										4.282499999998853e-07	4.282499999998853e-07
0.0	0.34	6.456913e-05	6.456913e-05	6.658328e-10	6.901823e-09	6.901823e-09	2.789508e-10	1342079.0	1342079.0										3.492500000000509e-07	3.492500000000509e-07
0.0	0.36	6.457557e-05	6.457557e-05	5.033223e-10	7.47482e-09	7.47482e-09	2.879001e-10	1342079.0	1342079.0										3.842500000000599e-07	3.842500000000599e-07
0.0	0.38	6.45845e-05	6.45845e-05	1.03923e-09	8.13961e-09	8.13961e-09	2.732561e-10	1342080.0	1342080.0										3.9750000000002457e-07	3.9750000000002457e-07
0.0	0.4	6.459147e-05	6.459147e-05	1.011599e-09	8.20001e-09	8.20001e-09	4.360303e-10	1342081.0	1342081.0										2.5250000000001833e-07	2.5250000000001833e-07
0.0	0.42	6.45946e-05	6.45946e-05	3.605551e-10	9.181897e-09	9.181897e-09	2.903668e-10	1342081.0	1342081.0										3.1324999999991776e-07	3.1324999999991776e-07
0.0	0.44	6.4604e-05	6.4604e-05	9.643651e-10	1.015463e-08	1.015463e-08	3.142865e-10	1342082.0	1342082.0										3.5175000000003606e-07	3.5175000000003606e-07
0.0	0.46	6.460867e-05	6.460867e-05	1.154701e-10	1.114967e-08	1.114967e-08	3.281153e-10	1342082.0	1342082.0										2.0425000000004467e-07	2.0425000000004467e-07
0.0	0.48	6.461217e-05	6.461217e-05	3.21455e-10	1.225197e-08	1.225197e-08	3.362372e-10	1342083.0	1342083.0										1.915000000002505e-07	1.915000000002505e-07
0.0	0.5	6.461633e-05	6.461633e-05	6.658328e-10	1.35108e-08	1.35108e-08	3.422302e-10	1342084.0	1342084.0										3.674999999999859e-07	3.674999999999859e-07
0.0	0.52	6.462687e-05	6.462687e-05	4.163332e-10	1.497947e-08	1.497947e-08	3.717809e-10	1342084.0	1342084.0										4.110000000000745e-07	4.110000000000745e-07
0.0	0.54	6.463277e-05	6.463277e-05	3.21455e-10	1.661697e-08	1.661697e-08	3.314941e-10	1342085.0	1342085.0										4.007500000002655e-07	4.007500000002655e-07
0.0	0.56	6.46429e-05	6.46429e-05	8e-10	1.85871e-08	1.85871e-08	3.920685e-10	1342085.0	1342085.0										4.1574999999995955e-07	4.1574999999995955e-07
0.0	0.58	6.46494e-05	6.46494e-05	9.539392e-10	2.087553e-08	2.087553e-08	4.185453e-10	1342086.0	1342086.0										1.842499999999466e-07	1.842499999999466e-07
0.0	0.6	6.465027e-05	6.465027e-05	1.250333e-09	2.35693e-08	2.35693e-08	4.685005e-10	1342087.0	1342087.0											
0.0	0.58	6.46409e-05	6.46409e-05	4.358899e-10	1.407663e-08	1.407663e-08	5.629363e-11	1342087.0	1342087.0										5.334999999999975e-07	5.334999999999975e-07
0.0	0.56	6.462893e-05	6.462893e-05	7.094599e-10	8.820693e-09	8.820693e-09	1.490164e-10	1342088.0	1342088.0										5.957500000001916e-07	5.957500000001916e-07
0.0	0.54	6.461707e-05	6.461707e-05	2.516611e-10	5.2019e-09	5.2019e-09	1.910935e-10	1342088.0	1342088.0										5.215000000002423e-07	5.215000000002423e-07
0.0	0.52	6.460807e-05	6.460807e-05	2.309401e-10	2.567373e-09	2.567373e-09	1.806554e-10	1342089.0	1342089.0										4.1499999999992064e-07	4.1499999999992064e-07
0.0	0.5	6.460047e-05	6.460047e-05	1.563117e-09	2.23716e-10	2.23716e-10	1.942281e-10	1342090.0	1342090.0										4.2174999999962035e-07	4.2174999999962035e-07
0.0	0.48	6.45912e-05	6.45912e-05	1.75784e-09	-1.113809e-09	1.113809e-09	2.507838e-10	1342090.0	1342090.0										4.2500000000029493e-07	4.2500000000029493e-07
0.0	0.46	6.458347e-05	6.458347e-05	1.078579e-09	-2.474787e-09	2.474787e-09	2.151973e-10	1342091.0	1342091.0										4.2325000000013185e-07	4.2325000000013185e-07
0.0	0.44	6.457427e-05	6.457427e-05	4.50925e-10	-3.637077e-09	3.637077e-09	2.04885e-10	1342092.0	1342092.0										3.749999999997245e-07	3.749999999997245e-07
0.0	0.42	6.456847e-05	6.456847e-05	2.081666e-10	-4.53313e-09	4.53313e-09	2.266584e-10	1342092.0	1342092.0										3.884999999999913e-07	3.884999999999913e-07
0.0	0.4	6.455873e-05	6.455873e-05	1.250333e-09	-5.363627e-09	5.363627e-09	2.44381e-10	1342093.0	1342093.0										4.950000000003129e-07	4.950000000003129e-07
0.0	0.38	6.454867e-05	6.454867e-05	1.159023e-09	-6.032387e-09	6.032387e-09	2.348944e-10	1342093.0	1342093.0										4.1999999999989095e-07	4.1999999999989095e-07
0.0	0.36	6.454193e-05	6.454193e-05	3.21455e-10	-6.584723e-09	6.584723e-09	2.504999e-10	1342094.0	1342094.0										3.49999999999873e-07	3.49999999999873e-07
0.0	0.34	6.453467e-05	6.453467e-05	5.686241e-10	-7.083417e-09	7.083417e-09	2.444486e-10	1342095.0	1342095.0										3.5575000000009904e-07	3.5575000000009904e-07
0.0	0.32	6.45277e-05	6.45277e-05	3e-10	-7.47919e-09	7.47919e-09	2.276313e-10	1342095.0	1342095.0										1.8174999999974462e-07	1.8174999999974462e-07
0.0	0.3	6.45274e-05	6.45274e-05	7.937254e-10	-7.368327e-09	7.368327e-09	2.795749e-10	1342096.0	1342096.0										1.5174999999992278e-07	1.5174999999992278e-07
0.0	0.28	6.452163e-05	6.452163e-05	1.101514e-09	-7.859073e-09	7.859073e-09	2.171445e-10	1342097.0	1342097.0										2.8924999999997356e-07	2.8924999999997356e-07
0.0	0.26	6.451583e-05	6.451583e-05	3.05505e-10	-8.143583e-09	8.143583e-09	1.997653e-10	1342097.0	1342097.0										2.3650000000041693e-07	2.3650000000041693e-07
0.0	0.24	6.451217e-05	6.451217e-05	4.041452e-10	-8.359353e-09	8.359353e-09	2.033042e-10	1342098.0	1342098.0										2.0000000000011328e-07	2.0000000000011328e-07
0.0	0.22	6.450783e-05	6.450783e-05	4.163332e-10	-8.515123e-09	8.515123e-09	2.218165e-10	1342098.0	1342098.0										1.0674999999975635e-07	1.0674999999975635e-07
0.0	0.2	6.45079e-05	6.45079e-05	6e-10	-8.633137e-09	8.633137e-09	2.27636e-10	1342099.0	1342099.0										2.640000000002536e-07	2.640000000002536e-07
0.0	0.18	6.449727e-05	6.449727e-05	4.041452e-10	-8.720157e-09	8.720157e-09	2.103303e-10	1342100.0	1342100.0										3.242500000001994e-07	3.242500000001994e-07
0.0	0.16	6.449493e-05	6.449493e-05	8.020806e-10	-8.80003e-09	8.80003e-09	2.177397e-10	1342100.0	1342100.0										5.350000000002922e-08	5.350000000002922e-08
0.0	0.14	6.449513e-05	6.449513e-05	9.0185e-10	-8.811157e-09	8.811157e-09	2.249272e-10	1342101.0	1342101.0										1.3649999999970977e-07	1.3649999999970977e-07
0.0	0.12	6.448947e-05	6.448947e-05	1.096966e-09	-8.80599e-09	8.80599e-09	2.01318e-10	1342101.0	1342101.0										8.74999999996972e-08	8.74999999996972e-08
0.0	0.1	6.449163e-05	6.449163e-05	7.571878e-10	-8.79725e-09	8.79725e-09	1.983216e-10	1342102.0	1342102.0										-8.499999999971204e-08	8.499999999971204e-08
0.0	0.08	6.449287e-05	6.449287e-05	1.159023e-09	-8.734463e-09	8.734463e-09	1.84825e-10	1342103.0	1342103.0										-8.674999999987512e-08	8.674999999987512e-08
0.0	0.06	6.44951e-05	6.44951e-05	1.216553e-09	-8.7138e-09	8.7138e-09	1.757891e-10	1342103.0	1342103.0										-1.6574999999992637e-07	1.6574999999992637e-07
0.0	0.04	6.44995e-05	6.44995e-05	4.582576e-10	-8.703867e-09	8.703867e-09	1.603647e-10	1342104.0	1342104.0										-3.0749999999990854e-07	3.0749999999990854e-07
0.0	0.02	6.45074e-05	6.45074e-05	3.464102e-10	-8.698303e-09	8.698303e-09	1.599905e-10	1342104.0	1342104.0										-3.092499999998548e-07	3.092499999998548e-07
0.0	0.0	6.451187e-05	6.451187e-05	1.184624e-09	-8.613663e-09	8.613663e-09	1.96772e-10	1342105.0	1342105.0										-2.817500000000181e-07	2.817500000000181e-07
0.0	-0.02	6.451867e-05	6.451867e-05	3.05505e-10	-8.593e-09	8.593e-09	1.806446e-10	1342106.0	1342106.0										-3.715000000000489e-07	3.715000000000489e-07
0.0	-0.04	6.452673e-05	6.452673e-05	3.785939e-10	-8.565583e-09	8.565583e-09	1.818345e-10	1342106.0	1342106.0										-4.2825000000010216e-07	4.2825000000010216e-07
0.0	-0.06	6.45358e-05	6.45358e-05	7.211103e-10	-8.5183e-09	8.5183e-09	1.597691e-10	1342107.0	1342107.0										-5.910000000000897e-07	5.910000000000897e-07
0.0	-0.08	6.455037e-05	6.455037e-05	8.962886e-10	-8.54095e-09	8.54095e-09	1.622711e-10	1342107.0	1342107.0										-7.142499999998348e-07	7.142499999998348e-07
0.0	-0.1	6.456437e-05	6.456437e-05	5.859465e-10	-8.552473e-09	8.552473e-09	1.449876e-10	1342108.0	1342108.0										-7.61500000000118e-07	7.61500000000118e-07
0.0	-0.12	6.458083e-05	6.458083e-05	1.001665e-09	-8.573533e-09	8.573533e-09	1.835916e-10	1342109.0	1342109.0										-7.525000000000847e-07	7.525000000000847e-07
0.0	-0.14	6.459447e-05	6.459447e-05	9.073772e-10	-8.627573e-09	8.627573e-09	1.705047e-10	1342109.0	1342109.0										-9.025000000002781e-07	9.025000000002781e-07
0.0	-0.16	6.461693e-05	6.461693e-05	4.618802e-10	-8.650623e-09	8.650623e-09	1.480906e-10	1342110.0	1342110.0										-1.2039999999998753e-06	1.2039999999998753e-06
0.0	-0.18	6.464263e-05	6.464263e-05	1.527525e-10	-8.719367e-09	8.719367e-09	1.928203e-10	1342110.0	1342110.0										-1.314249999999741e-06	1.314249999999741e-06
0.0	-0.2	6.46695e-05	6.46695e-05	5.567764e-10	-8.52307e-09	8.52307e-09	2.381269e-10	1342111.0	1342111.0										-1.2910000000000525e-06	1.2910000000000525e-06
0.0	-0.22	6.469427e-05	6.469427e-05	8.326664e-10	-8.752743e-09	8.752743e-09	1.669596e-10	1342112.0	1342112.0										-1.3167500000001598e-06	1.3167500000001598e-06
0.0	-0.24	6.472217e-05	6.472217e-05	9.451631e-10	-9.022553e-09	9.022553e-09	1.309159e-10	1342112.0	1342112.0										-1.4240000000000867e-06	1.4240000000000867e-06
0.0	-0.26	6.475123e-05	6.475123e-05	3.511885e-10	-9.232363e-09	9.232363e-09	1.798142e-10	1342113.0	1342113.0										-1.4514999999999233e-06	1.4514999999999233e-06
0.0	-0.28	6.478023e-05	6.478023e-05	1.115049e-09	-9.465217e-09	9.465217e-09	1.497794e-10	1342114.0	1342114.0										-1.6309999999999849e-06	1.6309999999999849e-06
0.0	-0.3	6.481647e-05	6.481647e-05	8.736895e-10	-9.773577e-09	9.773577e-09	2.285094e-10	1342114.0	1342114.0										-1.917499999999888e-06	1.917499999999888e-06
0.0	-0.32	6.485693e-05	6.485693e-05	5.773503e-10	-1.000803e-08	1.000803e-08	1.938196e-10	1342115.0	1342115.0										-1.988249999999728e-06	1.988249999999728e-06
0.0	-0.34	6.4896e-05	6.4896e-05	3.605551e-10	-1.04006e-08	1.04006e-08	1.777891e-10	1342115.0	1342115.0										-1.9474999999999267e-06	1.9474999999999267e-06
0.0	-0.36	6.493483e-05	6.493483e-05	4.163332e-10	-1.08278e-08	1.08278e-08	1.762156e-10	1342116.0	1342116.0										-1.7542500000001637e-06	1.7542500000001637e-06
0.0	-0.38	6.496617e-05	6.496617e-05	5.773503e-11	-1.132013e-08	1.132013e-08	2.057266e-10	1342117.0	1342117.0										-1.7092499999999972e-06	1.7092499999999972e-06
0.0	-0.4	6.50032e-05	6.50032e-05	1.53948e-09	-1.182473e-08	1.182473e-08	2.260637e-10	1342117.0	1342117.0										-1.9540000000001917e-06	1.9540000000001917e-06
0.0	-0.42	6.504433e-05	6.504433e-05	1.021437e-09	-1.236717e-08	1.236717e-08	2.725861e-10	1342118.0	1342118.0										-2.0050000000002358e-06	2.0050000000002358e-06
0.0	-0.44	6.50834e-05	6.50834e-05	1.053565e-09	-1.306613e-08	1.306613e-08	2.540577e-10	1342119.0	1342119.0										-1.9424999999999564e-06	1.9424999999999564e-06
0.0	-0.46	6.512203e-05	6.512203e-05	1.530795e-09	-1.380123e-08	1.380123e-08	2.499472e-10	1342119.0	1342119.0										-1.9592499999995967e-06	1.9592499999995967e-06
0.0	-0.48	6.516177e-05	6.516177e-05	5.773503e-11	-1.463293e-08	1.463293e-08	2.833284e-10	1342120.0	1342120.0										-1.9792499999999116e-06	1.9792499999999116e-06
0.0	-0.5	6.52012e-05	6.52012e-05	1.732051e-10	-1.561283e-08	1.561283e-08	2.876329e-10	1342120.0	1342120.0										-1.9507500000003845e-06	1.9507500000003845e-06
0.0	-0.52	6.52398e-05	6.52398e-05	2.645751e-10	-1.663723e-08	1.663723e-08	3.214056e-10	1342121.0	1342121.0										-1.8149999999998463e-06	1.8149999999998463e-06
0.0	-0.54	6.52738e-05	6.52738e-05	2e-10	-1.77288e-08	1.77288e-08	3.111069e-10	1342122.0	1342122.0										-1.7174999999997748e-06	1.7174999999997748e-06
0.0	-0.56	6.53085e-05	6.53085e-05	7e-10	-1.891097e-08	1.891097e-08	3.316568e-10	1342122.0	1342122.0										-1.726750000000327e-06	1.726750000000327e-06
0.0	-0.58	6.534287e-05	6.534287e-05	4.163332e-10	-2.013327e-08	2.013327e-08	3.780413e-10	1342123.0	1342123.0										-1.673250000000081e-06	1.673250000000081e-06
0.0	-0.6	6.537543e-05	6.537543e-05	9.291573e-10	-2.13313e-08	2.13313e-08	4.429469e-10	1342123.0	1342123.0											
1.0	-0.6	6.53754e-05	6.53754e-05	7.549834e-10	-1.80594e-08	1.80594e-08	2.133675e-10	1342124.0	1342124.0											
1.0	-0.58	6.533797e-05	6.533797e-05	8.082904e-10	-1.254123e-08	1.254123e-08	6.916447e-11	1342125.0	1342125.0										-1.7717500000000597e-06	1.7717500000000597e-06
1.0	-0.56	6.530453e-05	6.530453e-05	6.506407e-10	-9.388127e-09	9.388127e-09	1.132974e-10	1342125.0	1342125.0										-1.6260000000000146e-06	1.6260000000000146e-06
1.0	-0.54	6.527293e-05	6.527293e-05	5.507571e-10	-7.286073e-09	7.286073e-09	1.412094e-10	1342126.0	1342126.0										-1.527499999999602e-06	1.527499999999602e-06
1.0	-0.52	6.524343e-05	6.524343e-05	9.865766e-10	-5.92351e-09	5.92351e-09	1.517874e-10	1342127.0	1342127.0										-1.6207500000001759e-06	1.6207500000001759e-06
1.0	-0.5	6.52081e-05	6.52081e-05	7e-10	-4.594323e-09	4.594323e-09	1.087165e-10	1342127.0	1342127.0										-1.7282499999999711e-06	1.7282499999999711e-06
1.0	-0.48	6.51743e-05	6.51743e-05	6.244998e-10	-3.614027e-09	3.614027e-09	1.425252e-10	1342128.0	1342128.0										-1.6982499999999325e-06	1.6982499999999325e-06
1.0	-0.46	6.514017e-05	6.514017e-05	4.932883e-10	-2.868177e-09	2.868177e-09	1.469881e-10	1342128.0	1342128.0										-1.6642500000002645e-06	1.6642500000002645e-06
1.0	-0.44	6.510773e-05	6.510773e-05	8.504901e-10	-2.268157e-09	2.268157e-09	1.379585e-10	1342129.0	1342129.0										-1.5167500000000562e-06	1.5167500000000562e-06
1.0	-0.42	6.50795e-05	6.50795e-05	9.643651e-10	-1.747607e-09	1.747607e-09	1.366861e-10	1342130.0	1342130.0										-1.580749999999763e-06	1.580749999999763e-06
1.0	-0.4	6.50445e-05	6.50445e-05	1.4e-09	-1.37329e-09	1.37329e-09	1.38344e-10	1342130.0	1342130.0										-1.7992499999996796e-06	1.7992499999996796e-06
1.0	-0.38	6.500753e-05	6.500753e-05	5.773503e-11	-9.437397e-10	9.437397e-10	2.364506e-10	1342131.0	1342131.0										-1.777500000000069e-06	1.777500000000069e-06
1.0	-0.36	6.49734e-05	6.49734e-05	1.442221e-09	-5.145867e-10	5.145867e-10	2.485319e-10	1342131.0	1342131.0										-1.6082500000000333e-06	1.6082500000000333e-06
1.0	-0.34	6.49432e-05	6.49432e-05	7e-10	-2.340477e-10	2.340477e-10	1.383668e-10	1342132.0	1342132.0										-1.4917499999999879e-06	1.4917499999999879e-06
1.0	-0.32	6.491373e-05	6.491373e-05	7.767453e-10	-7.470453e-11	7.470453e-11	1.031304e-10	1342133.0	1342133.0										-1.4532500000000864e-06	1.4532500000000864e-06
1.0	-0.3	6.488507e-05	6.488507e-05	7.505553e-10	5.086267e-11	5.086267e-11	1.001737e-10	1342133.0	1342133.0										-1.4850000000002882e-06	1.4850000000002882e-06
1.0	-0.28	6.485433e-05	6.485433e-05	1.167619e-09	1.521906e-10	1.521906e-10	1.075091e-10	1342134.0	1342134.0										-1.3985000000000646e-06	1.3985000000000646e-06
1.0	-0.26	6.482913e-05	6.482913e-05	1.205543e-09	2.328553e-10	2.328553e-10	1.16827e-10	1342134.0	1342134.0										-1.289000000000021e-06	1.289000000000021e-06
1.0	-0.24	6.480277e-05	6.480277e-05	4.618802e-10	4.184247e-10	4.184247e-10	1.225422e-10	1342135.0	1342135.0										-1.282499999999973e-06	1.282499999999973e-06
1.0	-0.22	6.477783e-05	6.477783e-05	6.027714e-10	5.503497e-10	5.503497e-10	1.475614e-10	1342136.0	1342136.0										-1.153499999999785e-06	1.153499999999785e-06
1.0	-0.2	6.475663e-05	6.475663e-05	2.886751e-10	6.67572e-10	6.67572e-10	1.082839e-10	1342136.0	1342136.0										-1.2924999999999135e-06	1.2924999999999135e-06
1.0	-0.18	6.472613e-05	6.472613e-05	7.767453e-10	7.708867e-10	7.708867e-10	1.156412e-10	1342137.0	1342137.0										-1.2232500000001513e-06	1.2232500000001513e-06
1.0	-0.16	6.47077e-05	6.47077e-05	6.928203e-10	8.658553e-10	8.658553e-10	1.419388e-10	1342137.0	1342137.0										-9.025000000002781e-07	9.025000000002781e-07
1.0	-0.14	6.469003e-05	6.469003e-05	1.159023e-09	1.016856e-09	1.016856e-09	1.243511e-10	1342138.0	1342138.0										-9.067499999999926e-07	9.067499999999926e-07
1.0	-0.12	6.467143e-05	6.467143e-05	1.70098e-09	1.11143e-09	1.11143e-09	1.306991e-10	1342139.0	1342139.0										-1.0149999999998268e-06	1.0149999999998268e-06
1.0	-0.1	6.464943e-05	6.464943e-05	1.171893e-09	1.207987e-09	1.207987e-09	1.407072e-10	1342139.0	1342139.0										-9.71499999999955e-07	9.71499999999955e-07
1.0	-0.08	6.463257e-05	6.463257e-05	2.309401e-10	1.36892e-09	1.36892e-09	1.348808e-10	1342140.0	1342140.0										-7.175000000000757e-07	7.175000000000757e-07
1.0	-0.06	6.462073e-05	6.462073e-05	1.628906e-09	1.50919e-09	1.50919e-09	1.400245e-10	1342141.0	1342141.0										-5.560000000000807e-07	5.560000000000807e-07
1.0	-0.04	6.461033e-05	6.461033e-05	1.22202e-09	1.672903e-09	1.672903e-09	1.170701e-10	1342141.0	1342141.0										-5.27499999999903e-07	5.27499999999903e-07
1.0	-0.02	6.459963e-05	6.459963e-05	6.658328e-10	1.482567e-09	1.482567e-09	2.095074e-10	1342142.0	1342142.0										-5.500000000002031e-07	5.500000000002031e-07
1.0	0.0	6.458833e-05	6.458833e-05	1.193035e-09	1.867213e-09	1.867213e-09	1.529228e-10	1342142.0	1342142.0										-4.2499999999986125e-07	4.2499999999986125e-07
1.0	0.02	6.458263e-05	6.458263e-05	6.110101e-10	2.098083e-09	2.098083e-09	1.578418e-10	1342143.0	1342143.0										-2.2999999999993512e-07	2.2999999999993512e-07
1.0	0.04	6.457913e-05	6.457913e-05	7.371115e-10	2.38339e-09	2.38339e-09	1.64533e-10	1342144.0	1342144.0										-3.282500000000455e-07	3.282500000000455e-07
1.0	0.06	6.45695e-05	6.45695e-05	9e-10	2.581277e-09	2.581277e-09	1.912312e-10	1342144.0	1342144.0										-2.874999999998105e-07	2.874999999998105e-07
1.0	0.08	6.456763e-05	6.456763e-05	5.686241e-10	2.768043e-09	2.768043e-09	1.740572e-10	1342145.0	1342145.0										-1.3675000000001186e-07	1.3675000000001186e-07
1.0	0.1	6.456403e-05	6.456403e-05	6.806859e-10	3.033083e-09	3.033083e-09	1.884757e-10	1342146.0	1342146.0										-1.4500000000000624e-07	1.4500000000000624e-07
1.0	0.12	6.456183e-05	6.456183e-05	1.209683e-09	3.30607e-09	3.30607e-09	1.992238e-10	1342146.0	1342146.0										-1.364999999999266e-07	1.364999999999266e-07
1.0	0.14	6.455857e-05	6.455857e-05	3.21455e-10	3.666083e-09	3.666083e-09	2.183676e-10	1342147.0	1342147.0										-1.215000000000157e-07	1.215000000000157e-07
1.0	0.16	6.455697e-05	6.455697e-05	3.05505e-10	3.843707e-09	3.843707e-09	1.965221e-10	1342147.0	1342147.0										-1.0924999999995834e-07	1.0924999999995834e-07
1.0	0.18	6.45542e-05	6.45542e-05	1.03923e-09	4.138947e-09	4.138947e-09	2.274912e-10	1342148.0	1342148.0										-9.174999999984543e-08	9.174999999984543e-08
1.0	0.2	6.45533e-05	6.45533e-05	8.888194e-10	4.419883e-09	4.419883e-09	2.241826e-10	1342149.0	1342149.0										-1.325000000018152e-08	1.325000000018152e-08
1.0	0.22	6.455367e-05	6.455367e-05	6.110101e-10	4.752477e-09	4.752477e-09	2.182585e-10	1342149.0	1342149.0										1.6750000000290838e-08	1.6750000000290838e-08
1.0	0.24	6.455397e-05	6.455397e-05	6.806859e-10	5.099773e-09	5.099773e-09	2.217346e-10	1342150.0	1342150.0										9.149999999997702e-08	9.149999999997702e-08
1.0	0.26	6.455733e-05	6.455733e-05	5.507571e-10	5.40932e-09	5.40932e-09	2.58055e-10	1342150.0	1342150.0										1.5900000000000983e-07	1.5900000000000983e-07
1.0	0.28	6.456033e-05	6.456033e-05	1.040833e-09	5.73993e-09	5.73993e-09	2.650394e-10	1342151.0	1342151.0										1.2750000000011016e-07	1.2750000000011016e-07
1.0	0.3	6.456243e-05	6.456243e-05	1.02632e-09	6.093583e-09	6.093583e-09	2.677749e-10	1342152.0	1342152.0										1.0349999999994912e-07	1.0349999999994912e-07
1.0	0.32	6.456447e-05	6.456447e-05	8.621678e-10	6.484987e-09	6.484987e-09	2.565993e-10	1342152.0	1342152.0										1.4500000000000624e-07	1.4500000000000624e-07
1.0	0.34	6.456823e-05	6.456823e-05	1.301281e-09	6.889897e-09	6.889897e-09	2.748373e-10	1342153.0	1342153.0										1.3824999999987285e-07	1.3824999999987285e-07
1.0	0.36	6.457e-05	6.457e-05	1.777639e-09	7.31667e-09	7.31667e-09	2.918062e-10	1342153.0	1342153.0										1.6999999999985776e-07	1.6999999999985776e-07
1.0	0.38	6.457503e-05	6.457503e-05	1.154701e-10	7.79748e-09	7.79748e-09	2.776726e-10	1342154.0	1342154.0										2.1574999999984627e-07	2.1574999999984627e-07
1.0	0.4	6.457863e-05	6.457863e-05	8.736895e-10	8.355377e-09	8.355377e-09	2.874137e-10	1342155.0	1342155.0										2.1750000000000935e-07	2.1750000000000935e-07
1.0	0.42	6.458373e-05	6.458373e-05	1.530795e-09	9.011427e-09	9.011427e-09	3.069698e-10	1342155.0	1342155.0										3.7350000000008036e-07	3.7350000000008036e-07
1.0	0.44	6.459357e-05	6.459357e-05	1.106044e-09	9.685767e-09	9.685767e-09	3.296317e-10	1342156.0	1342156.0										2.5349999999992566e-07	2.5349999999992566e-07
1.0	0.46	6.459387e-05	6.459387e-05	7.094599e-10	1.049837e-08	1.049837e-08	3.571905e-10	1342156.0	1342156.0										2.7149999999999223e-07	2.7149999999999223e-07
1.0	0.48	6.460443e-05	6.460443e-05	4.932883e-10	1.078167e-08	1.078167e-08	4.172903e-10	1342157.0	1342157.0										3.699999999997542e-07	3.699999999997542e-07
1.0	0.5	6.460867e-05	6.460867e-05	1.006645e-09	1.21228e-08	1.21228e-08	3.128839e-10	1342158.0	1342158.0										3.2500000000002145e-07	3.2500000000002145e-07
1.0	0.52	6.461743e-05	6.461743e-05	7.234178e-10	1.352507e-08	1.352507e-08	3.794902e-10	1342158.0	1342158.0										4.4650000000003714e-07	4.4650000000003714e-07
1.0	0.54	6.462653e-05	6.462653e-05	7.571878e-10	1.520313e-08	1.520313e-08	3.788451e-10	1342159.0	1342159.0										3.984999999999319e-07	3.984999999999319e-07
1.0	0.56	6.463337e-05	6.463337e-05	5.859465e-10	1.699807e-08	1.699807e-08	3.907065e-10	1342160.0	1342160.0										3.36750000000342e-07	3.36750000000342e-07
1.0	0.58	6.464e-05	6.464e-05	6e-10	1.924433e-08	1.924433e-08	3.981594e-10	1342160.0	1342160.0										3.414999999995765e-07	3.414999999995765e-07
1.0	0.6	6.464703e-05	6.464703e-05	5.859465e-10	2.192257e-08	2.192257e-08	3.967884e-10	1342161.0	1342161.0											
1.0	0.58	6.46377e-05	6.46377e-05	5.567764e-10	1.28782e-08	1.28782e-08	5.389221e-11	1342161.0	1342161.0										5.414999999996898e-07	5.414999999996898e-07
1.0	0.56	6.462537e-05	6.462537e-05	6.027714e-10	7.868607e-09	7.868607e-09	1.277795e-10	1342162.0	1342162.0										5.450000000002328e-07	5.450000000002328e-07
1.0	0.54	6.46159e-05	6.46159e-05	2.645751e-10	4.504123e-09	4.504123e-09	2.116759e-10	1342163.0	1342163.0										4.024999999999949e-07	4.024999999999949e-07
1.0	0.52	6.460927e-05	6.460927e-05	1.250333e-09	1.9443e-09	1.9443e-09	2.026524e-10	1342163.0	1342163.0										4.74999999999998e-07	4.74999999999998e-07
1.0	0.5	6.45969e-05	6.45969e-05	6.928203e-10	-1.982846e-10	1.982846e-10	1.624326e-10	1342164.0	1342164.0										5.767500000000009e-07	5.767500000000009e-07
1.0	0.48	6.45862e-05	6.45862e-05	4e-10	-1.595813e-09	1.595813e-09	2.123798e-10	1342164.0	1342164.0										5.649999999996803e-07	5.649999999996803e-07
1.0	0.46	6.45743e-05	6.45743e-05	4.358899e-10	-2.874533e-09	2.874533e-09	1.983681e-10	1342165.0	1342165.0										4.842500000001165e-07	4.842500000001165e-07
1.0	0.44	6.456683e-05	6.456683e-05	8.386497e-10	-3.91086e-09	3.91086e-09	1.929405e-10	1342166.0	1342166.0										3.3750000000016406e-07	3.3750000000016406e-07
1.0	0.42	6.45608e-05	6.45608e-05	1.732051e-10	-4.860563e-09	4.860563e-09	2.002996e-10	1342166.0	1342166.0										3.214999999996953e-07	3.214999999996953e-07
1.0	0.4	6.455397e-05	6.455397e-05	3.785939e-10	-5.586147e-09	5.586147e-09	2.094161e-10	1342167.0	1342167.0										3.5249999999985814e-07	3.5249999999985814e-07
1.0	0.38	6.45467e-05	6.45467e-05	4.582576e-10	-6.301403e-09	6.301403e-09	2.31353e-10	1342168.0	1342168.0										3.1350000000021985e-07	3.1350000000021985e-07
1.0	0.36	6.454143e-05	6.454143e-05	2.886751e-10	-6.840623e-09	6.840623e-09	2.129638e-10	1342168.0	1342168.0										3.907499999998912e-07	3.907499999998912e-07
1.0	0.34	6.453107e-05	6.453107e-05	5.507571e-10	-7.288853e-09	7.288853e-09	2.528137e-10	1342169.0	1342169.0										3.864999999999598e-07	3.864999999999598e-07
1.0	0.32	6.452597e-05	6.452597e-05	1.011599e-09	-7.748603e-09	7.748603e-09	2.306908e-10	1342169.0	1342169.0										1.6349999999980963e-07	1.6349999999980963e-07
1.0	0.3	6.452453e-05	6.452453e-05	1.193035e-09	-8.0204e-09	8.0204e-09	2.254891e-10	1342170.0	1342170.0										2.1924999999973875e-07	2.1924999999973875e-07
1.0	0.28	6.45172e-05	6.45172e-05	9.539392e-10	-8.302527e-09	8.302527e-09	2.303766e-10	1342171.0	1342171.0										2.6000000000019063e-07	2.6000000000019063e-07
1.0	0.26	6.451413e-05	6.451413e-05	1.527525e-10	-8.523067e-09	8.523067e-09	2.390771e-10	1342171.0	1342171.0										2.6925000000009233e-07	2.6925000000009233e-07
1.0	0.24	6.450643e-05	6.450643e-05	1.724336e-09	-8.697113e-09	8.697113e-09	2.213601e-10	1342172.0	1342172.0										2.3824999999971265e-07	2.3824999999971265e-07
1.0	0.22	6.45046e-05	6.45046e-05	3.464102e-10	-8.406243e-09	8.406243e-09	3.085721e-10	1342173.0	1342173.0										9.99999999998398e-08	9.99999999998398e-08
1.0	0.2	6.450243e-05	6.450243e-05	4.041452e-10	-8.722943e-09	8.722943e-09	2.274517e-10	1342173.0	1342173.0										1.4500000000000624e-07	1.4500000000000624e-07
1.0	0.18	6.44988e-05	6.44988e-05	9.539392e-10	-8.8195e-09	8.8195e-09	2.441802e-10	1342174.0	1342174.0										7.325000000004203e-08	7.325000000004203e-08
1.0	0.16	6.44995e-05	6.44995e-05	2e-10	-8.951027e-09	8.951027e-09	2.135528e-10	1342174.0	1342174.0										4.6750000000112674e-08	4.6750000000112674e-08
1.0	0.14	6.449693e-05	6.449693e-05	6.027714e-10	-8.998317e-09	8.998317e-09	2.124399e-10	1342175.0	1342175.0										7.17499999999642e-08	7.17499999999642e-08
1.0	0.12	6.449663e-05	6.449663e-05	6.506407e-10	-9.036463e-09	9.036463e-09	2.053437e-10	1342176.0	1342176.0										3.500000000000898e-08	3.500000000000898e-08
1.0	0.1	6.449553e-05	6.449553e-05	1.331666e-09	-9.04282e-09	9.04282e-09	2.094477e-10	1342176.0	1342176.0										5.400000000019972e-08	5.400000000019972e-08
1.0	0.08	6.449447e-05	6.449447e-05	1.02632e-09	-9.010633e-09	9.010633e-09	1.889626e-10	1342177.0	1342177.0										-1.7500000001630794e-09	1.7500000001630794e-09
1.0	0.06	6.44956e-05	6.44956e-05	7.211103e-10	-8.980433e-09	8.980433e-09	1.837151e-10	1342177.0	1342177.0										-1.3399999999950778e-07	1.3399999999950778e-07
1.0	0.04	6.449983e-05	6.449983e-05	5.033223e-10	-8.980433e-09	8.980433e-09	2.086161e-10	1342178.0	1342178.0										-2.2000000000021135e-07	2.2000000000021135e-07
1.0	0.02	6.45044e-05	6.45044e-05	7.549834e-10	-8.943877e-09	8.943877e-09	1.819789e-10	1342179.0	1342179.0										-3.2750000000022345e-07	3.2750000000022345e-07
1.0	0.0	6.451293e-05	6.451293e-05	8.621678e-10	-8.900957e-09	8.900957e-09	1.909218e-10	1342179.0	1342179.0										-4.717499999997571e-07	4.717499999997571e-07
1.0	-0.02	6.452327e-05	6.452327e-05	1.001665e-09	-8.920827e-09	8.920827e-09	1.844452e-10	1342180.0	1342180.0										-5.05999999999944e-07	5.05999999999944e-07
1.0	-0.04	6.453317e-05	6.453317e-05	4.725816e-10	-8.857643e-09	8.857643e-09	1.796161e-10	1342180.0	1342180.0										-5.790000000001176e-07	5.790000000001176e-07
1.0	-0.06	6.454643e-05	6.454643e-05	5.033223e-10	-8.86639e-09	8.86639e-09	1.711236e-10	1342181.0	1342181.0										-6.115000000001414e-07	6.115000000001414e-07
1.0	-0.08	6.455763e-05	6.455763e-05	5.507571e-10	-8.851287e-09	8.851287e-09	1.889036e-10	1342182.0	1342182.0										-6.074999999998616e-07	6.074999999998616e-07
1.0	-0.1	6.457073e-05	6.457073e-05	2.886751e-10	-8.85685e-09	8.85685e-09	1.8435e-10	1342182.0	1342182.0										-6.142500000002118e-07	6.142500000002118e-07
1.0	-0.12	6.45822e-05	6.45822e-05	1.135782e-09	-8.844533e-09	8.844533e-09	1.807782e-10	1342183.0	1342183.0										-7.492500000002775e-07	7.492500000002775e-07
1.0	-0.14	6.46007e-05	6.46007e-05	5.196152e-10	-8.89897e-09	8.89897e-09	1.409024e-10	1342184.0	1342184.0										-1.0682499999997708e-06	1.0682499999997708e-06
1.0	-0.16	6.462493e-05	6.462493e-05	9.291573e-10	-8.898573e-09	8.898573e-09	1.588023e-10	1342184.0	1342184.0										-1.1699999999997737e-06	1.1699999999997737e-06
1.0	-0.18	6.46475e-05	6.46475e-05	7.937254e-10	-9.02653e-09	9.02653e-09	1.5855e-10	1342185.0	1342185.0										-1.125000000000041e-06	1.125000000000041e-06
1.0	-0.2	6.466993e-05	6.466993e-05	7.767453e-10	-9.096063e-09	9.096063e-09	1.722719e-10	1342185.0	1342185.0										-1.2232499999999345e-06	1.2232499999999345e-06
1.0	-0.22	6.469643e-05	6.469643e-05	9.073772e-10	-9.216863e-09	9.216863e-09	1.671298e-10	1342186.0	1342186.0										-1.316749999999943e-06	1.316749999999943e-06
1.0	-0.24	6.47226e-05	6.47226e-05	7.211103e-10	-9.3627e-09	9.3627e-09	1.846667e-10	1342187.0	1342187.0										-1.3325000000001096e-06	1.3325000000001096e-06
1.0	-0.26	6.474973e-05	6.474973e-05	2.421432e-09	-9.52681e-09	9.52681e-09	1.758434e-10	1342187.0	1342187.0										-1.5942500000000297e-06	1.5942500000000297e-06
1.0	-0.28	6.478637e-05	6.478637e-05	1.817507e-09	-9.382567e-09	9.382567e-09	2.524248e-10	1342188.0	1342188.0										-1.6635000000002256e-06	1.6635000000002256e-06
1.0	-0.3	6.481627e-05	6.481627e-05	8.326664e-10	-9.68536e-09	9.68536e-09	1.882843e-10	1342189.0	1342189.0										-1.6465000000000663e-06	1.6465000000000663e-06
1.0	-0.32	6.485223e-05	6.485223e-05	7.571878e-10	-1.00084e-08	1.00084e-08	1.789756e-10	1342189.0	1342189.0										-1.8182499999996535e-06	1.8182499999996535e-06
1.0	-0.34	6.4889e-05	6.4889e-05	8.544004e-10	-1.03561e-08	1.03561e-08	1.776662e-10	1342190.0	1342190.0										-1.8459999999997923e-06	1.8459999999997923e-06
1.0	-0.36	6.492607e-05	6.492607e-05	6.506407e-10	-1.07483e-08	1.07483e-08	1.94952e-10	1342190.0	1342190.0										-1.8567500000002055e-06	1.8567500000002055e-06
1.0	-0.38	6.496327e-05	6.496327e-05	5.773503e-10	-1.11544e-08	1.11544e-08	2.0452e-10	1342191.0	1342191.0										-1.8950000000002385e-06	1.8950000000002385e-06
1.0	-0.4	6.500187e-05	6.500187e-05	3.05505e-10	-1.16209e-08	1.16209e-08	1.96115e-10	1342192.0	1342192.0										-1.975750000000019e-06	1.975750000000019e-06
1.0	-0.42	6.50423e-05	6.50423e-05	4.358899e-10	-1.211763e-08	1.211763e-08	2.408639e-10	1342192.0	1342192.0										-1.9657500000000785e-06	1.9657500000000785e-06
1.0	-0.44	6.50805e-05	6.50805e-05	1.276715e-09	-1.265643e-08	1.265643e-08	2.201623e-10	1342193.0	1342193.0										-2.0125000000001912e-06	2.0125000000001912e-06
1.0	-0.46	6.51228e-05	6.51228e-05	1.276715e-09	-1.325963e-08	1.325963e-08	2.695982e-10	1342193.0	1342193.0										-2.039249999999772e-06	2.039249999999772e-06
1.0	-0.48	6.516207e-05	6.516207e-05	6.658328e-10	-1.39888e-08	1.39888e-08	2.780577e-10	1342194.0	1342194.0										-1.987499999999689e-06	1.987499999999689e-06
1.0	-0.5	6.52023e-05	6.52023e-05	1.014889e-09	-1.48062e-08	1.48062e-08	2.877012e-10	1342195.0	1342195.0										-1.9115000000000104e-06	1.9115000000000104e-06
1.0	-0.52	6.523853e-05	6.523853e-05	1.209683e-09	-1.57074e-08	1.57074e-08	2.815142e-10	1342195.0	1342195.0										-1.8132500000001169e-06	1.8132500000001169e-06
1.0	-0.54	6.527483e-05	6.527483e-05	8.020806e-10	-1.674533e-08	1.674533e-08	3.17692e-10	1342196.0	1342196.0										-1.9024999999999771e-06	1.9024999999999771e-06
1.0	-0.56	6.531463e-05	6.531463e-05	1.050397e-09	-1.782973e-08	1.782973e-08	3.417131e-10	1342196.0	1342196.0										-1.9784999999998727e-06	1.9784999999998727e-06
1.0	-0.58	6.535397e-05	6.535397e-05	5.507571e-10	-1.902857e-08	1.902857e-08	3.310277e-10	1342197.0	1342197.0										-1.863500000000122e-06	1.863500000000122e-06
1.0	-0.6	6.538917e-05	6.538917e-05	6.350853e-10	-2.029893e-08	2.029893e-08	4.005371e-10	1342198.0	1342198.0											
2.0	-0.6	6.539033e-05	6.539033e-05	3.05505e-10	-1.72798e-08	1.72798e-08	1.599988e-10	1342198.0	1342198.0											
2.0	-0.58	6.535843e-05	6.535843e-05	6.110101e-10	-1.20791e-08	1.20791e-08	6.440373e-11	1342199.0	1342199.0										-1.6607499999997215e-06	1.6607499999997215e-06
2.0	-0.56	6.53239e-05	6.53239e-05	4.358899e-10	-9.051957e-09	9.051957e-09	1.307749e-10	1342200.0	1342200.0										-1.7457499999998672e-06	1.7457499999998672e-06
2.0	-0.54	6.52886e-05	6.52886e-05	9.165151e-10	-7.041293e-09	7.041293e-09	1.404805e-10	1342200.0	1342200.0										-1.6257500000001462e-06	1.6257500000001462e-06
2.0	-0.52	6.525887e-05	6.525887e-05	8.326664e-10	-5.595287e-09	5.595287e-09	1.189216e-10	1342201.0	1342201.0										-1.5582500000003302e-06	1.5582500000003302e-06
2.0	-0.5	6.522627e-05	6.522627e-05	2.886751e-10	-4.432997e-09	4.432997e-09	1.21976e-10	1342201.0	1342201.0										-1.6567500000000922e-06	1.6567500000000922e-06
2.0	-0.48	6.51926e-05	6.51926e-05	1.410674e-09	-3.53336e-09	3.53336e-09	1.623346e-10	1342202.0	1342202.0										-1.6467500000001516e-06	1.6467500000001516e-06
2.0	-0.46	6.51604e-05	6.51604e-05	2.645751e-10	-2.830427e-09	2.830427e-09	1.704404e-10	1342203.0	1342203.0										-1.507499999999504e-06	1.507499999999504e-06
2.0	-0.44	6.51323e-05	6.51323e-05	9.848858e-10	-2.539557e-09	2.539557e-09	1.849721e-10	1342203.0	1342203.0										-1.6474999999997568e-06	1.6474999999997568e-06
2.0	-0.42	6.50945e-05	6.50945e-05	1.178983e-09	-1.87278e-09	1.87278e-09	1.679216e-10	1342204.0	1342204.0										-1.7782500000003247e-06	1.7782500000003247e-06
2.0	-0.4	6.506117e-05	6.506117e-05	7.371115e-10	-1.477403e-09	1.477403e-09	1.442466e-10	1342205.0	1342205.0										-1.6474999999999736e-06	1.6474999999999736e-06
2.0	-0.38	6.50286e-05	6.50286e-05	1.442221e-09	-1.09116e-09	1.09116e-09	1.668929e-10	1342205.0	1342205.0										-1.673500000000383e-06	1.673500000000383e-06
2.0	-0.36	6.499423e-05	6.499423e-05	7.371115e-10	-7.005533e-10	7.005533e-10	2.857974e-10	1342206.0	1342206.0										-1.5982500000000927e-06	1.5982500000000927e-06
2.0	-0.34	6.496467e-05	6.496467e-05	2.081666e-10	-3.41336e-10	3.41336e-10	1.702207e-10	1342206.0	1342206.0										-1.5024999999999674e-06	1.5024999999999674e-06
2.0	-0.32	6.493413e-05	6.493413e-05	1.833939e-09	-1.223881e-10	1.223881e-10	1.085873e-10	1342207.0	1342207.0										-1.5860000000000353e-06	1.5860000000000353e-06
2.0	-0.3	6.490123e-05	6.490123e-05	8.962886e-10	-1.20004e-10	1.20004e-10	8.972697e-11	1342208.0	1342208.0										-1.5514999999997631e-06	1.5514999999997631e-06
2.0	-0.28	6.487207e-05	6.487207e-05	3.05505e-10	5.880993e-11	5.880993e-11	1.033232e-10	1342208.0	1342208.0										-1.323249999999991e-06	1.323249999999991e-06
2.0	-0.26	6.48483e-05	6.48483e-05	3.464102e-10	2.173582e-10	2.173582e-10	1.136016e-10	1342209.0	1342209.0										-1.2750000000000174e-06	1.2750000000000174e-06
2.0	-0.24	6.482107e-05	6.482107e-05	7.371115e-10	3.39349e-10	3.39349e-10	1.317377e-10	1342210.0	1342210.0										-1.3174999999999819e-06	1.3174999999999819e-06
2.0	-0.22	6.47956e-05	6.47956e-05	2.787472e-09	4.935267e-10	4.935267e-10	1.283536e-10	1342210.0	1342210.0										-1.2610000000000138e-06	1.2610000000000138e-06
2.0	-0.2	6.477063e-05	6.477063e-05	1.457166e-09	6.29822e-10	6.29822e-10	1.488987e-10	1342211.0	1342211.0										-1.21499999999994e-06	1.21499999999994e-06
2.0	-0.18	6.4747e-05	6.4747e-05	8.185353e-10	7.446607e-10	7.446607e-10	1.372632e-10	1342211.0	1342211.0										-1.0764999999997651e-06	1.0764999999997651e-06
2.0	-0.16	6.472757e-05	6.472757e-05	2.886751e-10	8.761867e-10	8.761867e-10	1.296727e-10	1342212.0	1342212.0										-1.034249999999886e-06	1.034249999999886e-06
2.0	-0.14	6.470563e-05	6.470563e-05	1.563117e-09	9.409583e-10	9.409583e-10	2.12076e-10	1342213.0	1342213.0										-1.0725000000001358e-06	1.0725000000001358e-06
2.0	-0.12	6.468467e-05	6.468467e-05	3.511885e-10	1.038709e-09	1.038709e-09	1.378411e-10	1342213.0	1342213.0										-9.450000000000257e-07	9.450000000000257e-07
2.0	-0.1	6.466783e-05	6.466783e-05	1.167619e-09	1.206797e-09	1.206797e-09	1.354067e-10	1342214.0	1342214.0										-8.06749999999936e-07	8.06749999999936e-07
2.0	-0.08	6.46524e-05	6.46524e-05	6.244998e-10	1.327597e-09	1.327597e-09	1.323536e-10	1342215.0	1342215.0										-7.289999999998773e-07	7.289999999998773e-07
2.0	-0.06	6.463867e-05	6.463867e-05	8.082904e-10	1.499257e-09	1.499257e-09	1.548043e-10	1342215.0	1342215.0										-5.992500000005178e-07	5.992500000005178e-07
2.0	-0.04	6.462843e-05	6.462843e-05	7.637626e-10	1.684823e-09	1.684823e-09	1.473653e-10	1342216.0	1342216.0										-6.200000000000042e-07	6.200000000000042e-07
2.0	-0.02	6.461387e-05	6.461387e-05	3.511885e-10	1.881917e-09	1.881917e-09	1.684454e-10	1342216.0	1342216.0										-5.774999999996061e-07	5.774999999996061e-07
2.0	0.0	6.460533e-05	6.460533e-05	6.658328e-10	2.06709e-09	2.06709e-09	1.675197e-10	1342217.0	1342217.0										-5.575000000001586e-07	5.575000000001586e-07
2.0	0.02	6.459157e-05	6.459157e-05	2.309401e-10	2.26458e-09	2.26458e-09	1.794103e-10	1342218.0	1342218.0										-5.34000000000168e-07	5.34000000000168e-07
2.0	0.04	6.458397e-05	6.458397e-05	1.721434e-09	2.23438e-09	2.23438e-09	1.424325e-10	1342218.0	1342218.0										-3.7849999999983383e-07	3.7849999999983383e-07
2.0	0.06	6.457643e-05	6.457643e-05	3.21455e-10	2.419157e-09	2.419157e-09	1.865653e-10	1342219.0	1342219.0										-2.5499999999978665e-07	2.5499999999978665e-07
2.0	0.08	6.457377e-05	6.457377e-05	1.855622e-09	2.760887e-09	2.760887e-09	1.81388e-10	1342220.0	1342220.0										-1.1900000000003054e-07	1.1900000000003054e-07
2.0	0.1	6.457167e-05	6.457167e-05	3.785939e-10	3.020367e-09	3.020367e-09	1.90144e-10	1342220.0	1342220.0										-1.5999999999991715e-07	1.5999999999991715e-07
2.0	0.12	6.456737e-05	6.456737e-05	6.027714e-10	3.344617e-09	3.344617e-09	1.975424e-10	1342221.0	1342221.0										-1.5349999999986902e-07	1.5349999999986902e-07
2.0	0.14	6.456553e-05	6.456553e-05	5.859465e-10	3.608467e-09	3.608467e-09	2.39138e-10	1342221.0	1342221.0										-1.3599999999997295e-07	1.3599999999997295e-07
2.0	0.16	6.456193e-05	6.456193e-05	5.507571e-10	3.845693e-09	3.845693e-09	2.193331e-10	1342222.0	1342222.0										-1.9075000000021158e-07	1.9075000000021158e-07
2.0	0.18	6.45579e-05	6.45579e-05	1.835756e-09	4.148483e-09	4.148483e-09	1.992545e-10	1342223.0	1342223.0										-1.057500000002827e-07	1.057500000002827e-07
2.0	0.2	6.45577e-05	6.45577e-05	6.928203e-10	4.451273e-09	4.451273e-09	2.122804e-10	1342223.0	1342223.0										-7.499999999977143e-08	7.499999999977143e-08
2.0	0.22	6.45549e-05	6.45549e-05	7.937254e-10	4.703997e-09	4.703997e-09	2.362605e-10	1342224.0	1342224.0										-6.499999999983082e-08	6.499999999983082e-08
2.0	0.24	6.45551e-05	6.45551e-05	4.358899e-10	5.05686e-09	5.05686e-09	2.291986e-10	1342224.0	1342224.0										2.4250000000029456e-08	2.4250000000029456e-08
2.0	0.26	6.455587e-05	6.455587e-05	2.081666e-10	5.33541e-09	5.33541e-09	2.297279e-10	1342225.0	1342225.0										1.124999999999824e-07	1.124999999999824e-07
2.0	0.28	6.45596e-05	6.45596e-05	6.082763e-10	5.68787e-09	5.68787e-09	2.693433e-10	1342226.0	1342226.0										1.025000000000418e-07	1.025000000000418e-07
2.0	0.3	6.455997e-05	6.455997e-05	3.785939e-10	6.046693e-09	6.046693e-09	2.550681e-10	1342226.0	1342226.0										9.074999999972126e-08	9.074999999972126e-08
2.0	0.32	6.456323e-05	6.456323e-05	1.386843e-09	6.4075e-09	6.4075e-09	2.673153e-10	1342227.0	1342227.0										2.1074999999987597e-07	2.1074999999987597e-07
2.0	0.34	6.45684e-05	6.45684e-05	9.539392e-10	6.825527e-09	6.825527e-09	2.545098e-10	1342228.0	1342228.0										2.2350000000010382e-07	2.2350000000010382e-07
2.0	0.36	6.457217e-05	6.457217e-05	1.02632e-09	7.25786e-09	7.25786e-09	2.742845e-10	1342228.0	1342228.0										1.792499999999763e-07	1.792499999999763e-07
2.0	0.38	6.457557e-05	6.457557e-05	9.865766e-10	7.752577e-09	7.752577e-09	2.867349e-10	1342229.0	1342229.0										1.6824999999991153e-07	1.6824999999991153e-07
2.0	0.4	6.45789e-05	6.45789e-05	7.549834e-10	8.253653e-09	8.253653e-09	3.203078e-10	1342229.0	1342229.0										1.2825000000014908e-07	1.2825000000014908e-07
2.0	0.42	6.45807e-05	6.45807e-05	5.567764e-10	8.838177e-09	8.838177e-09	2.72444e-10	1342230.0	1342230.0										1.5574999999998576e-07	1.5574999999998576e-07
2.0	0.44	6.458513e-05	6.458513e-05	3.05505e-10	9.458463e-09	9.458463e-09	3.409357e-10	1342231.0	1342231.0										2.949999999999828e-07	2.949999999999828e-07
2.0	0.46	6.45925e-05	6.45925e-05	4.358899e-10	1.023134e-08	1.023134e-08	3.33284e-10	1342231.0	1342231.0										3.2850000000013077e-07	3.2850000000013077e-07
2.0	0.48	6.459827e-05	6.459827e-05	1.289703e-09	1.10515e-08	1.10515e-08	3.61828e-10	1342232.0	1342232.0										3.467499999998489e-07	3.467499999998489e-07
2.0	0.5	6.460637e-05	6.460637e-05	1.305118e-09	1.209417e-08	1.209417e-08	3.43146e-10	1342232.0	1342232.0										4.007499999998318e-07	4.007499999998318e-07
2.0	0.52	6.46143e-05	6.46143e-05	1.374773e-09	1.333873e-08	1.333873e-08	3.695602e-10	1342233.0	1342233.0										4.024999999999949e-07	4.024999999999949e-07
2.0	0.54	6.462247e-05	6.462247e-05	8.082904e-10	1.405677e-08	1.405677e-08	5.547793e-10	1342234.0	1342234.0										3.417500000003123e-07	3.417500000003123e-07
2.0	0.56	6.462797e-05	6.462797e-05	6.658328e-10	1.61493e-08	1.61493e-08	3.421253e-10	1342234.0	1342234.0										2.715000000002091e-07	2.715000000002091e-07
2.0	0.58	6.463333e-05	6.463333e-05	3.511885e-10	1.837373e-08	1.837373e-08	3.960931e-10	1342235.0	1342235.0										2.682499999997513e-07	2.682499999997513e-07
2.0	0.6	6.46387e-05	6.46387e-05	8.185353e-10	2.09006e-08	2.09006e-08	4.001311e-10	1342236.0	1342236.0											
2.0	0.58	6.462523e-05	6.462523e-05	6.027714e-10	1.212e-08	1.212e-08	5.989098e-11	1342236.0	1342236.0										4.6999999999981085e-07	4.6999999999981085e-07
2.0	0.56	6.46199e-05	6.46199e-05	7.211103e-10	7.332563e-09	7.332563e-09	1.471118e-10	1342237.0	1342237.0										4.225000000003098e-07	4.225000000003098e-07
2.0	0.54	6.460833e-05	6.460833e-05	8.082904e-10	4.03126e-09	4.03126e-09	1.700256e-10	1342237.0	1342237.0										4.72499999999796e-07	4.72499999999796e-07
2.0	0.52	6.4601e-05	6.4601e-05	1.113553e-09	1.594623e-09	1.594623e-09	2.178761e-10	1342238.0	1342238.0										4.114999999998113e-07	4.114999999998113e-07
2.0	0.5	6.459187e-05	6.459187e-05	4.041452e-10	-4.08093e-10	4.08093e-10	1.780344e-10	1342239.0	1342239.0										5.100000000002238e-07	5.100000000002238e-07
2.0	0.48	6.45806e-05	6.45806e-05	1e-10	-1.859663e-09	1.859663e-09	2.272772e-10	1342239.0	1342239.0										4.774999999997663e-07	4.774999999997663e-07
2.0	0.46	6.457277e-05	6.457277e-05	5.033223e-10	-3.109377e-09	3.109377e-09	2.11324e-10	1342240.0	1342240.0										3.707499999997931e-07	3.707499999997931e-07
2.0	0.44	6.456577e-05	6.456577e-05	9.291573e-10	-4.14888e-09	4.14888e-09	2.34849e-10	1342240.0	1342240.0										3.8600000000022297e-07	3.8600000000022297e-07
2.0	0.42	6.455733e-05	6.455733e-05	9.712535e-10	-5.013547e-09	5.013547e-09	2.352086e-10	1342241.0	1342241.0										3.184999999999733e-07	3.184999999999733e-07
2.0	0.4	6.455303e-05	6.455303e-05	9.237604e-10	-5.79834e-09	5.79834e-09	2.37261e-10	1342242.0	1342242.0										3.1249999999987885e-07	3.1249999999987885e-07
2.0	0.38	6.454483e-05	6.454483e-05	4.932883e-10	-6.454787e-09	6.454787e-09	1.956211e-10	1342242.0	1342242.0										3.782499999999654e-07	3.782499999999654e-07
2.0	0.36	6.45379e-05	6.45379e-05	5e-10	-6.98924e-09	6.98924e-09	2.490319e-10	1342243.0	1342243.0										3.4749999999988783e-07	3.4749999999988783e-07
2.0	0.34	6.453093e-05	6.453093e-05	1.159023e-09	-7.360777e-09	7.360777e-09	2.325251e-10	1342243.0	1342243.0										3.317500000003717e-07	3.317500000003717e-07
2.0	0.32	6.452463e-05	6.452463e-05	8.326664e-10	-7.768073e-09	7.768073e-09	2.300914e-10	1342244.0	1342244.0										3.265000000000993e-07	3.265000000000993e-07
2.0	0.3	6.451787e-05	6.451787e-05	1.556706e-09	-8.095903e-09	8.095903e-09	2.397088e-10	1342245.0	1342245.0										3.774999999999265e-07	3.774999999999265e-07
2.0	0.28	6.450953e-05	6.450953e-05	6.506407e-10	-8.365313e-09	8.365313e-09	2.427425e-10	1342245.0	1342245.0										2.367500000000685e-07	2.367500000000685e-07
2.0	0.26	6.45084e-05	6.45084e-05	3e-10	-8.64029e-09	8.64029e-09	2.398323e-10	1342246.0	1342246.0										1.0399999999990278e-07	1.0399999999990278e-07
2.0	0.24	6.450537e-05	6.450537e-05	4.041452e-10	-8.782547e-09	8.782547e-09	2.325049e-10	1342247.0	1342247.0										1.217499999998841e-07	1.217499999998841e-07
2.0	0.22	6.450353e-05	6.450353e-05	1.150362e-09	-8.92679e-09	8.92679e-09	2.367072e-10	1342247.0	1342247.0										2.1100000000017806e-07	2.1100000000017806e-07
2.0	0.2	6.449693e-05	6.449693e-05	4.932883e-10	-9.014207e-09	9.014207e-09	2.03432e-10	1342248.0	1342248.0										1.8575000000024128e-07	1.8575000000024128e-07
2.0	0.18	6.44961e-05	6.44961e-05	5e-10	-9.053547e-09	9.053547e-09	2.417002e-10	1342248.0	1342248.0										4.824999999997366e-08	4.824999999997366e-08
2.0	0.16	6.4495e-05	6.4495e-05	7.549834e-10	-8.66612e-09	8.66612e-09	3.193869e-10	1342249.0	1342249.0										-1.1750000000103691e-08	1.1750000000103691e-08
2.0	0.14	6.449657e-05	6.449657e-05	7.371115e-10	-8.901753e-09	8.901753e-09	2.1759e-10	1342250.0	1342250.0										4.000000000019613e-08	4.000000000019613e-08
2.0	0.12	6.44934e-05	6.44934e-05	3.605551e-10	-8.980037e-09	8.980037e-09	2.13475e-10	1342250.0	1342250.0										5.249999999990505e-08	5.249999999990505e-08
2.0	0.1	6.449447e-05	6.449447e-05	1.501111e-09	-9.016193e-09	9.016193e-09	2.104816e-10	1342251.0	1342251.0										-1.4250000000002108e-07	1.4250000000002108e-07
2.0	0.08	6.44991e-05	6.44991e-05	7.81025e-10	-9.04759e-09	9.04759e-09	2.163981e-10	1342252.0	1342252.0										-2.6074999999979587e-07	2.6074999999979587e-07
2.0	0.06	6.45049e-05	6.45049e-05	5e-10	-9.05315e-09	9.05315e-09	2.072214e-10	1342252.0	1342252.0										-2.249999999999648e-07	2.249999999999648e-07
2.0	0.04	6.45081e-05	6.45081e-05	3.464102e-10	-9.010233e-09	9.010233e-09	2.212101e-10	1342253.0	1342253.0										-2.9250000000021446e-07	2.9250000000021446e-07
2.0	0.02	6.45166e-05	6.45166e-05	2.645751e-10	-8.99355e-09	8.99355e-09	1.863327e-10	1342253.0	1342253.0										-3.717499999999173e-07	3.717499999999173e-07
2.0	0.0	6.452297e-05	6.452297e-05	3.05505e-10	-8.974077e-09	8.974077e-09	1.911488e-10	1342254.0	1342254.0										-3.4324999999995644e-07	3.4324999999995644e-07
2.0	-0.02	6.453033e-05	6.453033e-05	6.806859e-10	-8.924007e-09	8.924007e-09	1.539653e-10	1342255.0	1342255.0										-4.574999999998851e-07	4.574999999998851e-07
2.0	-0.04	6.454127e-05	6.454127e-05	6.806859e-10	-8.914073e-09	8.914073e-09	2.140599e-10	1342255.0	1342255.0										-6.050000000000933e-07	6.050000000000933e-07
2.0	-0.06	6.455453e-05	6.455453e-05	1.040833e-09	-8.88586e-09	8.88586e-09	1.700787e-10	1342256.0	1342256.0										-6.41500000000397e-07	6.41500000000397e-07
2.0	-0.08	6.456693e-05	6.456693e-05	8.621678e-10	-8.886653e-09	8.886653e-09	1.621966e-10	1342256.0	1342256.0										-6.060000000000006e-07	6.060000000000006e-07
2.0	-0.1	6.457877e-05	6.457877e-05	1.096966e-09	-8.904937e-09	8.904937e-09	1.853729e-10	1342257.0	1342257.0										-6.617499999999298e-07	6.617499999999298e-07
2.0	-0.12	6.45934e-05	6.45934e-05	1.652271e-09	-8.895793e-09	8.895793e-09	1.535569e-10	1342258.0	1342258.0										-8.457499999997911e-07	8.457499999997911e-07
2.0	-0.14	6.46126e-05	6.46126e-05	6.082763e-10	-8.956987e-09	8.956987e-09	1.824225e-10	1342258.0	1342258.0										-9.400000000000554e-07	9.400000000000554e-07
2.0	-0.16	6.4631e-05	6.4631e-05	4.582576e-10	-8.94507e-09	8.94507e-09	1.847112e-10	1342259.0	1342259.0										-1.0792500000000524e-06	1.0792500000000524e-06
2.0	-0.18	6.465577e-05	6.465577e-05	6.658328e-10	-9.06388e-09	9.06388e-09	1.730156e-10	1342259.0	1342259.0										-1.142499999999937e-06	1.142499999999937e-06
2.0	-0.2	6.46767e-05	6.46767e-05	1e-10	-9.12825e-09	9.12825e-09	1.5066e-10	1342260.0	1342260.0										-1.215749999999979e-06	1.215749999999979e-06
2.0	-0.22	6.47044e-05	6.47044e-05	5.567764e-10	-9.255807e-09	9.255807e-09	1.524645e-10	1342261.0	1342261.0										-1.4150000000000534e-06	1.4150000000000534e-06
2.0	-0.24	6.47333e-05	6.47333e-05	4.358899e-10	-9.4072e-09	9.4072e-09	1.574357e-10	1342261.0	1342261.0										-1.4850000000002882e-06	1.4850000000002882e-06
2.0	-0.26	6.47638e-05	6.47638e-05	2.645751e-10	-9.580453e-09	9.580453e-09	1.943455e-10	1342262.0	1342262.0										-1.509249999999884e-06	1.509249999999884e-06
2.0	-0.28	6.479367e-05	6.479367e-05	3.05505e-10	-9.774763e-09	9.774763e-09	1.939719e-10	1342263.0	1342263.0										-1.530000000000021e-06	1.530000000000021e-06
2.0	-0.3	6.4825e-05	6.4825e-05	1.907878e-09	-9.995287e-09	9.995287e-09	1.901203e-10	1342263.0	1342263.0										-1.655000000000146e-06	1.655000000000146e-06
2.0	-0.32	6.485987e-05	6.485987e-05	5.507571e-10	-1.018045e-08	1.018045e-08	1.901499e-10	1342264.0	1342264.0										-1.7849999999998076e-06	1.7849999999998076e-06
2.0	-0.34	6.48964e-05	6.48964e-05	4.358899e-10	-1.01002e-08	1.01002e-08	2.926012e-10	1342264.0	1342264.0										-1.7989999999995943e-06	1.7989999999995943e-06
2.0	-0.36	6.493183e-05	6.493183e-05	9.504385e-10	-1.060443e-08	1.060443e-08	2.032992e-10	1342265.0	1342265.0										-1.7725000000000986e-06	1.7725000000000986e-06
2.0	-0.38	6.49673e-05	6.49673e-05	7.211103e-10	-1.106023e-08	1.106023e-08	2.021232e-10	1342266.0	1342266.0										-1.8309999999998813e-06	1.8309999999998813e-06
2.0	-0.4	6.500507e-05	6.500507e-05	5.131601e-10	-1.152e-08	1.152e-08	2.201754e-10	1342266.0	1342266.0										-1.984999999999704e-06	1.984999999999704e-06
2.0	-0.42	6.50467e-05	6.50467e-05	1.997498e-09	-1.198927e-08	1.198927e-08	2.466894e-10	1342267.0	1342267.0										-2.0790000000003167e-06	2.0790000000003167e-06
2.0	-0.44	6.508823e-05	6.508823e-05	4.041452e-10	-1.251023e-08	1.251023e-08	2.437902e-10	1342268.0	1342268.0										-2.0142500000001375e-06	2.0142500000001375e-06
2.0	-0.46	6.512727e-05	6.512727e-05	6.506407e-10	-1.311023e-08	1.311023e-08	2.399582e-10	1342268.0	1342268.0										-2.0699999999998497e-06	2.0699999999998497e-06
2.0	-0.48	6.517103e-05	6.517103e-05	5.859465e-10	-1.374287e-08	1.374287e-08	2.443822e-10	1342269.0	1342269.0										-2.1575000000004143e-06	2.1575000000004143e-06
2.0	-0.5	6.521357e-05	6.521357e-05	1.955335e-09	-1.447957e-08	1.447957e-08	2.552036e-10	1342269.0	1342269.0										-2.1192499999999476e-06	2.1192499999999476e-06
2.0	-0.52	6.52558e-05	6.52558e-05	3.605551e-10	-1.53486e-08	1.53486e-08	2.785164e-10	1342270.0	1342270.0										-2.0415000000003226e-06	2.0415000000003226e-06
2.0	-0.54	6.529523e-05	6.529523e-05	8.082904e-10	-1.628677e-08	1.628677e-08	2.938841e-10	1342271.0	1342271.0										-1.8882499999998883e-06	1.8882499999998883e-06
2.0	-0.56	6.533133e-05	6.533133e-05	9.712535e-10	-1.731793e-08	1.731793e-08	3.115662e-10	1342271.0	1342271.0										-1.7185000000001158e-06	1.7185000000001158e-06
2.0	-0.58	6.536397e-05	6.536397e-05	8.082904e-10	-1.847747e-08	1.847747e-08	3.29963e-10	1342272.0	1342272.0										-1.7110000000001603e-06	1.7110000000001603e-06
2.0	-0.6	6.539977e-05	6.539977e-05	6.658328e-10	-1.972317e-08	1.972317e-08	3.591798e-10	1342272.0	1342272.0										-1.7899999999998575e-06	1.7899999999998575e-06
